structure(list(period_id = c("1995Q1", "1995Q2", "1995Q3", "1995Q4", 
"1996Q1", "1996Q2", "1996Q3", "1996Q4", "1997Q1", "1997Q2", "1997Q3", 
"1997Q4", "1998Q1", "1998Q2", "1998Q3", "1998Q4", "1999Q1", "1999Q2", 
"1999Q3", "1999Q4", "2000Q1", "2000Q2", "2000Q3", "2000Q4", "2001Q1", 
"2001Q2", "2001Q3", "2001Q4", "2002Q1", "2002Q2", "2002Q3", "2002Q4", 
"2003Q1", "2003Q2", "2003Q3", "2003Q4", "2004Q1", "2004Q2", "2004Q3", 
"2004Q4", "2005Q1", "2005Q2", "2005Q3", "2005Q4", "2006Q1", "2006Q2", 
"2006Q3", "2006Q4", "2007Q1", "2007Q2", "2007Q3", "2007Q4", "2008Q1", 
"2008Q2", "2008Q3", "2008Q4", "2009Q1", "2009Q2", "2009Q3", "2009Q4", 
"2010Q1", "2010Q2", "2010Q3", "2010Q4", "2011Q1", "2011Q2", "2011Q3", 
"2011Q4", "2012Q1", "2012Q2", "2012Q3", "2012Q4", "2013Q1", "2013Q2", 
"2013Q3", "2013Q4", "2014Q1", "2014Q2", "2014Q3", "2014Q4", "2015Q1", 
"2015Q2", "2015Q3", "2015Q4", "2016Q1", "2016Q2", "2016Q3", "2016Q4", 
"2017Q1", "2017Q2", "2017Q3", "2017Q4", "2018Q1", "2018Q2", "2018Q3", 
"2018Q4", "2019Q1", "2019Q2", "2019Q3", "2019Q4", "2020Q1", "2020Q2", 
"2020Q3", "2020Q4", "2021Q1", "2021Q2", "2021Q3", "2021Q4", "2022Q1", 
"2022Q2", "2022Q3", "2022Q4", "2023Q1", "2023Q2", "2023Q3", "2023Q4", 
"2024Q1", "2024Q2", "2024Q3", "2024Q4"), value = c(0x1.70a3d70a3d70ap+0, 
0x1.747ae147ae148p+0, 0x1.73b645a1cac08p+0, 0x1.7a1cac083126fp+0, 
0x1.789374bc6a7fp+0, 0x1.7d2f1a9fbe76dp+0, 0x1.8e978d4fdf3b6p+0, 
0x1.a2d0e56041893p+0, 0x1.b53f7ced91687p+0, 0x1.d22d0e5604189p+0, 
0x1.e9fbe76c8b439p+0, 0x1.fba5e353f7ceep+0, 0x1.010624dd2f1aap+1, 
0x1.095810624dd2fp+1, 0x1.1189374bc6a7fp+1, 0x1.17ced916872bp+1, 
0x1.24dd2f1a9fbe7p+1, 0x1.2e978d4fdf3b6p+1, 0x1.35604189374bcp+1, 
0x1.3f3b645a1cac1p+1, 0x1.4cccccccccccdp+1, 0x1.4df3b645a1cacp+1, 
0x1.5be76c8b43958p+1, 0x1.672b020c49ba6p+1, 0x1.7083126e978d5p+1, 
0x1.7e978d4fdf3b6p+1, 0x1.851eb851eb852p+1, 0x1.8dd2f1a9fbe77p+1, 
0x1.9851eb851eb85p+1, 0x1.a3f7ced916873p+1, 0x1.af1a9fbe76c8bp+1, 
0x1.bb645a1cac083p+1, 0x1.c6a7ef9db22d1p+1, 0x1.d374bc6a7ef9ep+1, 
0x1.e189374bc6a7fp+1, 0x1.e5c28f5c28f5cp+1, 0x1.eb851eb851eb8p+1, 
0x1.d74bc6a7ef9dbp+1, 0x1.d26e978d4fdf4p+1, 0x1.d7ced916872bp+1, 
0x1.e1cac083126e9p+1, 0x1.e851eb851eb85p+1, 0x1.f666666666666p+1, 
0x1.ffdf3b645a1cbp+1, 0x1.0604189374bc7p+2, 0x1.0f4bc6a7ef9dbp+2, 
0x1.1645a1cac0831p+2, 0x1.2051eb851eb85p+2, 0x1.28e5604189375p+2, 
0x1.2d3f7ced91687p+2, 0x1.31fbe76c8b439p+2, 0x1.38c49ba5e353fp+2, 
0x1.419999999999ap+2, 0x1.4e04189374bc7p+2, 0x1.58b4395810625p+2, 
0x1.5ec8b43958106p+2, 0x1.6083126e978d5p+2, 0x1.60c49ba5e353fp+2, 
0x1.61a9fbe76c8b4p+2, 0x1.629fbe76c8b44p+2, 0x1.61ba5e353f7cfp+2, 
0x1.620c49ba5e354p+2, 0x1.62d0e56041893p+2, 0x1.622d0e5604189p+2, 
0x1.5d3f7ced91687p+2, 0x1.5a4dd2f1a9fbep+2, 0x1.5645a1cac0831p+2, 
0x1.51a9fbe76c8b4p+2, 0x1.53020c49ba5e3p+2, 0x1.510624dd2f1aap+2, 
0x1.534395810624ep+2, 0x1.55b22d0e56042p+2, 0x1.5624dd2f1a9fcp+2, 
0x1.57ae147ae147bp+2, 0x1.55916872b020cp+2, 0x1.55a1cac083127p+2, 
0x1.55b22d0e56042p+2, 0x1.56f9db22d0e56p+2, 0x1.5ad0e56041893p+2, 
0x1.5de353f7ced91p+2, 0x1.5d916872b020cp+2, 0x1.5d70a3d70a3d7p+2, 
0x1.5cdd2f1a9fbe7p+2, 0x1.5d2f1a9fbe76dp+2, 0x1.6333333333333p+2, 
0x1.6a4dd2f1a9fbep+2, 0x1.7010624dd2f1bp+2, 0x1.77be76c8b4396p+2, 
0x1.7f3b645a1cac1p+2, 0x1.85a1cac083127p+2, 0x1.8dd2f1a9fbe77p+2, 
0x1.970a3d70a3d71p+2, 0x1.9ad0e56041893p+2, 0x1.a1eb851eb851fp+2, 
0x1.a570a3d70a3d7p+2, 0x1.a8f5c28f5c28fp+2, 0x1.aea7ef9db22d1p+2, 
0x1.b322d0e560419p+2, 0x1.b7ef9db22d0e5p+2, 0x1.be66666666666p+2, 
0x1.c52f1a9fbe76dp+2, 0x1.c3851eb851eb8p+2, 0x1.c676c8b439581p+2, 
0x1.c99999999999ap+2, 0x1.cee978d4fdf3bp+2, 0x1.d3a5e353f7ceep+2, 
0x1.dc189374bc6a8p+2, 0x1.df3b645a1cac1p+2, 0x1.e676c8b439581p+2, 
0x1.ee978d4fdf3b6p+2, 0x1.f46a7ef9db22dp+2, 0x1.f989374bc6a7fp+2, 
0x1.fb851eb851eb8p+2, 0x1.00f5c28f5c28fp+3, 0x1.0526e978d4fdfp+3, 
0x1.0a1cac083126fp+3, 0x1.feb851eb851ecp+2, 0x1.055810624dd2fp+3, 
0x1.08ccccccccccdp+3, 0x1.0dd2f1a9fbe77p+3)), class = "data.frame", row.names = c(NA, 
-120L))
