structure(list(period_id = c("1995Q1", "1995Q2", "1995Q3", "1995Q4", 
"1996Q1", "1996Q2", "1996Q3", "1996Q4", "1997Q1", "1997Q2", "1997Q3", 
"1997Q4", "1998Q1", "1998Q2", "1998Q3", "1998Q4", "1999Q1", "1999Q2", 
"1999Q3", "1999Q4", "2000Q1", "2000Q2", "2000Q3", "2000Q4", "2001Q1", 
"2001Q2", "2001Q3", "2001Q4", "2002Q1", "2002Q2", "2002Q3", "2002Q4", 
"2003Q1", "2003Q2", "2003Q3", "2003Q4", "2004Q1", "2004Q2", "2004Q3", 
"2004Q4", "2005Q1", "2005Q2", "2005Q3", "2005Q4", "2006Q1", "2006Q2", 
"2006Q3", "2006Q4", "2007Q1", "2007Q2", "2007Q3", "2007Q4", "2008Q1", 
"2008Q2", "2008Q3", "2008Q4", "2009Q1", "2009Q2", "2009Q3", "2009Q4", 
"2010Q1", "2010Q2", "2010Q3", "2010Q4", "2011Q1", "2011Q2", "2011Q3", 
"2011Q4", "2012Q1", "2012Q2", "2012Q3", "2012Q4", "2013Q1", "2013Q2", 
"2013Q3", "2013Q4", "2014Q1", "2014Q2", "2014Q3", "2014Q4", "2015Q1", 
"2015Q2", "2015Q3", "2015Q4", "2016Q1", "2016Q2", "2016Q3", "2016Q4", 
"2017Q1", "2017Q2", "2017Q3", "2017Q4", "2018Q1", "2018Q2", "2018Q3", 
"2018Q4", "2019Q1", "2019Q2", "2019Q3", "2019Q4", "2020Q1", "2020Q2", 
"2020Q3", "2020Q4", "2021Q1", "2021Q2", "2021Q3", "2021Q4", "2022Q1", 
"2022Q2", "2022Q3", "2022Q4", "2023Q1", "2023Q2", "2023Q3", "2023Q4", 
"2024Q1", "2024Q2", "2024Q3", "2024Q4", "2025Q1", "2025Q2"), 
    value = c(NA, NA, NA, NA, 0x1.20b5bea704bc2p+11, 0x1.2892057d1782dp+11, 
    0x1.2bff412f09d8cp+11, 0x1.2d5f808205ff2p+11, 0x1.35f2ccc037931p+11, 
    0x1.536c5ec1c1d6dp+11, 0x1.4eb2e51d25aabp+11, 0x1.542315011904bp+11, 
    0x1.6a7ebe09bb6aap+11, 0x1.6232df30e7ff6p+11, 0x1.6b404ae429e0ap+11, 
    0x1.7ac453e4ef028p+11, 0x1.74ed8d045fe11p+11, 0x1.a8dcbba3443d4p+11, 
    0x1.773ada921ccd9p+11, 0x1.9683d38ac18f8p+11, 0x1.9ff2b69552e3p+11, 
    0x1.9f7529f383f0cp+11, 0x1.b0b2b6d43d039p+11, 0x1.a60c973d9ec7p+11, 
    0x1.b03f5d00f776cp+11, 0x1.b0bbc996b7671p+11, 0x1.bbad3506dd69dp+11, 
    0x1.b659c434e336ap+11, 0x1.c30499ce075f7p+11, 0x1.c7aff2778140ep+11, 
    0x1.d288a5b530cedp+11, 0x1.d7669ac79702ep+11, 0x1.da788ec95bffp+11, 
    0x1.e4294330d7386p+11, 0x1.f5997bc7f77afp+11, 0x1.f756757d5a9ebp+11, 
    0x1.02c0a647fdc59p+12, 0x1.1c4b28f08462p+12, 0x1.1e45e2d0e5604p+12, 
    0x1.20b03a92a3055p+12, 0x1.1c1468cbd1245p+12, 0x1.244ebee9142b3p+12, 
    0x1.2f91d89ce4a7bp+12, 0x1.40d96f78feef6p+12, 0x1.473a342784a94p+12, 
    0x1.46027a6ce3583p+12, 0x1.4f128ecb74dep+12, 0x1.69fbe719b4dcfp+12, 
    0x1.7db3b4373f317p+12, 0x1.83c6804102ff9p+12, 0x1.94e397cb2d906p+12, 
    0x1.964f111f0c34cp+12, 0x1.a1bd337b8d3f2p+12, 0x1.aa00881908e58p+12, 
    0x1.a5ec2be7afa72p+12, 0x1.7da3ca1272c95p+12, 0x1.4672163dc486bp+12, 
    0x1.43b5b07f23cc9p+12, 0x1.5a68694573a79p+12, 0x1.5a0e818611fd6p+12, 
    0x1.570ed728a6117p+12, 0x1.62f82030c23fbp+12, 0x1.6a2133d3a1d32p+12, 
    0x1.70dbf3365881ap+12, 0x1.722b25460aa65p+12, 0x1.77977b9cf9a07p+12, 
    0x1.8179512ec6bcfp+12, 0x1.769733764f11bp+12, 0x1.732146950fc72p+12, 
    0x1.7092188094e5dp+12, 0x1.6d43c08637bdp+12, 0x1.6ea38de7ea5f8p+12, 
    0x1.70927ee3d5fddp+12, 0x1.74136b4202d9dp+12, 0x1.7375fd5dc4007p+12, 
    0x1.7d667688bda94p+12, 0x1.7c4200e5a35d6p+12, 0x1.7d7265edd0529p+12, 
    0x1.864c66809d495p+12, 0x1.891a08301a7ap+12, 0x1.8eb8077ab3248p+12, 
    0x1.925e1d8f92afap+12, 0x1.973e8621b7e0bp+12, 0x1.960c3c7a3982p+12, 
    0x1.a9eb57bb73083p+12, 0x1.ab620a19c9d5ap+12, 0x1.b3da8d0678cp+12, 
    0x1.bff478cc9a77ep+12, 0x1.cd6516aad1d04p+12, 0x1.d95b12bd3c361p+12, 
    0x1.e7d96e1262025p+12, 0x1.fbe3a97f1f9adp+12, 0x1.fc5ffebf22c02p+12, 
    0x1.02884343b70efp+13, 0x1.00760a2db61bbp+13, 0x1.0ae71ead4f59p+13, 
    0x1.0dd864ece9a2cp+13, 0x1.10071c4da9004p+13, 0x1.11d2b1372a38cp+13, 
    0x1.0a4fa47021d11p+13, 0x1.08df5fb0d51f8p+13, 0x1.a2df0f1f57b42p+12, 
    0x1.df15acaab8a5dp+12, 0x1.00ae98d92fb1ap+13, 0x1.0bbae1b2a27f2p+13, 
    0x1.19420685db76bp+13, 0x1.1ee4b79e16d6ep+13, 0x1.2fe617d3910c3p+13, 
    0x1.34e5204af9229p+13, 0x1.390742db61bbp+13, 0x1.438a810b630a9p+13, 
    0x1.35f0cb9a176dep+13, 0x1.329de5974e65cp+13, 0x1.2e6c25d206c87p+13, 
    0x1.2497f8d823422p+13, 0x1.33686a2446306p+13, 0x1.3a63fae5796cp+13, 
    0x1.3cca62f405f6cp+13, 0x1.37e40091c0874p+13, 0x1.376514f3775b8p+13, 
    0x1.4427a669057d1p+13, 0x1.454f0915379fbp+13)), class = "data.frame", row.names = c(NA, 
-122L))
