structure(list(period_id = c("1995Q1", "1995Q2", "1995Q3", "1995Q4", 
"1996Q1", "1996Q2", "1996Q3", "1996Q4", "1997Q1", "1997Q2", "1997Q3", 
"1997Q4", "1998Q1", "1998Q2", "1998Q3", "1998Q4", "1999Q1", "1999Q2", 
"1999Q3", "1999Q4", "2000Q1", "2000Q2", "2000Q3", "2000Q4", "2001Q1", 
"2001Q2", "2001Q3", "2001Q4", "2002Q1", "2002Q2", "2002Q3", "2002Q4", 
"2003Q1", "2003Q2", "2003Q3", "2003Q4", "2004Q1", "2004Q2", "2004Q3", 
"2004Q4", "2005Q1", "2005Q2", "2005Q3", "2005Q4", "2006Q1", "2006Q2", 
"2006Q3", "2006Q4", "2007Q1", "2007Q2", "2007Q3", "2007Q4", "2008Q1", 
"2008Q2", "2008Q3", "2008Q4", "2009Q1", "2009Q2", "2009Q3", "2009Q4", 
"2010Q1", "2010Q2", "2010Q3", "2010Q4", "2011Q1", "2011Q2", "2011Q3", 
"2011Q4", "2012Q1", "2012Q2", "2012Q3", "2012Q4", "2013Q1", "2013Q2", 
"2013Q3", "2013Q4", "2014Q1", "2014Q2", "2014Q3", "2014Q4", "2015Q1", 
"2015Q2", "2015Q3", "2015Q4", "2016Q1", "2016Q2", "2016Q3", "2016Q4", 
"2017Q1", "2017Q2", "2017Q3", "2017Q4", "2018Q1", "2018Q2", "2018Q3", 
"2018Q4", "2019Q1", "2019Q2", "2019Q3", "2019Q4", "2020Q1", "2020Q2", 
"2020Q3", "2020Q4", "2021Q1", "2021Q2", "2021Q3", "2021Q4", "2022Q1", 
"2022Q2", "2022Q3", "2022Q4", "2023Q1", "2023Q2", "2023Q3", "2023Q4", 
"2024Q1", "2024Q2", "2024Q3", "2024Q4"), value = c(0x1.5931628cbd124p+8, 
0x1.6599a2834d27p+8, 0x1.726e28fe260b3p+8, 0x1.7ecf07bfe7e2p+8, 
0x1.8a5c156e264e5p+8, 0x1.9b10bf3bea91ep+8, 0x1.ad6b65dbfceb8p+8, 
0x1.bc6c44f1a1987p+8, 0x1.cba965d3996fbp+8, 0x1.de9780a9de8b4p+8, 
0x1.e5f15da272863p+8, 0x1.f39d1372a38b9p+8, 0x1.fbfc80b673c4fp+8, 
0x1.ff084a6223e18p+8, 0x1.04e839ffd60e9p+9, 0x1.0cf21de269164p+9, 
0x1.16bbd46b26bf8p+9, 0x1.23576a9c560c8p+9, 0x1.289ed3e920c07p+9, 
0x1.307381cf7878bp+9, 0x1.3b748d3ae685ep+9, 0x1.4839d72bcb5fep+9, 
0x1.598421101b003p+9, 0x1.631981f10668p+9, 0x1.75a8148ba83f5p+9, 
0x1.7c76c4ac6cdafp+9, 0x1.89dc8c2e770bdp+9, 0x1.9a730728e92d5p+9, 
0x1.9c6f41c8216c6p+9, 0x1.a805b549f9485p+9, 0x1.b158c729f59cdp+9, 
0x1.bab370f7b9e06p+9, 0x1.ce00b87379746p+9, 0x1.d2da31832fcadp+9, 
0x1.d8de6e6d9be4dp+9, 0x1.de51ed20296b3p+9, 0x1.e871394317accp+9, 
0x1.f2b849b1fab97p+9, 0x1.fe12fba01eeeep+9, 0x1.0350660e51d26p+10, 
0x1.04dd360d0247p+10, 0x1.0891a38759253p+10, 0x1.0d80364388ebdp+10, 
0x1.119f8ef77f28p+10, 0x1.12ea2157689cap+10, 0x1.15aabc7714339p+10, 
0x1.19a5203e63e8ep+10, 0x1.1ed2507a6bd6fp+10, 0x1.1fc1851eb851fp+10, 
0x1.2582694467382p+10, 0x1.292000b88ca3ep+10, 0x1.2c8c556d19dedp+10, 
0x1.35ba1971c10d8p+10, 0x1.3f39016052503p+10, 0x1.4853fba8826abp+10, 
0x1.50f775a74c09cp+10, 0x1.5192ac4f7ec35p+10, 0x1.59eab7cfe586p+10, 
0x1.548609203a323p+10, 0x1.57cad49949e88p+10, 0x1.5d43f5515054bp+10, 
0x1.5c1b47b677f6bp+10, 0x1.61cbc92ddbdb6p+10, 0x1.650892ff4ba52p+10, 
0x1.630a972474539p+10, 0x1.6180b07d0aedap+10, 0x1.6489a85caafbcp+10, 
0x1.66f677af64064p+10, 0x1.64b1f69014b5ap+10, 0x1.6263d9018e758p+10, 
0x1.5e56408d8ec96p+10, 0x1.583afb2aae297p+10, 0x1.578787b139c95p+10, 
0x1.544f8244e93e2p+10, 0x1.53195b8561d43p+10, 0x1.50b4a2163fdd6p+10, 
0x1.526faa0cae643p+10, 0x1.50403111f0c35p+10, 0x1.505fb9dc2f406p+10, 
0x1.5009dbdb5d895p+10, 0x1.4eedc77574f72p+10, 0x1.542afaf859429p+10, 
0x1.56852480e8c8bp+10, 0x1.5c16f290abb45p+10, 0x1.6586f6fd21ff3p+10, 
0x1.67dffad6cb535p+10, 0x1.6d06733ebbfd7p+10, 0x1.7155450acc0bep+10, 
0x1.73fac31593e6p+10, 0x1.78a56a1e81cb4p+10, 0x1.7f345fbb517a4p+10, 
0x1.871e4b2fa93afp+10, 0x1.890900d5e8d54p+10, 0x1.8ede50092ccf7p+10, 
0x1.950293d102bc7p+10, 0x1.99bd0114d2f5ep+10, 0x1.a51fc5a8155d6p+10, 
0x1.a9360e51d25abp+10, 0x1.b3057ff583a54p+10, 0x1.bcd2927913e81p+10, 
0x1.bd975ac471b48p+10, 0x1.d4bae07e5a78fp+10, 0x1.d4c1fb04ee7c5p+10, 
0x1.f6fa6de33269ep+10, 0x1.022fd39b88872p+11, 0x1.12a4a05ff1d82p+11, 
0x1.029c6ba27ae9bp+11, 0x1.ffceb6ed6777p+10, 0x1.052fd082cf52cp+11, 
0x1.05dc6c1e364bfp+11, 0x1.0a90f99c38b05p+11, 0x1.1621c9cb252cep+11, 
0x1.1b210129cbab6p+11, 0x1.24060fa15db34p+11, 0x1.294f482e019b1p+11, 
0x1.2bbaa0e842742p+11, 0x1.2d180eeae9ee4p+11, 0x1.304d5c5931ca8p+11, 
0x1.393fae3608d09p+11, 0x1.3d271fa54c554p+11)), class = "data.frame", row.names = c(NA, 
-120L))
