structure(list(period_id = c("1995", "1996", "1997", "1998", 
"1999", "2000", "2001", "2002", "2003", "2004", "2005", "2006", 
"2007", "2008", "2009", "2010", "2011", "2012", "2013", "2014", 
"2015", "2016", "2017", "2018", "2019", "2020", "2021", "2022", 
"2023"), value = c(-0x1.2e0069e7fb268p+4, -0x1.c885553ef6b5dp+3, 
-0x1.d8969a0ad8a11p+3, -0x1.f89917939a7c1p+2, -0x1.7a0fc2eba27afp+0, 
0x1.4f9e6ddf00abfp+4, 0x1.f262f33ca31e8p+6, 0x1.171054046412dp+7, 
0x1.ffa187e7c06e2p+6, 0x1.119917d6b65aap+6, 0x1.2ac493ea2d2fep+7, 
0x1.30d022bbecaacp+7, -0x1.674f10a99b6f6p+5, -0x1.5ffe9ab29e4d6p+6, 
-0x1.140e946801712p+6, -0x1.1eb192ea52ef9p+5, -0x1.b0d349be8ff32p+4, 
0x1.e711409a24031p+2, -0x1.45c5c78a6dacbp+3, -0x1.ace4bdba0a527p+4, 
-0x1.44f6e82949a56p+5, -0x1.8a74afd545415p+5, -0x1.2ac0d1b71758ep+5, 
-0x1.37a111ada76d9p+5, -0x1.0521858bc59b8p+6, -0x1.dfed634549b63p-2, 
-0x1.1487f455a7d24p+2, -0x1.2bcf49cf56eadp+7, -0x1.f19116a8b8f15p+6
)), class = "data.frame", row.names = c(NA, -29L))
