structure(list(period_id = c("1995Q1", "1995Q2", "1995Q3", "1995Q4", 
"1996Q1", "1996Q2", "1996Q3", "1996Q4", "1997Q1", "1997Q2", "1997Q3", 
"1997Q4", "1998Q1", "1998Q2", "1998Q3", "1998Q4", "1999Q1", "1999Q2", 
"1999Q3", "1999Q4", "2000Q1", "2000Q2", "2000Q3", "2000Q4", "2001Q1", 
"2001Q2", "2001Q3", "2001Q4", "2002Q1", "2002Q2", "2002Q3", "2002Q4", 
"2003Q1", "2003Q2", "2003Q3", "2003Q4", "2004Q1", "2004Q2", "2004Q3", 
"2004Q4", "2005Q1", "2005Q2", "2005Q3", "2005Q4", "2006Q1", "2006Q2", 
"2006Q3", "2006Q4", "2007Q1", "2007Q2", "2007Q3", "2007Q4", "2008Q1", 
"2008Q2", "2008Q3", "2008Q4", "2009Q1", "2009Q2", "2009Q3", "2009Q4", 
"2010Q1", "2010Q2", "2010Q3", "2010Q4", "2011Q1", "2011Q2", "2011Q3", 
"2011Q4", "2012Q1", "2012Q2", "2012Q3", "2012Q4", "2013Q1", "2013Q2", 
"2013Q3", "2013Q4", "2014Q1", "2014Q2", "2014Q3", "2014Q4", "2015Q1", 
"2015Q2", "2015Q3", "2015Q4", "2016Q1", "2016Q2", "2016Q3", "2016Q4", 
"2017Q1", "2017Q2", "2017Q3", "2017Q4", "2018Q1", "2018Q2", "2018Q3", 
"2018Q4", "2019Q1", "2019Q2", "2019Q3", "2019Q4", "2020Q1", "2020Q2", 
"2020Q3", "2020Q4", "2021Q1", "2021Q2", "2021Q3", "2021Q4", "2022Q1", 
"2022Q2", "2022Q3", "2022Q4", "2023Q1", "2023Q2", "2023Q3", "2023Q4", 
"2024Q1", "2024Q2", "2024Q3", "2024Q4", "2025Q1"), value = c(0x1.56896e158750cp+6, 
0x1.56002ababead5p+6, 0x1.692fea8112ba1p+6, 0x1.7c466772d5e07p+6, 
0x1.9b246e4c0df59p+6, 0x1.acf7c39368273p+6, 0x1.bfb8b2a6b0d95p+6, 
0x1.d237da61e0c5bp+6, 0x1.eef478c868bap+6, 0x1.0d0db1a6d699p+7, 
0x1.1db54ac29bf16p+7, 0x1.2e668dda48b65p+7, 0x1.2e5fb224aada3p+7, 
0x1.35f7ded6ba8c6p+7, 0x1.3afa00192a737p+7, 0x1.3e3ec2acb85a5p+7, 
0x1.4b2b3aabcd78cp+7, 0x1.5395538ac18f8p+7, 0x1.5c0528d002e23p+7, 
0x1.5c12d948dc11ep+7, 0x1.57937a5f41aefp+7, 0x1.556b79314445bp+7, 
0x1.4d9328b6d86ecp+7, 0x1.568855fbb517ap+7, 0x1.54e4d9c6b0532p+7, 
0x1.60076512a94ffp+7, 0x1.682a5b317efe1p+7, 0x1.60ebd3804534cp+7, 
0x1.6e9478a6dacacp+7, 0x1.6aaf8316a0557p+7, 0x1.5ff0737974602p+7, 
0x1.66415464dc22bp+7, 0x1.6527ddebd9019p+7, 0x1.636f97aaac109p+7, 
0x1.6859e731d2e0ep+7, 0x1.783fc69728a61p+7, 0x1.82341b54195cdp+7, 
0x1.98f870da5dafp+7, 0x1.c50c5308bb906p+7, 0x1.de5294bbe4474p+7, 
0x1.f07a122fad6cbp+7, 0x1.0c231348b2208p+8, 0x1.0e1285015c209p+8, 
0x1.1334199fe4367p+8, 0x1.20591e646f156p+8, 0x1.2b3fea8112ba1p+8, 
0x1.33057f4128bf4p+8, 0x1.4378b8e086bdfp+8, 0x1.4f5496787ce96p+8, 
0x1.596d21bc126a6p+8, 0x1.7cbf70de8f6cfp+8, 0x1.92502c0a4a05ep+8, 
0x1.af06bde3fbbd8p+8, 0x1.bf3558a761028p+8, 0x1.b1a46a1a500d6p+8, 
0x1.989c8c7192ea5p+8, 0x1.800f7c99ae925p+8, 0x1.5ff3ad5bee3d6p+8, 
0x1.4fd010c6f7a0bp+8, 0x1.3f1b2734f82f5p+8, 0x1.28dcc8259e1f4p+8, 
0x1.222cab92c0618p+8, 0x1.173445132f87bp+8, 0x1.0e984cdfaca36p+8, 
0x1.0da917f84449ep+8, 0x1.053afb7e90ff9p+8, 0x1.f694141e9af5cp+7, 
0x1.e8afbca1059eap+7, 0x1.dd1c0b567557ap+7, 0x1.c90829f16b11cp+7, 
0x1.c5313b7d84902p+7, 0x1.bdde6559f6ec6p+7, 0x1.b38eb9c304ccfp+7, 
0x1.b13607e5a78f2p+7, 0x1.ac92bb01c92dep+7, 0x1.a94b929ed3954p+7, 
0x1.9c0294dd72368p+7, 0x1.9a0fb8f57f738p+7, 0x1.9412ed1394318p+7, 
0x1.8d23e5753a3ecp+7, 0x1.9820811b1d92bp+7, 0x1.9be24df47f994p+7, 
0x1.9bd56191148fep+7, 0x1.a5cfc286f8ad2p+7, 0x1.9c0f25c3dee78p+7, 
0x1.a1139f77292c5p+7, 0x1.a4b927d45a5fcp+7, 0x1.a792f1a9fbe77p+7, 
0x1.b6f709741d085p+7, 0x1.bd0eb15f88fc9p+7, 0x1.c95a5accd5305p+7, 
0x1.d2024ce8101f3p+7, 0x1.c3e129670196ep+7, 0x1.d377036c9c0a9p+7, 
0x1.e36d1deefe5p+7, 0x1.f7fe82949a565p+7, 0x1.00e30728e92d5p+8, 
0x1.0c0d349be8ff3p+8, 0x1.08f8750c1b973p+8, 0x1.0a3f6b8f9b131p+8, 
0x1.1f00b13597918p+8, 0x1.eae954866a11fp+7, 0x1.07f1dd8f92afap+8, 
0x1.16b75d56f32bep+8, 0x1.21d359791819dp+8, 0x1.22fc806290eedp+8, 
0x1.3c1fc1eff9f88p+8, 0x1.6b18df58c08b7p+8, 0x1.79be6cf41f213p+8, 
0x1.8ef71800a7c5bp+8, 0x1.91931cfbb9496p+8, 0x1.9e108eef1bac3p+8, 
0x1.b3c96dd26b724p+8, 0x1.c643cfd4bf099p+8, 0x1.decae86c6583fp+8, 
0x1.f28cd03537197p+8, 0x1.ed98053e2d624p+8, 0x1.daa57b2031cebp+8, 
0x1.ca2667839cd81p+8, 0x1.bbfd7ba6698bbp+8, 0x1.b2e9f47f993d5p+8
)), class = "data.frame", row.names = c(NA, -121L))
