structure(list(period_id = c("1995Q1", "1995Q2", "1995Q3", "1995Q4", 
"1996Q1", "1996Q2", "1996Q3", "1996Q4", "1997Q1", "1997Q2", "1997Q3", 
"1997Q4", "1998Q1", "1998Q2", "1998Q3", "1998Q4", "1999Q1", "1999Q2", 
"1999Q3", "1999Q4", "2000Q1", "2000Q2", "2000Q3", "2000Q4", "2001Q1", 
"2001Q2", "2001Q3", "2001Q4", "2002Q1", "2002Q2", "2002Q3", "2002Q4", 
"2003Q1", "2003Q2", "2003Q3", "2003Q4", "2004Q1", "2004Q2", "2004Q3", 
"2004Q4", "2005Q1", "2005Q2", "2005Q3", "2005Q4", "2006Q1", "2006Q2", 
"2006Q3", "2006Q4", "2007Q1", "2007Q2", "2007Q3", "2007Q4", "2008Q1", 
"2008Q2", "2008Q3", "2008Q4", "2009Q1", "2009Q2", "2009Q3", "2009Q4", 
"2010Q1", "2010Q2", "2010Q3", "2010Q4", "2011Q1", "2011Q2", "2011Q3", 
"2011Q4", "2012Q1", "2012Q2", "2012Q3", "2012Q4", "2013Q1", "2013Q2", 
"2013Q3", "2013Q4", "2014Q1", "2014Q2", "2014Q3", "2014Q4", "2015Q1", 
"2015Q2", "2015Q3", "2015Q4", "2016Q1", "2016Q2", "2016Q3", "2016Q4", 
"2017Q1", "2017Q2", "2017Q3", "2017Q4", "2018Q1", "2018Q2", "2018Q3", 
"2018Q4", "2019Q1", "2019Q2", "2019Q3", "2019Q4", "2020Q1", "2020Q2", 
"2020Q3", "2020Q4", "2021Q1", "2021Q2", "2021Q3", "2021Q4", "2022Q1", 
"2022Q2", "2022Q3", "2022Q4", "2023Q1", "2023Q2", "2023Q3", "2023Q4", 
"2024Q1", "2024Q2", "2024Q3", "2024Q4"), value = c(0x1.e6d13b9f127f6p+6, 
0x1.f6c122fad6cb5p+6, 0x1.00dc814d7279ap+7, 0x1.1345cb5781c71p+7, 
0x1.2119276fb092p+7, 0x1.32d716b11c6d2p+7, 0x1.4f958a979e16dp+7, 
0x1.51838305d95ddp+7, 0x1.621fec99f1ae3p+7, 0x1.7ea50bb6ed677p+7, 
0x1.8210854cdb7aep+7, 0x1.8bcb7bf1e8e61p+7, 0x1.8e69d92b7fe09p+7, 
0x1.9a19ccb7d4174p+7, 0x1.a151b089a0275p+7, 0x1.c0306705c896ep+7, 
0x1.db31622813448p+7, 0x1.13dd15592d98cp+8, 0x1.f509888f861a6p+7, 
0x1.012e650614163p+8, 0x1.02ee186983516p+8, 0x1.043c95af294ddp+8, 
0x1.0c075dfeb8d82p+8, 0x1.0ed28e4fb97bbp+8, 0x1.166b52220bc38p+8, 
0x1.139df6555c52ep+8, 0x1.1b961b8ed1bf8p+8, 0x1.1d2fd75e2046cp+8, 
0x1.1f482235b4edbp+8, 0x1.2038afd545415p+8, 0x1.2beca88effe2ap+8, 
0x1.38463193f6c27p+8, 0x1.41d55171e29b7p+8, 0x1.54c3063e07a29p+8, 
0x1.51375c5b4aa97p+8, 0x1.573d245b291b8p+8, 0x1.602ec2ce46499p+8, 
0x1.5aa2413db7f17p+8, 0x1.7229a57646ae4p+8, 0x1.77418cf398e97p+8, 
0x1.845a3065f9592p+8, 0x1.9cfaa8650e779p+8, 0x1.96bb7403dddb1p+8, 
0x1.a0ad2dba4d6e4p+8, 0x1.a842b7baecd08p+8, 0x1.c2aa1b4bb5e0fp+8, 
0x1.eab2ce24bba13p+8, 0x1.0ecfca7d6733fp+9, 0x1.1695fb3743633p+9, 
0x1.2c1156c93a711p+9, 0x1.36120242d05f3p+9, 0x1.3f11563a9f384p+9, 
0x1.575888ce703bp+9, 0x1.5269c286f8ad2p+9, 0x1.5c1b53ac4f7ecp+9, 
0x1.4fd402ea960b7p+9, 0x1.49cd803cd141ap+9, 0x1.3e1ee69f05ea2p+9, 
0x1.29affd1569f49p+9, 0x1.18e198d8a979ep+9, 0x1.02c3e718a86d7p+9, 
0x1.f8e2630ec3116p+8, 0x1.e81ebc1eff9f8p+8, 0x1.d916936c58eebp+8, 
0x1.d32f7baecd078p+8, 0x1.c543202107b78p+8, 0x1.d62394d940789p+8, 
0x1.d0ee9de8b3b32p+8, 0x1.d4d7c3c5bd0e1p+8, 0x1.bfc67dbb16c1ep+8, 
0x1.c39f2d5e071c5p+8, 0x1.9ba8f1b25f634p+8, 0x1.8fa7fb58d1527p+8, 
0x1.7d85c9f72f76ep+8, 0x1.8e849107faa04p+8, 0x1.b126785b5b707p+8, 
0x1.baa71337eb28ep+8, 0x1.d3d72ba9d1f6p+8, 0x1.ced7ed30f062dp+8, 
0x1.b209f3f961805p+8, 0x1.bc231f46ed246p+8, 0x1.bc4631c64ba95p+8, 
0x1.b00aab68cef67p+8, 0x1.b3c8b8cfbfc65p+8, 0x1.9cd29fadafd11p+8, 
0x1.b4ef5675579afp+8, 0x1.c90e2413db7f1p+8, 0x1.c53127807789ap+8, 
0x1.d7d753c579f23p+8, 0x1.e41c3c9eecbfbp+8, 0x1.d7f02f837b4a2p+8, 
0x1.031ec9e236c16p+9, 0x1.fa2ce8858ff76p+8, 0x1.0e6e117720c8dp+9, 
0x1.254b739f340d5p+9, 0x1.296c21ea35936p+9, 0x1.341cbac710cb3p+9, 
0x1.39f83ff69014bp+9, 0x1.32331276fb092p+9, 0x1.35fc7e6b3feap+9, 
0x1.3ad43a109d063p+9, 0x1.1a301bc126a66p+9, 0x1.316d75afaf859p+9, 
0x1.439c5015c2092p+9, 0x1.4b440980b242p+9, 0x1.4f0606b7aa25ep+9, 
0x1.5cac8262456f7p+9, 0x1.7202a86d71f36p+9, 0x1.8b94f3cb3e575p+9, 
0x1.9f657abb8800fp+9, 0x1.aa6d089a02752p+9, 0x1.c47052934acbp+9, 
0x1.dd532849cb253p+9, 0x1.f14eda09cc31ap+9, 0x1.f3b1b6aa4b988p+9, 
0x1.f8bf556084a51p+9, 0x1.fdc560d024702p+9, 0x1.f480e6f2e8c05p+9, 
0x1.dba03e29307afp+9, 0x1.07249dbec2481p+10)), class = "data.frame", row.names = c(NA, 
-120L))
