structure(list(period_id = c("1999Q1", "1999Q2", "1999Q3", "1999Q4", 
"2000Q1", "2000Q2", "2000Q3", "2000Q4", "2001Q1", "2001Q2", "2001Q3", 
"2001Q4", "2002Q1", "2002Q2", "2002Q3", "2002Q4", "2003Q1", "2003Q2", 
"2003Q3", "2003Q4", "2004Q1", "2004Q2", "2004Q3", "2004Q4", "2005Q1", 
"2005Q2", "2005Q3", "2005Q4", "2006Q1", "2006Q2", "2006Q3", "2006Q4", 
"2007Q1", "2007Q2", "2007Q3", "2007Q4", "2008Q1", "2008Q2", "2008Q3", 
"2008Q4", "2009Q1", "2009Q2", "2009Q3", "2009Q4", "2010Q1", "2010Q2", 
"2010Q3", "2010Q4", "2011Q1", "2011Q2", "2011Q3", "2011Q4", "2012Q1", 
"2012Q2", "2012Q3", "2012Q4", "2013Q1", "2013Q2", "2013Q3", "2013Q4", 
"2014Q1", "2014Q2", "2014Q3", "2014Q4", "2015Q1", "2015Q2", "2015Q3", 
"2015Q4", "2016Q1", "2016Q2", "2016Q3", "2016Q4", "2017Q1", "2017Q2", 
"2017Q3", "2017Q4", "2018Q1", "2018Q2", "2018Q3", "2018Q4", "2019Q1", 
"2019Q2", "2019Q3", "2019Q4", "2020Q1", "2020Q2", "2020Q3", "2020Q4", 
"2021Q1", "2021Q2", "2021Q3", "2021Q4", "2022Q1", "2022Q2", "2022Q3", 
"2022Q4", "2023Q1", "2023Q2", "2023Q3", "2023Q4", "2024Q1", "2024Q2", 
"2024Q3"), value = c(0x1.3e470ad46f588p+9, 0x1.5e15a21ea3593p+9, 
0x1.5a3b21e603d57p+9, 0x1.77447dcbddb98p+9, 0x1.46bacd530489dp+9, 
0x1.77998e29f9ce9p+9, 0x1.698b6a9c560c8p+9, 0x1.85f89b7bf1e8ep+9, 
0x1.57fa444178705p+9, 0x1.9862dea033e79p+9, 0x1.910d27ed84d34p+9, 
0x1.c0e4ad81adea9p+9, 0x1.99d2f1348b22p+9, 0x1.c2a8ba8c58687p+9, 
0x1.cf244567125ddp+9, 0x1.f78490d5a5b96p+9, 0x1.ba75d4bf0995bp+9, 
0x1.f1538c32a8c9cp+9, 0x1.ff88da5daf07cp+9, 0x1.1547fe3f359ffp+10, 
0x1.d0669b0681238p+9, 0x1.0b3f389f83be6p+10, 0x1.11ea663c74fb5p+10, 
0x1.24e34545846e9p+10, 0x1.e42539e279dd4p+9, 0x1.1fffa6eb91b3fp+10, 
0x1.1af5d4bf0995bp+10, 0x1.343f63ed0f627p+10, 0x1.f95bacbc8c0cfp+9, 
0x1.284a831ad2136p+10, 0x1.2a4316d2aa5c6p+10, 0x1.41a0a4d6e47dcp+10, 
0x1.13cefa58f7122p+10, 0x1.4074265f0f5a1p+10, 0x1.47d0a497fa5d3p+10, 
0x1.555af4c6e6d9cp+10, 0x1.2760b990afe61p+10, 0x1.5ad053d640e9dp+10, 
0x1.5914f05ea24ccp+10, 0x1.4c49e81450efep+10, 0x1.11ae58e219653p+10, 
0x1.3ae85b8993922p+10, 0x1.44a8410b630a9p+10, 0x1.4332f06705c89p+10, 
0x1.160d378ee2867p+10, 0x1.4cf86c332f017p+10, 0x1.505dab1d4f9c2p+10, 
0x1.5f4177d955715p+10, 0x1.3481b59578a2bp+10, 0x1.4f8ce0bd44999p+10, 
0x1.4ec3dd00f776cp+10, 0x1.513c76683c298p+10, 0x1.38837a8d64d7fp+10, 
0x1.44cdcdd0d8cbp+10, 0x1.5a94a47ecfe9bp+10, 0x1.4ccf8bb0a2caap+10, 
0x1.2891f487fcb92p+10, 0x1.59dfef8055fbbp+10, 0x1.74cb64345cfeep+10, 
0x1.711c6466b1e5cp+10, 0x1.3664f605ab3abp+10, 0x1.5f317ef5a964fp+10, 
0x1.7a67a5ebb773ap+10, 0x1.844d55cd91eebp+10, 0x1.486954cdb7ae5p+10, 
0x1.729c325918a01p+10, 0x1.8337bef8ceb35p+10, 0x1.8896ddf00abf7p+10, 
0x1.54d74e11dbca9p+10, 0x1.7fa1cdb37c99bp+10, 0x1.836f47f130596p+10, 
0x1.93fd8b08dd1e5p+10, 0x1.621fd8c2a454ep+10, 0x1.8f6243c7d5edp+10, 
0x1.9d3d7219220ffp+10, 0x1.a251c100e6afdp+10, 0x1.7bf9a172abefp+10, 
0x1.9dda0c1765775p+10, 0x1.b3c8d4b6a619ep+10, 0x1.b0792c16df3f9p+10, 
0x1.83692da122fadp+10, 0x1.a971fd2a62aa2p+10, 0x1.c62ac2eba27afp+10, 
0x1.cdbea250f8402p+10, 0x1.5b0c821af7d31p+10, 0x1.60481c7de5083p+10, 
0x1.b25a2ff08893bp+10, 0x1.92a94883fd502p+10, 0x1.714b0c2c5e2cep+10, 
0x1.bb81b295e9e1bp+10, 0x1.d62c96af038e3p+10, 0x1.ebd6854046413p+10, 
0x1.ad2a03f705858p+10, 0x1.eb26c560c7c0fp+10, 0x1.f99eacaff6d33p+10, 
0x1.e8ab0bf5d7881p+10, 0x1.c4dc02de00d1bp+10, 0x1.0333fa5093965p+11, 
0x1.0b14afb19e732p+11, 0x1.16e118e10cf5bp+11, 0x1.e7a981a9b8cb9p+10, 
0x1.0aeb241e57d9ep+11, 0x1.19455b4cc2507p+11)), class = "data.frame", row.names = c(NA, 
-103L))
