structure(list(period_id = c("1995Q1", "1995Q2", "1995Q3", "1995Q4", 
"1996Q1", "1996Q2", "1996Q3", "1996Q4", "1997Q1", "1997Q2", "1997Q3", 
"1997Q4", "1998Q1", "1998Q2", "1998Q3", "1998Q4", "1999Q1", "1999Q2", 
"1999Q3", "1999Q4", "2000Q1", "2000Q2", "2000Q3", "2000Q4", "2001Q1", 
"2001Q2", "2001Q3", "2001Q4", "2002Q1", "2002Q2", "2002Q3", "2002Q4", 
"2003Q1", "2003Q2", "2003Q3", "2003Q4", "2004Q1", "2004Q2", "2004Q3", 
"2004Q4", "2005Q1", "2005Q2", "2005Q3", "2005Q4", "2006Q1", "2006Q2", 
"2006Q3", "2006Q4", "2007Q1", "2007Q2", "2007Q3", "2007Q4", "2008Q1", 
"2008Q2", "2008Q3", "2008Q4", "2009Q1", "2009Q2", "2009Q3", "2009Q4", 
"2010Q1", "2010Q2", "2010Q3", "2010Q4", "2011Q1", "2011Q2", "2011Q3", 
"2011Q4", "2012Q1", "2012Q2", "2012Q3", "2012Q4", "2013Q1", "2013Q2", 
"2013Q3", "2013Q4", "2014Q1", "2014Q2", "2014Q3", "2014Q4", "2015Q1", 
"2015Q2", "2015Q3", "2015Q4", "2016Q1", "2016Q2", "2016Q3", "2016Q4", 
"2017Q1", "2017Q2", "2017Q3", "2017Q4", "2018Q1", "2018Q2", "2018Q3", 
"2018Q4", "2019Q1", "2019Q2", "2019Q3", "2019Q4", "2020Q1", "2020Q2", 
"2020Q3", "2020Q4", "2021Q1", "2021Q2", "2021Q3", "2021Q4", "2022Q1", 
"2022Q2", "2022Q3", "2022Q4", "2023Q1", "2023Q2", "2023Q3", "2023Q4", 
"2024Q1", "2024Q2", "2024Q3"), value = c(NA, NA, NA, NA, 0x1.d17a0ee8d10f5p+10, 
0x1.e2c9376d54973p+10, 0x1.eebc57d1782d4p+10, 0x1.e9fe64a16a487p+10, 
0x1.ffb8c3bd59924p+10, 0x1.18ec734938583p+11, 0x1.14082f7f498c4p+11, 
0x1.19efdb37c99afp+11, 0x1.2c930c47a17f4p+11, 0x1.25885aa715832p+11, 
0x1.2ed218090b418p+11, 0x1.3c6b7f4ba51ap+11, 0x1.376b63dc486adp+11, 
0x1.6674011b1d92bp+11, 0x1.341bba365cb36p+11, 0x1.5540a98eda22fp+11, 
0x1.5d8023f034b0ep+11, 0x1.5b5f0fa58f712p+11, 0x1.684c0999dcb58p+11, 
0x1.626be5ba6efc3p+11, 0x1.6a7a1a4bdba0ap+11, 0x1.69011172ef0aep+11, 
0x1.743306b37867fp+11, 0x1.7159a647fdc59p+11, 0x1.78ffc267839cep+11, 
0x1.7c174271fff7ap+11, 0x1.861081d7dbf48p+11, 0x1.89dc2033e78e2p+11, 
0x1.904ff9f666235p+11, 0x1.9527041ede11ap+11, 0x1.a3fe9f1ae2da5p+11, 
0x1.a866e2b6ae7d5p+11, 0x1.b77c04fd2a62bp+11, 0x1.e59c30caa326ep+11, 
0x1.e86fa9131ec0bp+11, 0x1.ee8a0a393ee5fp+11, 0x1.e330147496aadp+11, 
0x1.f496af5dbb9dp+11, 0x1.0570831162281p+12, 0x1.11897fc86cebcp+12, 
0x1.173e14e3bcd36p+12, 0x1.17de5ccb7d417p+12, 0x1.2236e4f54d1e9p+12, 
0x1.368e42eba27afp+12, 0x1.461bcca70d1fap+12, 0x1.4df0fc8b0079ap+12, 
0x1.5b9f2e1ac57e2p+12, 0x1.58111e68a0d35p+12, 0x1.634bcb61fe21ep+12, 
0x1.6af64196d8f5p+12, 0x1.68645e310dbfp+12, 0x1.3dabc0bdcad15p+12, 
0x1.0ef92949a5658p+12, 0x1.0cd48aa64c2f8p+12, 0x1.1ffef40e5a35dp+12, 
0x1.21da7e89a88adp+12, 0x1.1fbe425bfad2ap+12, 0x1.2a4acc20d562ap+12, 
0x1.2dd3cdd1e53a8p+12, 0x1.372d51a543f1cp+12, 0x1.37d0b6da87a07p+12, 
0x1.3e6bb8476f2a6p+12, 0x1.427859ae924f2p+12, 0x1.3ead1947cfa27p+12, 
0x1.393634784231p+12, 0x1.35f8614488c61p+12, 0x1.2fd5d363f572ep+12, 
0x1.32ad2c2374795p+12, 0x1.38b474c3c18b5p+12, 0x1.3b9b1b0dd82fdp+12, 
0x1.37d638a8f3a9bp+12, 0x1.4166ac8605682p+12, 0x1.3e6e550fc71d6p+12, 
0x1.3e5c0ce5f7404p+12, 0x1.4b51efd976ff4p+12, 0x1.4b319c7cd898bp+12, 
0x1.51b9e107b7846p+12, 0x1.52d79fd7a13c2p+12, 0x1.592eba67a52acp+12, 
0x1.592571b9b66f9p+12, 0x1.6a6bc08a697afp+12, 0x1.6b392f07bfe7ep+12, 
0x1.75050549b62c7p+12, 0x1.7b8d6f60e0eb6p+12, 0x1.8735e05bc01a3p+12, 
0x1.93dbc3925bb7bp+12, 0x1.a125dc58255bp+12, 0x1.b030bfc9795b3p+12, 
0x1.b25a1b7cfe586p+12, 0x1.b933549e8815ep+12, 0x1.b7903bafd977p+12, 
0x1.c79deb95e5affp+12, 0x1.cc1db317efe0dp+12, 0x1.d107c714fce74p+12, 
0x1.dad179f666235p+12, 0x1.c67a48882f0e1p+12, 0x1.bf7d093a71151p+12, 
0x1.671e9edf1e083p+12, 0x1.a3ebc039abf34p+12, 0x1.ba5f30caa326ep+12, 
0x1.cf73af20ea5b5p+12, 0x1.e704bd955714cp+12, 0x1.e6fdf10880d8p+12, 
0x1.011a9da2f8bdfp+13, 0x1.06d27e40420f7p+13, 0x1.078aba95421cp+13, 
0x1.1269cb780346ep+13, 0x1.049dff59ccfafp+13, 0x1.0278daa2e3c53p+13, 
0x1.fb3877531db44p+12, 0x1.e9b7902cd39dap+12, 0x1.00e3de75bc44cp+13, 
0x1.09f3dd73c9258p+13, 0x1.0a40e0bb2bbaap+13, 0x1.015128893b7d8p+13
)), class = "data.frame", row.names = c(NA, -119L))
