structure(list(period_id = c("1995Q1", "1995Q2", "1995Q3", "1995Q4", 
"1996Q1", "1996Q2", "1996Q3", "1996Q4", "1997Q1", "1997Q2", "1997Q3", 
"1997Q4", "1998Q1", "1998Q2", "1998Q3", "1998Q4", "1999Q1", "1999Q2", 
"1999Q3", "1999Q4", "2000Q1", "2000Q2", "2000Q3", "2000Q4", "2001Q1", 
"2001Q2", "2001Q3", "2001Q4", "2002Q1", "2002Q2", "2002Q3", "2002Q4", 
"2003Q1", "2003Q2", "2003Q3", "2003Q4", "2004Q1", "2004Q2", "2004Q3", 
"2004Q4", "2005Q1", "2005Q2", "2005Q3", "2005Q4", "2006Q1", "2006Q2", 
"2006Q3", "2006Q4", "2007Q1", "2007Q2", "2007Q3", "2007Q4", "2008Q1", 
"2008Q2", "2008Q3", "2008Q4", "2009Q1", "2009Q2", "2009Q3", "2009Q4", 
"2010Q1", "2010Q2", "2010Q3", "2010Q4", "2011Q1", "2011Q2", "2011Q3", 
"2011Q4", "2012Q1", "2012Q2", "2012Q3", "2012Q4", "2013Q1", "2013Q2", 
"2013Q3", "2013Q4", "2014Q1", "2014Q2", "2014Q3", "2014Q4", "2015Q1", 
"2015Q2", "2015Q3", "2015Q4", "2016Q1", "2016Q2", "2016Q3", "2016Q4", 
"2017Q1", "2017Q2", "2017Q3", "2017Q4", "2018Q1", "2018Q2", "2018Q3", 
"2018Q4", "2019Q1", "2019Q2", "2019Q3", "2019Q4", "2020Q1", "2020Q2", 
"2020Q3", "2020Q4", "2021Q1", "2021Q2", "2021Q3", "2021Q4", "2022Q1", 
"2022Q2", "2022Q3", "2022Q4", "2023Q1", "2023Q2", "2023Q3", "2023Q4", 
"2024Q1", "2024Q2", "2024Q3", "2024Q4", "2025Q1"), value = c(0x1.e6d13b9f127f6p+6, 
0x1.f6c122fad6cb5p+6, 0x1.00dc814d7279ap+7, 0x1.1345cb5781c71p+7, 
0x1.2119276fb092p+7, 0x1.32d716b11c6d2p+7, 0x1.4f958a979e16dp+7, 
0x1.51838305d95ddp+7, 0x1.621fec99f1ae3p+7, 0x1.7ea50bb6ed677p+7, 
0x1.8210854cdb7aep+7, 0x1.8bcb7bf1e8e61p+7, 0x1.8e69d92b7fe09p+7, 
0x1.9a19ccb7d4174p+7, 0x1.a151b089a0275p+7, 0x1.c0306705c896ep+7, 
0x1.db31622813448p+7, 0x1.13dd15592d98cp+8, 0x1.f509888f861a6p+7, 
0x1.012e650614163p+8, 0x1.02ee186983516p+8, 0x1.043c95af294ddp+8, 
0x1.0c075dfeb8d82p+8, 0x1.0ed28e4fb97bbp+8, 0x1.166b52220bc38p+8, 
0x1.139df6555c52ep+8, 0x1.1b961b8ed1bf8p+8, 0x1.1d2fd75e2046cp+8, 
0x1.1f482235b4edbp+8, 0x1.2038afd545415p+8, 0x1.2beca88effe2ap+8, 
0x1.38463193f6c27p+8, 0x1.41d55171e29b7p+8, 0x1.54c3063e07a29p+8, 
0x1.51375c5b4aa97p+8, 0x1.573d245b291b8p+8, 0x1.602ec2ce46499p+8, 
0x1.5aa2413db7f17p+8, 0x1.7229a57646ae4p+8, 0x1.77418cf398e97p+8, 
0x1.845a3065f9592p+8, 0x1.9cfaa8650e779p+8, 0x1.96bb7403dddb1p+8, 
0x1.a0ad2dba4d6e4p+8, 0x1.a842b7baecd08p+8, 0x1.c2aa1b4bb5e0fp+8, 
0x1.eab2ce24bba13p+8, 0x1.0ecfca7d6733fp+9, 0x1.1695fb3743633p+9, 
0x1.2c1156c93a711p+9, 0x1.36120242d05f3p+9, 0x1.3f11563a9f384p+9, 
0x1.575888ce703bp+9, 0x1.5269c286f8ad2p+9, 0x1.5c1b53ac4f7ecp+9, 
0x1.4fd402ea960b7p+9, 0x1.49cd803cd141ap+9, 0x1.3e1ee69f05ea2p+9, 
0x1.29affd1569f49p+9, 0x1.18e198d8a979ep+9, 0x1.02bd3586ca8ap+9, 
0x1.f8d2a91d9b1b8p+8, 0x1.e852f23033a47p+8, 0x1.d900988094e5dp+8, 
0x1.d318a6dacabc5p+8, 0x1.c51b06f694467p+8, 0x1.d686b62845996p+8, 
0x1.d0c90bd87b56cp+8, 0x1.d4c669595fedap+8, 0x1.bfa0fb3311a54p+8, 
0x1.c3f61a93293d1p+8, 0x1.9b8b78897e996p+8, 0x1.8f93e0157eed4p+8, 
0x1.7d6c4b1ab0857p+8, 0x1.8ec1cc100e6bp+8, 0x1.b10f0ff10ecb7p+8, 
0x1.ba92518f3ecccp+8, 0x1.d3da2f2734f83p+8, 0x1.ceff089a02752p+8, 
0x1.b1f7160956c0dp+8, 0x1.bc06b28d8665ep+8, 0x1.bc57bea91d9b2p+8, 
0x1.b01b3636f3b21p+8, 0x1.b3c6ee631f8a1p+8, 0x1.9cb8767d34dfp+8, 
0x1.b503316e37154p+8, 0x1.c8ff089a02752p+8, 0x1.c543f3ade226p+8, 
0x1.d7cf0de8f6cfp+8, 0x1.e42ebd2b6f199p+8, 0x1.d7bdda37ef5a9p+8, 
0x1.032e840e1719fp+9, 0x1.fa3e1dda059a7p+8, 0x1.0e7498f605ab4p+9, 
0x1.2521cfcc5b8dcp+9, 0x1.297e4d12018a4p+9, 0x1.3439acffa7eb7p+9, 
0x1.39fd0a99b6f5dp+9, 0x1.31f5f0fe047d4p+9, 0x1.360e15fcc1872p+9, 
0x1.3b071a5ca2984p+9, 0x1.1a2fec3547e07p+9, 0x1.311b7fe8ee6b8p+9, 
0x1.43b15ad96a6ap+9, 0x1.4b9118b934699p+9, 0x1.4f0252263d817p+9, 
0x1.5c40fbf401c5p+9, 0x1.7215143393ab4p+9, 0x1.8bfc4e2f37fbfp+9, 
0x1.9f63fad299956p+9, 0x1.a9eb7ba6698bbp+9, 0x1.c480037931444p+9, 
0x1.ddd1634549b63p+9, 0x1.f14a979e16d6ep+9, 0x1.f31e4febd09e1p+9, 
0x1.f8d22e9899bf6p+9, 0x1.fe5a9a5657fb7p+9, 0x1.f47396312f4cfp+9, 
0x1.daf8beb5b2d4dp+9, 0x1.072d90364388fp+10, 0x1.ed52dcf4623d1p+9
)), class = "data.frame", row.names = c(NA, -121L))
