structure(list(period_id = c("1995Q1", "1995Q2", "1995Q3", "1995Q4", 
"1996Q1", "1996Q2", "1996Q3", "1996Q4", "1997Q1", "1997Q2", "1997Q3", 
"1997Q4", "1998Q1", "1998Q2", "1998Q3", "1998Q4", "1999Q1", "1999Q2", 
"1999Q3", "1999Q4", "2000Q1", "2000Q2", "2000Q3", "2000Q4", "2001Q1", 
"2001Q2", "2001Q3", "2001Q4", "2002Q1", "2002Q2", "2002Q3", "2002Q4", 
"2003Q1", "2003Q2", "2003Q3", "2003Q4", "2004Q1", "2004Q2", "2004Q3", 
"2004Q4", "2005Q1", "2005Q2", "2005Q3", "2005Q4", "2006Q1", "2006Q2", 
"2006Q3", "2006Q4", "2007Q1", "2007Q2", "2007Q3", "2007Q4", "2008Q1", 
"2008Q2", "2008Q3", "2008Q4", "2009Q1", "2009Q2", "2009Q3", "2009Q4", 
"2010Q1", "2010Q2", "2010Q3", "2010Q4", "2011Q1", "2011Q2", "2011Q3", 
"2011Q4", "2012Q1", "2012Q2", "2012Q3", "2012Q4", "2013Q1", "2013Q2", 
"2013Q3", "2013Q4", "2014Q1", "2014Q2", "2014Q3", "2014Q4", "2015Q1", 
"2015Q2", "2015Q3", "2015Q4", "2016Q1", "2016Q2", "2016Q3", "2016Q4", 
"2017Q1", "2017Q2", "2017Q3", "2017Q4", "2018Q1", "2018Q2", "2018Q3", 
"2018Q4", "2019Q1", "2019Q2", "2019Q3", "2019Q4", "2020Q1", "2020Q2", 
"2020Q3", "2020Q4", "2021Q1", "2021Q2", "2021Q3", "2021Q4", "2022Q1", 
"2022Q2", "2022Q3", "2022Q4", "2023Q1", "2023Q2", "2023Q3", "2023Q4", 
"2024Q1", "2024Q2", "2024Q3", "2024Q4", "2025Q1"), value = c(NA, 
NA, NA, NA, 0x1.20b5bea704bc2p+11, 0x1.2892057d1782dp+11, 0x1.2bff412f09d8cp+11, 
0x1.2d5f808205ff2p+11, 0x1.35f2ccc037931p+11, 0x1.536c5ec1c1d6dp+11, 
0x1.4eb2e51d25aabp+11, 0x1.542315011904bp+11, 0x1.6a7ebe09bb6aap+11, 
0x1.6232df30e7ff6p+11, 0x1.6b404ae429e0ap+11, 0x1.7ac453e4ef028p+11, 
0x1.74ed8d045fe11p+11, 0x1.a8dcbba3443d4p+11, 0x1.773ada921ccd9p+11, 
0x1.9683d38ac18f8p+11, 0x1.9ff2b69552e3p+11, 0x1.9f7529f383f0cp+11, 
0x1.b0b2b6d43d039p+11, 0x1.a60c973d9ec7p+11, 0x1.b03f5d00f776cp+11, 
0x1.b0bbc996b7671p+11, 0x1.bbad3506dd69dp+11, 0x1.b659c434e336ap+11, 
0x1.c30499ce075f7p+11, 0x1.c7aff2778140ep+11, 0x1.d288a5b530cedp+11, 
0x1.d7669ac79702ep+11, 0x1.da788ec95bffp+11, 0x1.e4294330d7386p+11, 
0x1.f5997bc7f77afp+11, 0x1.f756757d5a9ebp+11, 0x1.02c0a647fdc59p+12, 
0x1.1c4b28f08462p+12, 0x1.1e45e2d0e5604p+12, 0x1.20b03a92a3055p+12, 
0x1.1c1468cbd1245p+12, 0x1.244ebee9142b3p+12, 0x1.2f91d89ce4a7bp+12, 
0x1.40d96f78feef6p+12, 0x1.473a342784a94p+12, 0x1.46027a6ce3583p+12, 
0x1.4f128ecb74dep+12, 0x1.69fbe719b4dcfp+12, 0x1.7db3b4373f317p+12, 
0x1.83c6804102ff9p+12, 0x1.94e397cb2d906p+12, 0x1.964f111f0c34cp+12, 
0x1.a1bd337b8d3f2p+12, 0x1.aa00881908e58p+12, 0x1.a5ec2be7afa72p+12, 
0x1.7da3ca1272c95p+12, 0x1.4672163dc486bp+12, 0x1.43b5b07f23cc9p+12, 
0x1.5a68694573a79p+12, 0x1.5a0e818611fd6p+12, 0x1.572ad7d5a9eb2p+12, 
0x1.62fa6c9e236c1p+12, 0x1.6a20c4d65e46p+12, 0x1.70e150e991ff7p+12, 
0x1.727af88a8b08ep+12, 0x1.779c4eb9a176ep+12, 0x1.8164cd573647cp+12, 
0x1.76692bbdbe3c1p+12, 0x1.73640f8b588e3p+12, 0x1.70715d41fa765p+12, 
0x1.6d1dafe1da7b1p+12, 0x1.6e7666c4c5975p+12, 0x1.70c280d4dc65cp+12, 
0x1.74051bdb5d895p+12, 0x1.7361f09741d08p+12, 0x1.7d374a41a261cp+12, 
0x1.7c876699c7bccp+12, 0x1.7d63915f02c4dp+12, 0x1.86371bc558644p+12, 
0x1.88fd068123811p+12, 0x1.8f0195b78cc9ap+12, 0x1.924e43bf72713p+12, 
0x1.973caa9b499dp+12, 0x1.96170cf4a558fp+12, 0x1.aa15e195464dcp+12, 
0x1.ab7c4943e1006p+12, 0x1.b3c21af9ebe9dp+12, 0x1.bfbbc5d31337fp+12, 
0x1.cdcd460242d06p+12, 0x1.d947d7ff9b563p+12, 0x1.e7a4da78f25a2p+12, 
0x1.fb88ee4f3344p+12, 0x1.fcbaa0d77b7c8p+12, 0x1.02707cf893fafp+13, 
0x1.005a18090b418p+13, 0x1.0ac4813ec460fp+13, 0x1.0dfbd4eb9a177p+13, 
0x1.0ffbafe8ab4fap+13, 0x1.11c25d377e1b9p+13, 0x1.0a2c91dde3758p+13, 
0x1.09148ffc115dfp+13, 0x1.a2cd2ac42e98ap+12, 0x1.df10af33ca31ep+12, 
0x1.00b33a91105e2p+13, 0x1.0bedfd1244a62p+13, 0x1.194415aea3162p+13, 
0x1.1ee1490b417cap+13, 0x1.2feacffc115dfp+13, 0x1.353148dfbd6a6p+13, 
0x1.39094fd21ff2ep+13, 0x1.4375ac282c6efp+13, 0x1.35c5a4b09e98ep+13, 
0x1.32eb2938de6dep+13, 0x1.2e5e88ff327aap+13, 0x1.24717df3300dep+13, 
0x1.332d1e0bd449ap+13, 0x1.3a99c295a6c5dp+13, 0x1.3cbbd79207d4ep+13, 
0x1.37cea1bfbdf09p+13, 0x1.3737ea1a500d6p+13, 0x1.3e7f05f41aef7p+13
)), class = "data.frame", row.names = c(NA, -121L))
