structure(list(period_id = c("1995Q1", "1995Q2", "1995Q3", "1995Q4", 
"1996Q1", "1996Q2", "1996Q3", "1996Q4", "1997Q1", "1997Q2", "1997Q3", 
"1997Q4", "1998Q1", "1998Q2", "1998Q3", "1998Q4", "1999Q1", "1999Q2", 
"1999Q3", "1999Q4", "2000Q1", "2000Q2", "2000Q3", "2000Q4", "2001Q1", 
"2001Q2", "2001Q3", "2001Q4", "2002Q1", "2002Q2", "2002Q3", "2002Q4", 
"2003Q1", "2003Q2", "2003Q3", "2003Q4", "2004Q1", "2004Q2", "2004Q3", 
"2004Q4", "2005Q1", "2005Q2", "2005Q3", "2005Q4", "2006Q1", "2006Q2", 
"2006Q3", "2006Q4", "2007Q1", "2007Q2", "2007Q3", "2007Q4", "2008Q1", 
"2008Q2", "2008Q3", "2008Q4", "2009Q1", "2009Q2", "2009Q3", "2009Q4", 
"2010Q1", "2010Q2", "2010Q3", "2010Q4", "2011Q1", "2011Q2", "2011Q3", 
"2011Q4", "2012Q1", "2012Q2", "2012Q3", "2012Q4", "2013Q1", "2013Q2", 
"2013Q3", "2013Q4", "2014Q1", "2014Q2", "2014Q3", "2014Q4", "2015Q1", 
"2015Q2", "2015Q3", "2015Q4", "2016Q1", "2016Q2", "2016Q3", "2016Q4", 
"2017Q1", "2017Q2", "2017Q3", "2017Q4", "2018Q1", "2018Q2", "2018Q3", 
"2018Q4", "2019Q1", "2019Q2", "2019Q3", "2019Q4", "2020Q1", "2020Q2", 
"2020Q3", "2020Q4", "2021Q1", "2021Q2", "2021Q3", "2021Q4", "2022Q1", 
"2022Q2", "2022Q3", "2022Q4", "2023Q1", "2023Q2", "2023Q3", "2023Q4", 
"2024Q1", "2024Q2", "2024Q3", "2024Q4"), value = c(NA, NA, NA, 
NA, 0x1.20b5bea704bc2p+11, 0x1.2892057d1782dp+11, 0x1.2bff412f09d8cp+11, 
0x1.2d5f808205ff2p+11, 0x1.35f2ccc037931p+11, 0x1.536c5ec1c1d6dp+11, 
0x1.4eb2e51d25aabp+11, 0x1.542315011904bp+11, 0x1.6a7ebe09bb6aap+11, 
0x1.6232df30e7ff6p+11, 0x1.6b404ae429e0ap+11, 0x1.7ac453e4ef028p+11, 
0x1.74ed8d045fe11p+11, 0x1.a8dcbba3443d4p+11, 0x1.773ada921ccd9p+11, 
0x1.9683d38ac18f8p+11, 0x1.9ff2b69552e3p+11, 0x1.9f7529f383f0cp+11, 
0x1.b0b2b6d43d039p+11, 0x1.a60c973d9ec7p+11, 0x1.b03f5d00f776cp+11, 
0x1.b0bbc996b7671p+11, 0x1.bbad3506dd69dp+11, 0x1.b659c434e336ap+11, 
0x1.c30499ce075f7p+11, 0x1.c7aff2778140ep+11, 0x1.d288a5b530cedp+11, 
0x1.d7669ac79702ep+11, 0x1.da788ec95bffp+11, 0x1.e4294330d7386p+11, 
0x1.f5997bc7f77afp+11, 0x1.f756757d5a9ebp+11, 0x1.02c0a647fdc59p+12, 
0x1.1c4b28f08462p+12, 0x1.1e45e2d0e5604p+12, 0x1.20b03a92a3055p+12, 
0x1.1c1468cbd1245p+12, 0x1.244ebee9142b3p+12, 0x1.2f91d89ce4a7bp+12, 
0x1.40d96f78feef6p+12, 0x1.473a342784a94p+12, 0x1.46027a6ce3583p+12, 
0x1.4f128ecb74dep+12, 0x1.69fbe719b4dcfp+12, 0x1.7db3b4373f317p+12, 
0x1.83c6804102ff9p+12, 0x1.94e397cb2d906p+12, 0x1.964f111f0c34cp+12, 
0x1.a1bd337b8d3f2p+12, 0x1.aa00881908e58p+12, 0x1.a5ec2be7afa72p+12, 
0x1.7da3ca1272c95p+12, 0x1.4672163dc486bp+12, 0x1.43b5b07f23cc9p+12, 
0x1.5a68694573a79p+12, 0x1.5a0e818611fd6p+12, 0x1.57362871a3b15p+12, 
0x1.630173e5753a4p+12, 0x1.6a21aeb2d0a24p+12, 0x1.70e09bcba3012p+12, 
0x1.729d865f9591dp+12, 0x1.77ab4225742ddp+12, 0x1.815c6fea3df6ep+12, 
0x1.7649b09c7ffdep+12, 0x1.737fac0e7bc3cp+12, 0x1.706c5bf26f1dcp+12, 
0x1.6d0bf776c4828p+12, 0x1.6e577e5860136p+12, 0x1.70d4337974602p+12, 
0x1.740a073365882p+12, 0x1.7359c55219a84p+12, 0x1.7d16f7b7c7821p+12, 
0x1.7ca40c62e4d1ap+12, 0x1.7d68aa22b3893p+12, 0x1.862e6ffc115dfp+12, 
0x1.88e5f3b42cc2dp+12, 0x1.8f1fed0e56042p+12, 0x1.9253b682730c6p+12, 
0x1.973e627f1b691p+12, 0x1.961495e8d5411p+12, 0x1.aa2325eaab042p+12, 
0x1.ab99042a66dbdp+12, 0x1.b3b8297bfa4c6p+12, 0x1.bf94c3d790753p+12, 
0x1.cdfa19d451fc5p+12, 0x1.d94e807ee0b0bp+12, 0x1.e78c81eeed89p+12, 
0x1.fb4e9805e5f31p+12, 0x1.fcdf0bf6e3f79p+12, 0x1.026d51a650614p+13, 
0x1.004d2c271fff8p+13, 0x1.0aac9c0767d35p+13, 0x1.0e0857ec3547ep+13, 
0x1.0fffbcf56eac8p+13, 0x1.11bbbad3a604ep+13, 0x1.0a14510667f91p+13, 
0x1.092a6601bc98ap+13, 0x1.a2d39f2a9d628p+12, 0x1.df11970d62bf1p+12, 
0x1.00aff58c08b76p+13, 0x1.0c027fea8112cp+13, 0x1.19501af64063ap+13, 
0x1.1ee1a64f54d1fp+13, 0x1.2fe65d4f9c1f8p+13, 0x1.3551d24b76f6dp+13, 
0x1.3916e41a261bfp+13, 0x1.436d3775b813p+13, 0x1.35a7a7136a401p+13, 
0x1.330c1f31f46edp+13, 0x1.2e63c87f455a8p+13, 0x1.245f91c10d7bfp+13, 
0x1.330679e59f2bbp+13, 0x1.3aade522ea0fdp+13, 0x1.3cc196aa4b988p+13, 
0x1.37c5f45f9df55p+13, 0x1.3718641c3efaep+13)), class = "data.frame", row.names = c(NA, 
-120L))
