structure(list(period_id = c("1995Q1", "1995Q2", "1995Q3", "1995Q4", 
"1996Q1", "1996Q2", "1996Q3", "1996Q4", "1997Q1", "1997Q2", "1997Q3", 
"1997Q4", "1998Q1", "1998Q2", "1998Q3", "1998Q4", "1999Q1", "1999Q2", 
"1999Q3", "1999Q4", "2000Q1", "2000Q2", "2000Q3", "2000Q4", "2001Q1", 
"2001Q2", "2001Q3", "2001Q4", "2002Q1", "2002Q2", "2002Q3", "2002Q4", 
"2003Q1", "2003Q2", "2003Q3", "2003Q4", "2004Q1", "2004Q2", "2004Q3", 
"2004Q4", "2005Q1", "2005Q2", "2005Q3", "2005Q4", "2006Q1", "2006Q2", 
"2006Q3", "2006Q4", "2007Q1", "2007Q2", "2007Q3", "2007Q4", "2008Q1", 
"2008Q2", "2008Q3", "2008Q4", "2009Q1", "2009Q2", "2009Q3", "2009Q4", 
"2010Q1", "2010Q2", "2010Q3", "2010Q4", "2011Q1", "2011Q2", "2011Q3", 
"2011Q4", "2012Q1", "2012Q2", "2012Q3", "2012Q4", "2013Q1", "2013Q2", 
"2013Q3", "2013Q4", "2014Q1", "2014Q2", "2014Q3", "2014Q4", "2015Q1", 
"2015Q2", "2015Q3", "2015Q4", "2016Q1", "2016Q2", "2016Q3", "2016Q4", 
"2017Q1", "2017Q2", "2017Q3", "2017Q4", "2018Q1", "2018Q2", "2018Q3", 
"2018Q4", "2019Q1", "2019Q2", "2019Q3", "2019Q4", "2020Q1", "2020Q2", 
"2020Q3", "2020Q4", "2021Q1", "2021Q2", "2021Q3", "2021Q4", "2022Q1", 
"2022Q2", "2022Q3", "2022Q4", "2023Q1", "2023Q2", "2023Q3", "2023Q4", 
"2024Q1", "2024Q2", "2024Q3", "2024Q4", "2025Q1", "2025Q2"), 
    value = c(NA, NA, NA, NA, 0x1.5dd0d887ebf23p+7, 0x1.5e70ce0b912dcp+7, 
    0x1.5fa0f98fa3769p+7, 0x1.6013fa8f7db6ep+7, 0x1.5eb166e008e9bp+7, 
    0x1.6124f50a02b84p+7, 0x1.68d71e4b44a1fp+7, 0x1.731b0c88a47edp+7, 
    0x1.7c00a76102795p+7, 0x1.7cdec2efd438dp+7, 0x1.7e9f63800218ep+7, 
    0x1.7b9e91c8eacp+7, 0x1.8d6fe06961c37p+7, 0x1.8d83f37b8d3f2p+7, 
    0x1.93d36a400fba9p+7, 0x1.98b9c15097c81p+7, 0x1.992ff88765ba7p+7, 
    0x1.9ab1f926c7eaep+7, 0x1.a0cad2fe3f35ap+7, 0x1.9804cd31769a9p+7, 
    0x1.9da2cf0f9d2bfp+7, 0x1.985a0ccff21b4p+7, 0x1.9b6e71476af8ap+7, 
    0x1.99575f2cb6417p+7, 0x1.8d7d78c436fc1p+7, 0x1.9ed3ce4217d28p+7, 
    0x1.8e9344806290fp+7, 0x1.9af0fabda0dfep+7, 0x1.9557b0d51f81ap+7, 
    0x1.99c02adc4c9c9p+7, 0x1.9db5aee631f8ap+7, 0x1.9ff35b2d4d402p+7, 
    0x1.a2adf548ecd8ep+7, 0x1.a2a34e54f7a92p+7, 0x1.a63380a9de8b4p+7, 
    0x1.b85e3065f9592p+7, 0x1.bc219b2c40d0bp+7, 0x1.c7701e4712e41p+7, 
    0x1.c8c15e9e1b08ap+7, 0x1.ccbf963992c8cp+7, 0x1.c5a2650614163p+7, 
    0x1.c4d3becaab8a6p+7, 0x1.c7982c9081c2ep+7, 0x1.c2c129670196ep+7, 
    0x1.c86a26809d495p+7, 0x1.c595204af9229p+7, 0x1.c1c0153bd1676p+7, 
    0x1.c0bdf2452c5ap+7, 0x1.c8f5a2d72ffd2p+7, 0x1.c7bb940fecdd1p+7, 
    0x1.c472ce032db1fp+7, 0x1.c393d07c84b5ep+7, 0x1.be6f01322f273p+7, 
    0x1.b51520afa2f06p+7, 0x1.b6f488e79aae7p+7, 0x1.b516965f5275fp+7, 
    0x1.ae1fb00bcbe62p+7, 0x1.b2db265add9c2p+7, 0x1.b5a73c0c1fc8fp+7, 
    0x1.b2a064020818p+7, 0x1.b95d171e29b6bp+7, 0x1.ba4dee99a62edp+7, 
    0x1.ba4cbf0995aafp+7, 0x1.b7abd5992428dp+7, 0x1.b51cf722e1ac5p+7, 
    0x1.ad5b1dd5d3dc9p+7, 0x1.aa848216c6152p+7, 0x1.a43c6fdeb52cap+7, 
    0x1.a1d014f8b588ep+7, 0x1.a0cbae03b3e9ap+7, 0x1.9fe208bfc2225p+7, 
    0x1.bfc295208e15p+7, 0x1.a2738f57f737ep+7, 0x1.a5dd2f1a9fbe7p+7, 
    0x1.a55dfb0d51f82p+7, 0x1.a5bd6d7e889c2p+7, 0x1.a475184c272p+7, 
    0x1.a44a2e5de15cap+7, 0x1.a58e111276fb1p+7, 0x1.a8cf17df19d67p+7, 
    0x1.ae7b775b81301p+7, 0x1.b440cac4b4d05p+7, 0x1.b93125bb7b6bbp+7, 
    0x1.be6aa5a469d73p+7, 0x1.c051f5dfeb8d8p+7, 0x1.c124d48882f0ep+7, 
    0x1.c350247021d11p+7, 0x1.c2b46ac215b9ap+7, 0x1.c4a2ba16e7a31p+7, 
    0x1.c8a708461f9fp+7, 0x1.cbabaa1511ep+7, 0x1.d01b7fbefd007p+7, 
    0x1.d7bbebe1650a4p+7, 0x1.d774c70867ad9p+7, 0x1.da5521dda059ap+7, 
    0x1.d575c443914f5p+7, 0x1.d0c070329802cp+7, 0x1.5c5e086bdf4c3p+7, 
    0x1.bf8558644523fp+7, 0x1.4ae129cbab64ap+7, 0x1.b16f694467382p+7, 
    0x1.b55e61ae70c13p+7, 0x1.063eab042528bp+8, 0x1.3f5f08461f9fp+7, 
    0x1.f05657b84db9cp+7, 0x1.f1bd694ccab3fp+7, 0x1.f1c1374bc6a7fp+7, 
    0x1.f70cd6a161e4fp+7, 0x1.fb35da6a44418p+7, 0x1.eed96f4384ba1p+7, 
    0x1.f18c586876e1ep+7, 0x1.f3f15182a9931p+7, 0x1.f9a488a47ecffp+7, 
    0x1.f8b2c53b0813dp+7, 0x1.fd509b0ee49f5p+7, 0x1.ff2be6a337a81p+7, 
    0x1.ff3c868b9fdbdp+7, 0x1.00cc94b380cb7p+8)), class = "data.frame", row.names = c(NA, 
-122L))
