structure(list(period_id = c("1995Q1", "1995Q2", "1995Q3", "1995Q4", 
"1996Q1", "1996Q2", "1996Q3", "1996Q4", "1997Q1", "1997Q2", "1997Q3", 
"1997Q4", "1998Q1", "1998Q2", "1998Q3", "1998Q4", "1999Q1", "1999Q2", 
"1999Q3", "1999Q4", "2000Q1", "2000Q2", "2000Q3", "2000Q4", "2001Q1", 
"2001Q2", "2001Q3", "2001Q4", "2002Q1", "2002Q2", "2002Q3", "2002Q4", 
"2003Q1", "2003Q2", "2003Q3", "2003Q4", "2004Q1", "2004Q2", "2004Q3", 
"2004Q4", "2005Q1", "2005Q2", "2005Q3", "2005Q4", "2006Q1", "2006Q2", 
"2006Q3", "2006Q4", "2007Q1", "2007Q2", "2007Q3", "2007Q4", "2008Q1", 
"2008Q2", "2008Q3", "2008Q4", "2009Q1", "2009Q2", "2009Q3", "2009Q4", 
"2010Q1", "2010Q2", "2010Q3", "2010Q4", "2011Q1", "2011Q2", "2011Q3", 
"2011Q4", "2012Q1", "2012Q2", "2012Q3", "2012Q4", "2013Q1", "2013Q2", 
"2013Q3", "2013Q4", "2014Q1", "2014Q2", "2014Q3", "2014Q4", "2015Q1", 
"2015Q2", "2015Q3", "2015Q4", "2016Q1", "2016Q2", "2016Q3", "2016Q4", 
"2017Q1", "2017Q2", "2017Q3", "2017Q4", "2018Q1", "2018Q2", "2018Q3", 
"2018Q4", "2019Q1", "2019Q2", "2019Q3", "2019Q4", "2020Q1", "2020Q2", 
"2020Q3", "2020Q4", "2021Q1", "2021Q2", "2021Q3", "2021Q4", "2022Q1", 
"2022Q2", "2022Q3", "2022Q4", "2023Q1", "2023Q2", "2023Q3", "2023Q4", 
"2024Q1", "2024Q2", "2024Q3", "2024Q4", "2025Q1", "2025Q2"), 
    value = c(0x1.e6d13b9f127f6p+6, 0x1.f6c122fad6cb5p+6, 0x1.00dc814d7279ap+7, 
    0x1.1345cb5781c71p+7, 0x1.2119276fb092p+7, 0x1.32d716b11c6d2p+7, 
    0x1.4f958a979e16dp+7, 0x1.51838305d95ddp+7, 0x1.621fec99f1ae3p+7, 
    0x1.7ea50bb6ed677p+7, 0x1.8210854cdb7aep+7, 0x1.8bcb7bf1e8e61p+7, 
    0x1.8e69d92b7fe09p+7, 0x1.9a19ccb7d4174p+7, 0x1.a151b089a0275p+7, 
    0x1.c0306705c896ep+7, 0x1.db31622813448p+7, 0x1.13dd15592d98cp+8, 
    0x1.f509888f861a6p+7, 0x1.012e650614163p+8, 0x1.02ee186983516p+8, 
    0x1.043c95af294ddp+8, 0x1.0c075dfeb8d82p+8, 0x1.0ed28e4fb97bbp+8, 
    0x1.166b52220bc38p+8, 0x1.139df6555c52ep+8, 0x1.1b961b8ed1bf8p+8, 
    0x1.1d2fd75e2046cp+8, 0x1.1f482235b4edbp+8, 0x1.2038afd545415p+8, 
    0x1.2beca88effe2ap+8, 0x1.38463193f6c27p+8, 0x1.41d55171e29b7p+8, 
    0x1.54c3063e07a29p+8, 0x1.51375c5b4aa97p+8, 0x1.573d245b291b8p+8, 
    0x1.602ec2ce46499p+8, 0x1.5aa2413db7f17p+8, 0x1.7229a57646ae4p+8, 
    0x1.77418cf398e97p+8, 0x1.845a3065f9592p+8, 0x1.9cfaa8650e779p+8, 
    0x1.96bb7403dddb1p+8, 0x1.a0ad2dba4d6e4p+8, 0x1.a842b7baecd08p+8, 
    0x1.c2aa1b4bb5e0fp+8, 0x1.eab2ce24bba13p+8, 0x1.0ecfca7d6733fp+9, 
    0x1.1695fb3743633p+9, 0x1.2c1156c93a711p+9, 0x1.36120242d05f3p+9, 
    0x1.3f11563a9f384p+9, 0x1.575888ce703bp+9, 0x1.5269c286f8ad2p+9, 
    0x1.5c1b53ac4f7ecp+9, 0x1.4fd402ea960b7p+9, 0x1.49cd803cd141ap+9, 
    0x1.3e1ee69f05ea2p+9, 0x1.29affd1569f49p+9, 0x1.18e198d8a979ep+9, 
    0x1.02ae7991bc558p+9, 0x1.f83b3215fcc18p+8, 0x1.e975c25d07421p+8, 
    0x1.d898c3c18b503p+8, 0x1.d2e6864020818p+8, 0x1.c3cd22fad6cb5p+8, 
    0x1.d8b4cbd1244a6p+8, 0x1.d019c2a023209p+8, 0x1.d4a53543aeab8p+8, 
    0x1.be60377186552p+8, 0x1.c5e937c1376d5p+8, 0x1.9b0746fdeb52dp+8, 
    0x1.8f6756fb8f57fp+8, 0x1.7c5d9e731d2e1p+8, 0x1.903ee6ea85447p+8, 
    0x1.b0b1b317efe0dp+8, 0x1.ba65b62c77575p+8, 0x1.d33be0ce0b913p+8, 
    0x1.d00eb7cbb3c82p+8, 0x1.b1bdbf5946c33p+8, 0x1.bbc2d698fe692p+8, 
    0x1.bbf0f312b1b37p+8, 0x1.b0b938ef34d6ap+8, 0x1.b3e3e596c82ep+8, 
    0x1.9c878bef8ceb3p+8, 0x1.b49fc1df3300ep+8, 0x1.c908bb5e0f7fdp+8, 
    0x1.c5c5816aceaafp+8, 0x1.d7f0c447c30d3p+8, 0x1.e3ba97aeddce8p+8, 
    0x1.d7290adcd2d45p+8, 0x1.0391ec892ab69p+9, 0x1.fad1aa60913a5p+8, 
    0x1.0e2748e4756p+9, 0x1.249033b539325p+9, 0x1.29f45d851654dp+9, 
    0x1.34d8e6ea85447p+9, 0x1.399d42784a948p+9, 0x1.3117662fdfc1ap+9, 
    0x1.368a003254e6ep+9, 0x1.3bff3b3a68b1ap+9, 0x1.19adcbee807bcp+9, 
    0x1.2ff3345069a4ep+9, 0x1.4441dd11be6e6p+9, 0x1.4ced97a24894cp+9, 
    0x1.4e5f73fb7a5f4p+9, 0x1.5ac792d1287c2p+9, 0x1.72a20053e2d62p+9, 
    0x1.8db55147f1306p+9, 0x1.9eb331ca7d673p+9, 0x1.a83d14fce746dp+9, 
    0x1.c507fc2a8869cp+9, 0x1.dfcd6f9fcb0cp+9, 0x1.f075bc6eb0b7cp+9, 
    0x1.f15cf8d716d2bp+9, 0x1.f96b0a137f38cp+9, 0x1.00451950331e4p+10, 
    0x1.f35ee7f6f4be8p+9, 0x1.d927e12a51e32p+9, 0x1.0783a265f0f5ap+10, 
    0x1.ec21bc5586445p+9, 0x1.07438b6d86ec1p+10)), class = "data.frame", row.names = c(NA, 
-122L))
