structure(list(period_id = c("1995Q1", "1995Q2", "1995Q3", "1995Q4", 
"1996Q1", "1996Q2", "1996Q3", "1996Q4", "1997Q1", "1997Q2", "1997Q3", 
"1997Q4", "1998Q1", "1998Q2", "1998Q3", "1998Q4", "1999Q1", "1999Q2", 
"1999Q3", "1999Q4", "2000Q1", "2000Q2", "2000Q3", "2000Q4", "2001Q1", 
"2001Q2", "2001Q3", "2001Q4", "2002Q1", "2002Q2", "2002Q3", "2002Q4", 
"2003Q1", "2003Q2", "2003Q3", "2003Q4", "2004Q1", "2004Q2", "2004Q3", 
"2004Q4", "2005Q1", "2005Q2", "2005Q3", "2005Q4", "2006Q1", "2006Q2", 
"2006Q3", "2006Q4", "2007Q1", "2007Q2", "2007Q3", "2007Q4", "2008Q1", 
"2008Q2", "2008Q3", "2008Q4", "2009Q1", "2009Q2", "2009Q3", "2009Q4", 
"2010Q1", "2010Q2", "2010Q3", "2010Q4", "2011Q1", "2011Q2", "2011Q3", 
"2011Q4", "2012Q1", "2012Q2", "2012Q3", "2012Q4", "2013Q1", "2013Q2", 
"2013Q3", "2013Q4", "2014Q1", "2014Q2", "2014Q3", "2014Q4", "2015Q1", 
"2015Q2", "2015Q3", "2015Q4", "2016Q1", "2016Q2", "2016Q3", "2016Q4", 
"2017Q1", "2017Q2", "2017Q3", "2017Q4", "2018Q1", "2018Q2", "2018Q3", 
"2018Q4", "2019Q1", "2019Q2", "2019Q3", "2019Q4", "2020Q1", "2020Q2", 
"2020Q3", "2020Q4", "2021Q1", "2021Q2", "2021Q3", "2021Q4", "2022Q1", 
"2022Q2", "2022Q3", "2022Q4", "2023Q1", "2023Q2", "2023Q3", "2023Q4", 
"2024Q1", "2024Q2", "2024Q3", "2024Q4", "2025Q1"), value = c(0x1.47f28p+16, 
0x1.4893e66666666p+16, 0x1.4a4e4cccccccdp+16, 0x1.4997e66666666p+16, 
0x1.4b26p+16, 0x1.4a2a19999999ap+16, 0x1.49d4666666666p+16, 0x1.4b4be66666666p+16, 
0x1.4f08333333333p+16, 0x1.4fc9333333333p+16, 0x1.5377e66666666p+16, 
0x1.55ba99999999ap+16, 0x1.595c666666666p+16, 0x1.5d16e66666666p+16, 
0x1.5cf919999999ap+16, 0x1.5c48b33333333p+16, 0x1.5cd3333333333p+16, 
0x1.5f11p+16, 0x1.6102333333333p+16, 0x1.696f666666666p+16, 0x1.6be84cccccccdp+16, 
0x1.6d83p+16, 0x1.710be66666666p+16, 0x1.75cc333333333p+16, 0x1.7526ccccccccdp+16, 
0x1.76bcb33333333p+16, 0x1.76e6666666666p+16, 0x1.753c8p+16, 
0x1.75a3ccccccccdp+16, 0x1.769b666666666p+16, 0x1.765fb33333333p+16, 
0x1.74c78p+16, 0x1.732b4cccccccdp+16, 0x1.722fb33333333p+16, 
0x1.761819999999ap+16, 0x1.7a5eccccccccdp+16, 0x1.7c9bb33333333p+16, 
0x1.7fc98p+16, 0x1.7f5999999999ap+16, 0x1.805019999999ap+16, 
0x1.83a7666666666p+16, 0x1.87bb666666666p+16, 0x1.8c28ccccccccdp+16, 
0x1.90568p+16, 0x1.9527333333333p+16, 0x1.9861666666666p+16, 
0x1.9b1d99999999ap+16, 0x1.a07c4cccccccdp+16, 0x1.a2a6b33333333p+16, 
0x1.a94eb33333333p+16, 0x1.acff99999999ap+16, 0x1.b086ccccccccdp+16, 
0x1.b46c333333333p+16, 0x1.b94cb33333333p+16, 0x1.bba1p+16, 0x1.ae0bp+16, 
0x1.a675333333333p+16, 0x1.a8d64cccccccdp+16, 0x1.aeadp+16, 0x1.b1138p+16, 
0x1.b545ccccccccdp+16, 0x1.b84f333333333p+16, 0x1.ba5b4cccccccdp+16, 
0x1.be104cccccccdp+16, 0x1.c069333333333p+16, 0x1.c32a4cccccccdp+16, 
0x1.c1d719999999ap+16, 0x1.c21c666666666p+16, 0x1.c45c4cccccccdp+16, 
0x1.c5b219999999ap+16, 0x1.c9b599999999ap+16, 0x1.c96419999999ap+16, 
0x1.cb38e66666666p+16, 0x1.ceb099999999ap+16, 0x1.d1f1666666666p+16, 
0x1.d31ce66666666p+16, 0x1.d546666666666p+16, 0x1.d9414cccccccdp+16, 
0x1.dbebb33333333p+16, 0x1.deffp+16, 0x1.ddd5b33333333p+16, 0x1.e0a319999999ap+16, 
0x1.e343666666666p+16, 0x1.e590666666666p+16, 0x1.e75819999999ap+16, 
0x1.ead08p+16, 0x1.ee6a8p+16, 0x1.ef1d666666666p+16, 0x1.ef3ce66666666p+16, 
0x1.f0b5333333333p+16, 0x1.f34e666666666p+16, 0x1.f87f333333333p+16, 
0x1.fd7cp+16, 0x1.01ab8cccccccdp+17, 0x1.00cdd9999999ap+17, 0x1.013419999999ap+17, 
0x1.0163e66666666p+17, 0x1.0314cp+17, 0x1.043dd9999999ap+17, 
0x1.05a98cccccccdp+17, 0x1.01b74p+17, 0x1.e1d2666666666p+16, 
0x1.01864p+17, 0x1.0275e66666666p+17, 0x1.039ef33333333p+17, 
0x1.09f619999999ap+17, 0x1.103a4cccccccdp+17, 0x1.115759999999ap+17, 
0x1.119a4cccccccdp+17, 0x1.1466733333333p+17, 0x1.152859999999ap+17, 
0x1.1571333333333p+17, 0x1.160f333333333p+17, 0x1.159b4cccccccdp+17, 
0x1.1616333333333p+17, 0x1.16f3666666666p+17, 0x1.17cacp+17, 
0x1.1971266666666p+17, 0x1.1ad9e66666666p+17, 0x1.1bb24p+17, 
0x1.1d23cp+17)), class = "data.frame", row.names = c(NA, -121L
))
