structure(list(period_id = c("2008M01", "2008M02", "2008M03", 
"2008M04", "2008M05", "2008M06", "2008M07", "2008M08", "2008M09", 
"2008M10", "2008M11", "2008M12", "2009M01", "2009M02", "2009M03", 
"2009M04", "2009M05", "2009M06", "2009M07", "2009M08", "2009M09", 
"2009M10", "2009M11", "2009M12", "2010M01", "2010M02", "2010M03", 
"2010M04", "2010M05", "2010M06", "2010M07", "2010M08", "2010M09", 
"2010M10", "2010M11", "2010M12", "2011M01", "2011M02", "2011M03", 
"2011M04", "2011M05", "2011M06", "2011M07", "2011M08", "2011M09", 
"2011M10", "2011M11", "2011M12", "2012M01", "2012M02", "2012M03", 
"2012M04", "2012M05", "2012M06", "2012M07", "2012M08", "2012M09", 
"2012M10", "2012M11", "2012M12", "2013M01", "2013M02", "2013M03", 
"2013M04", "2013M05", "2013M06", "2013M07", "2013M08", "2013M09", 
"2013M10", "2013M11", "2013M12", "2014M01", "2014M02", "2014M03", 
"2014M04", "2014M05", "2014M06", "2014M07", "2014M08", "2014M09", 
"2014M10", "2014M11", "2014M12", "2015M01", "2015M02", "2015M03", 
"2015M04", "2015M05", "2015M06", "2015M07", "2015M08", "2015M09", 
"2015M10", "2015M11", "2015M12", "2016M01", "2016M02", "2016M03", 
"2016M04", "2016M05", "2016M06", "2016M07", "2016M08", "2016M09", 
"2016M10", "2016M11", "2016M12", "2017M01", "2017M02", "2017M03", 
"2017M04", "2017M05", "2017M06", "2017M07", "2017M08", "2017M09", 
"2017M10", "2017M11", "2017M12", "2018M01", "2018M02", "2018M03", 
"2018M04", "2018M05", "2018M06", "2018M07", "2018M08", "2018M09", 
"2018M10", "2018M11", "2018M12", "2019M01", "2019M02", "2019M03", 
"2019M04", "2019M05", "2019M06", "2019M07", "2019M08", "2019M09", 
"2019M10", "2019M11", "2019M12", "2020M01", "2020M02", "2020M03", 
"2020M04", "2020M05", "2020M06", "2020M07", "2020M08", "2020M09", 
"2020M10", "2020M11", "2020M12", "2021M01", "2021M02", "2021M03", 
"2021M04", "2021M05", "2021M06", "2021M07", "2021M08", "2021M09", 
"2021M10", "2021M11", "2021M12", "2022M01", "2022M02", "2022M03", 
"2022M04", "2022M05", "2022M06", "2022M07", "2022M08", "2022M09", 
"2022M10", "2022M11", "2022M12", "2023M01", "2023M02", "2023M03", 
"2023M04", "2023M05", "2023M06", "2023M07", "2023M08", "2023M09", 
"2023M10", "2023M11", "2023M12", "2024M01", "2024M02", "2024M03", 
"2024M04", "2024M05", "2024M06", "2024M07", "2024M08", "2024M09", 
"2024M10", "2024M11", "2024M12", "2025M01", "2025M02", "2025M03"
), value = c(0x1.5a8e4dba1936fp+10, 0x1.596993e82cbbbp+10, 0x1.5c545fe97d32p+10, 
0x1.5b969362f42b6p+10, 0x1.5e9dec61ef781p+10, 0x1.5d99aff359984p+10, 
0x1.5c2ff90fb8adap+10, 0x1.5fe21da9e5a3dp+10, 0x1.5f5d8e8248454p+10, 
0x1.603aee543f052p+10, 0x1.627d58f100ea5p+10, 0x1.64415ab6a294fp+10, 
0x1.614453e255ad3p+10, 0x1.578e2a5ba1da3p+10, 0x1.5a7a8cb942f79p+10, 
0x1.5f45f42eefe55p+10, 0x1.5fd9449b11cc3p+10, 0x1.606b570844339p+10, 
0x1.6369d3bce01edp+10, 0x1.607501ac38b3dp+10, 0x1.65073070e0d47p+10, 
0x1.6573487404f48p+10, 0x1.626d409b2fa1ap+10, 0x1.64f90bf0aaf97p+10, 
0x1.66aeeffb735afp+10, 0x1.63f990be9e4d4p+10, 0x1.706d30505594cp+10, 
0x1.6ec48aedc5a5fp+10, 0x1.6c2ac57c9a10dp+10, 0x1.705b7b41b3d59p+10, 
0x1.70021dde03528p+10, 0x1.6ddcdfd47904dp+10, 0x1.7004d7d5efd9fp+10, 
0x1.6fc2b31e97bc1p+10, 0x1.712fcfe1b0695p+10, 0x1.6ddc72d742e87p+10, 
0x1.6eb1a331cf46bp+10, 0x1.74aabd9df10bep+10, 0x1.7042bb5be3aa8p+10, 
0x1.71bdf812f712fp+10, 0x1.705b98a9abbcp+10, 0x1.71656f6986578p+10, 
0x1.70898737dcb92p+10, 0x1.7482084616b84p+10, 0x1.714aef2215965p+10, 
0x1.6f0545b87346fp+10, 0x1.7172ecb6e19e5p+10, 0x1.6d2e69ae1af0fp+10, 
0x1.6eb62c733f512p+10, 0x1.6ceee54825fd8p+10, 0x1.6bee3274460afp+10, 
0x1.6abb5c1d18c72p+10, 0x1.6c7dfd4d85589p+10, 0x1.6a50f2018ec63p+10, 
0x1.6b47b57499375p+10, 0x1.6abacb5343372p+10, 0x1.66bb7000412fdp+10, 
0x1.681abd5dc161cp+10, 0x1.6464ebb702f9cp+10, 0x1.65dc8c839d353p+10, 
0x1.660b94a872c4p+10, 0x1.63e3ebfb0421bp+10, 0x1.6597a7dc67d1ap+10, 
0x1.652e615c7b713p+10, 0x1.670dab1635952p+10, 0x1.65e2f569d561fp+10, 
0x1.641ab51d942d2p+10, 0x1.6525efbe1462ep+10, 0x1.65adabec7a27fp+10, 
0x1.667fc818c73ap+10, 0x1.66e6c6d5d1839p+10, 0x1.66cfd71525413p+10, 
0x1.690fcf2b943a3p+10, 0x1.6970f193c1c27p+10, 0x1.67901411fe5bap+10, 
0x1.675ab7faba33p+10, 0x1.6ab11b753d571p+10, 0x1.68f925f2a2b23p+10, 
0x1.6c5a9d92b9662p+10, 0x1.6a015d374241ep+10, 0x1.6ac11c16145d6p+10, 
0x1.6b6714a51ccedp+10, 0x1.69412d0bfe4c9p+10, 0x1.68e3034c92467p+10, 
0x1.6abae403e4701p+10, 0x1.6901fc5d372ffp+10, 0x1.6b0de70988aa3p+10, 
0x1.6de77c034b18cp+10, 0x1.6aa72cd5790fdp+10, 0x1.6faa6664277f4p+10, 
0x1.6e91fb3844298p+10, 0x1.6c18f78ade12ep+10, 0x1.6ec0879c1898ep+10, 
0x1.6f051a680bbdep+10, 0x1.7328528a87671p+10, 0x1.67e18d9161e07p+10, 
0x1.70851273196aap+10, 0x1.76a484024e6c8p+10, 0x1.75bf12e2fbdp+10, 
0x1.7425220ed0d45p+10, 0x1.71daa960825dp+10, 0x1.7100255510788p+10, 
0x1.71b019cfe49e7p+10, 0x1.7539b4284d5abp+10, 0x1.74c6a95fc2c68p+10, 
0x1.7420bee55f7c5p+10, 0x1.730af7770d8e7p+10, 0x1.748a15730a33fp+10, 
0x1.73c5d5114e70ap+10, 0x1.72a88540f037ap+10, 0x1.74d07f5e8f8f2p+10, 
0x1.753c431fbeb1p+10, 0x1.7a233c8693374p+10, 0x1.7913dd2b5e49p+10, 
0x1.7aa4902b11052p+10, 0x1.7aeecd324cf47p+10, 0x1.7c3720b4ae858p+10, 
0x1.7d1fe0dce7d5ap+10, 0x1.7d7d1567a8744p+10, 0x1.81cb4cc1a0bdp+10, 
0x1.7e43c8d94724fp+10, 0x1.7dd6dd3628fdap+10, 0x1.7e09f8e692488p+10, 
0x1.826884f2884cbp+10, 0x1.80e26d16c266ap+10, 0x1.81d67cc73efbcp+10, 
0x1.816c4fdb7e47bp+10, 0x1.84649c494e40cp+10, 0x1.82fe2145ad1f1p+10, 
0x1.8591727391314p+10, 0x1.85e2e05e35f2ep+10, 0x1.88c7448d2fed4p+10, 
0x1.87b4c7c54a8bcp+10, 0x1.885bc8207ad21p+10, 0x1.88e045751a7bep+10, 
0x1.860afe66b8699p+10, 0x1.8845dd9f7c91ep+10, 0x1.89c8858c2eeb8p+10, 
0x1.8bef461ed6e78p+10, 0x1.89b2c44720b92p+10, 0x1.8bba9cd9e8468p+10, 
0x1.8f6bc7b866a5bp+10, 0x1.90a79e7371d57p+10, 0x1.8f2f293df09d8p+10, 
0x1.92eacd97ce004p+10, 0x1.9299524855414p+10, 0x1.7de7722c6ace2p+10, 
0x1.ad4ac5b1ae7e8p+10, 0x1.a9661e447ddfbp+10, 0x1.96b055a521c31p+10, 
0x1.99cf021bfa6cap+10, 0x1.9eb2c41958da5p+10, 0x1.9f49f77bcd20fp+10, 
0x1.9d5d6606c4218p+10, 0x1.a12489c0e322cp+10, 0x1.a52ce0d809fb8p+10, 
0x1.a627fed08ecb8p+10, 0x1.a8c671fa270dp+10, 0x1.aab77dab83521p+10, 
0x1.ab240c38965c7p+10, 0x1.a7727e7086223p+10, 0x1.af69b0eae8fbbp+10, 
0x1.ae1299000d6fcp+10, 0x1.ac98e20ddf298p+10, 0x1.aeebe21d564e5p+10, 
0x1.ab4fc00f7ef8bp+10, 0x1.ab8f0e983a713p+10, 0x1.b005745334a61p+10, 
0x1.99d1f82b74ee8p+10, 0x1.9d2800719a126p+10, 0x1.ab77dbed3e9e5p+10, 
0x1.aa852f931e7a7p+10, 0x1.a3a5a123f649bp+10, 0x1.a07132dda6378p+10, 
0x1.9ea744f96a0d6p+10, 0x1.9ec660259a07fp+10, 0x1.a369fa1ad85a6p+10, 
0x1.a54b94ca5aa3p+10, 0x1.a398eec68ca49p+10, 0x1.a0097ae6d7897p+10, 
0x1.a1bb37a2b043p+10, 0x1.a53f1ee15e88ep+10, 0x1.a7686db8e863ep+10, 
0x1.a7b229cee317bp+10, 0x1.aa55c2f1300ccp+10, 0x1.a8df39d6bc9f3p+10, 
0x1.aa33747eccdd1p+10, 0x1.ad0719f5afdecp+10, 0x1.ab20b8ed9aea8p+10, 
0x1.ac857e34cb786p+10, 0x1.b43a56310abaap+10, 0x1.b4e192b6432b5p+10, 
0x1.b730c453ffc2p+10, 0x1.b72d14f403cd9p+10, 0x1.b831388c52975p+10, 
0x1.b975ad8a75d93p+10, 0x1.c02b972f76127p+10, 0x1.c07dcc4798ep+10, 
0x1.c40107f194a3p+10, 0x1.c5b87118aed88p+10, 0x1.c63f8fd56c047p+10, 
0x1.cae968d734469p+10, 0x1.c99f1390e3071p+10, 0x1.b91067e579217p+10, 
0x1.c2a5c9d46e709p+10, 0x1.c5c2e01c798c2p+10, 0x1.cb0125b401a5dp+10
)), class = "data.frame", row.names = c(NA, -207L))
