structure(list(period_id = c("1995Q1", "1995Q2", "1995Q3", "1995Q4", 
"1996Q1", "1996Q2", "1996Q3", "1996Q4", "1997Q1", "1997Q2", "1997Q3", 
"1997Q4", "1998Q1", "1998Q2", "1998Q3", "1998Q4", "1999Q1", "1999Q2", 
"1999Q3", "1999Q4", "2000Q1", "2000Q2", "2000Q3", "2000Q4", "2001Q1", 
"2001Q2", "2001Q3", "2001Q4", "2002Q1", "2002Q2", "2002Q3", "2002Q4", 
"2003Q1", "2003Q2", "2003Q3", "2003Q4", "2004Q1", "2004Q2", "2004Q3", 
"2004Q4", "2005Q1", "2005Q2", "2005Q3", "2005Q4", "2006Q1", "2006Q2", 
"2006Q3", "2006Q4", "2007Q1", "2007Q2", "2007Q3", "2007Q4", "2008Q1", 
"2008Q2", "2008Q3", "2008Q4", "2009Q1", "2009Q2", "2009Q3", "2009Q4", 
"2010Q1", "2010Q2", "2010Q3", "2010Q4", "2011Q1", "2011Q2", "2011Q3", 
"2011Q4", "2012Q1", "2012Q2", "2012Q3", "2012Q4", "2013Q1", "2013Q2", 
"2013Q3", "2013Q4", "2014Q1", "2014Q2", "2014Q3", "2014Q4", "2015Q1", 
"2015Q2", "2015Q3", "2015Q4", "2016Q1", "2016Q2", "2016Q3", "2016Q4", 
"2017Q1", "2017Q2", "2017Q3", "2017Q4", "2018Q1", "2018Q2", "2018Q3", 
"2018Q4", "2019Q1", "2019Q2", "2019Q3", "2019Q4", "2020Q1", "2020Q2", 
"2020Q3", "2020Q4", "2021Q1", "2021Q2", "2021Q3", "2021Q4", "2022Q1", 
"2022Q2", "2022Q3", "2022Q4", "2023Q1", "2023Q2", "2023Q3", "2023Q4", 
"2024Q1", "2024Q2", "2024Q3"), value = c(NA, NA, NA, NA, 0x1.22309bcfd4bf1p+9, 
0x1.25da934acaff7p+9, 0x1.2f6dff25e56cdp+9, 0x1.318eb780346dcp+9, 
0x1.3611ea3df6db9p+9, 0x1.4d3b3882278d1p+9, 0x1.485d51bd61f5cp+9, 
0x1.450ccffa7eb6cp+9, 0x1.4cbe75ab7dc7bp+9, 0x1.4efaf41f212d7p+9, 
0x1.4e2e6d3f9e7b8p+9, 0x1.61a9400b88ca4p+9, 0x1.62ff8f3eccc47p+9, 
0x1.b7fd8e4b87bddp+9, 0x1.6a58ed45e9186p+9, 0x1.772b8d045fe11p+9, 
0x1.938a9b52007ddp+9, 0x1.93d539d1b2e5ap+9, 0x1.a2a85f41aef7p+9, 
0x1.a105fab96f21fp+9, 0x1.90e146994185p+9, 0x1.9094b10ba6267p+9, 
0x1.8f1d62ae4b018p+9, 0x1.8e0e56abde3fcp+9, 0x1.89c4467be553bp+9, 
0x1.86fce18ac9f3p+9, 0x1.985e797891e21p+9, 0x1.a1e1e24febd0ap+9, 
0x1.af3546dc5d639p+9, 0x1.c0bca9930be0ep+9, 0x1.b8e05af6c69b6p+9, 
0x1.bc544f6598e11p+9, 0x1.bd6a01bc98a22p+9, 0x1.acc57785729b3p+9, 
0x1.ba74366516db1p+9, 0x1.af38b9f559b3dp+9, 0x1.b112a60913a5p+9, 
0x1.b68dedc7ef178p+9, 0x1.a89a60f5e41d5p+9, 0x1.aafe7d34df04ep+9, 
0x1.9c3923dd54da5p+9, 0x1.a9b8093532e7bp+9, 0x1.b513f0d413123p+9, 
0x1.d001547e06962p+9, 0x1.db9ed48882f0ep+9, 0x1.f8551a8ef77f2p+9, 
0x1.07e46872b020cp+10, 0x1.0faad3b6cbd98p+10, 0x1.27b5cd9a52264p+10, 
0x1.18f950225742ep+10, 0x1.17e8d00713f07p+10, 0x1.03cfba4d6e47ep+10, 
0x1.e0f3aad601ffbp+9, 0x1.ce43b5aea3162p+9, 0x1.ad2452ac753e7p+9, 
0x1.99b6a6f3f52fcp+9, 0x1.8c234af4f0d84p+9, 0x1.6cde567125dd1p+9, 
0x1.57ddc42a66dbdp+9, 0x1.3189cbbc2b94ep+9, 0x1.1bdcf2e05ccc9p+9, 
0x1.10afdbdb5d895p+9, 0x1.0de8b0d9513f9p+9, 0x1.249b362e90364p+9, 
0x1.0c93c02afdda9p+9, 0x1.0e945529fe005p+9, 0x1.1c122d9cf13cfp+9, 
0x1.f874606748e47p+8, 0x1.e6af02f72b453p+8, 0x1.dfa85c24c404ap+8, 
0x1.043d3269df97bp+9, 0x1.26f50ff10ecb7p+9, 0x1.29ee445aa2e3cp+9, 
0x1.3d5928c79f666p+9, 0x1.35d13458cd20bp+9, 0x1.175fb2bba98eep+9, 
0x1.26c48ec52a412p+9, 0x1.284581f10668p+9, 0x1.1148ddd6e04cp+9, 
0x1.0caa044284dfdp+9, 0x1.ba4715831f03dp+8, 0x1.c720a63305101p+8, 
0x1.d1555970b49ep+8, 0x1.d73f4d6a161e5p+8, 0x1.ef3e79cc74b84p+8, 
0x1.eba967125dd09p+8, 0x1.cd423fdd65a14p+8, 0x1.0ce3530ced4e5p+9, 
0x1.02a746dc5d639p+9, 0x1.110d5e28aa433p+9, 0x1.2015c84b5dcc6p+9, 
0x1.3395cdc443915p+9, 0x1.3494794ea077p+9, 0x1.4534637bd05afp+9, 
0x1.24147ad080b67p+9, 0x1.1c25cff64cf8dp+9, 0x1.2926a6dacabc5p+9, 
0x1.0a2410cf5b1c8p+9, 0x1.21abb9628cbd1p+9, 0x1.28f38088509cp+9, 
0x1.27795db3397ddp+9, 0x1.2d36539756c94p+9, 0x1.3b9fe542e557ep+9, 
0x1.3638e9142b303p+9, 0x1.31be450acc0bep+9, 0x1.2c26435efa616p+9, 
0x1.3bcfbc33f8551p+9, 0x1.416fd1cc100e7p+9, 0x1.57683ed0f6274p+9, 
0x1.60224e0daa0cbp+9, 0x1.6484e44b6e936p+9, 0x1.5383049235f81p+9, 
0x1.5b54d90e23af3p+9, 0x1.4a8c86d71f362p+9, 0x1.26b829e0a41a2p+9
)), class = "data.frame", row.names = c(NA, -119L))
