structure(list(period_id = c("1995Q1", "1995Q2", "1995Q3", "1995Q4", 
"1996Q1", "1996Q2", "1996Q3", "1996Q4", "1997Q1", "1997Q2", "1997Q3", 
"1997Q4", "1998Q1", "1998Q2", "1998Q3", "1998Q4", "1999Q1", "1999Q2", 
"1999Q3", "1999Q4", "2000Q1", "2000Q2", "2000Q3", "2000Q4", "2001Q1", 
"2001Q2", "2001Q3", "2001Q4", "2002Q1", "2002Q2", "2002Q3", "2002Q4", 
"2003Q1", "2003Q2", "2003Q3", "2003Q4", "2004Q1", "2004Q2", "2004Q3", 
"2004Q4", "2005Q1", "2005Q2", "2005Q3", "2005Q4", "2006Q1", "2006Q2", 
"2006Q3", "2006Q4", "2007Q1", "2007Q2", "2007Q3", "2007Q4", "2008Q1", 
"2008Q2", "2008Q3", "2008Q4", "2009Q1", "2009Q2", "2009Q3", "2009Q4", 
"2010Q1", "2010Q2", "2010Q3", "2010Q4", "2011Q1", "2011Q2", "2011Q3", 
"2011Q4", "2012Q1", "2012Q2", "2012Q3", "2012Q4", "2013Q1", "2013Q2", 
"2013Q3", "2013Q4", "2014Q1", "2014Q2", "2014Q3", "2014Q4", "2015Q1", 
"2015Q2", "2015Q3", "2015Q4", "2016Q1", "2016Q2", "2016Q3", "2016Q4", 
"2017Q1", "2017Q2", "2017Q3", "2017Q4", "2018Q1", "2018Q2", "2018Q3", 
"2018Q4", "2019Q1", "2019Q2", "2019Q3", "2019Q4", "2020Q1", "2020Q2", 
"2020Q3", "2020Q4", "2021Q1", "2021Q2", "2021Q3", "2021Q4", "2022Q1", 
"2022Q2", "2022Q3", "2022Q4", "2023Q1", "2023Q2", "2023Q3", "2023Q4", 
"2024Q1", "2024Q2", "2024Q3"), value = c(0x1.43e940fecdd0ep+6, 
0x1.58a49d7ba6699p+6, 0x1.6e84fb97bb731p+6, 0x1.80d9ae924f228p+6, 
0x1.7fef944241c3fp+6, 0x1.bb300218def41p+6, 0x1.cab43cc07aaefp+6, 
0x1.d4a806af46aa1p+6, 0x1.c01ead9274e23p+6, 0x1.1a72389720429p+7, 
0x1.27d9e646f1562p+7, 0x1.320a16a487336p+7, 0x1.0d33dddb1209fp+7, 
0x1.494d9f90539fcp+7, 0x1.4562b21815a08p+7, 0x1.402ace89656efp+7, 
0x1.23a79ebe9c886p+7, 0x1.6e26453d20f2cp+7, 0x1.67dac1d29dc72p+7, 
0x1.5e71c6f36ef8p+7, 0x1.2cceaad1d041dp+7, 0x1.736fe670e2c13p+7, 
0x1.56fa620253975p+7, 0x1.56c794855da27p+7, 0x1.293674d163348p+7, 
0x1.83158dde7a744p+7, 0x1.72d5f71eafee7p+7, 0x1.605633269df98p+7, 
0x1.3f29435ac8a37p+7, 0x1.8f7bbd1676641p+7, 0x1.6ae985cee17ap+7, 
0x1.672d9d7774abap+7, 0x1.33aae3e6c4c59p+7, 0x1.85c200192a737p+7, 
0x1.78730728e92d5p+7, 0x1.7aa2699c7bcc3p+7, 0x1.4656b3fe9fadbp+7, 
0x1.c09f969e3c969p+7, 0x1.e0bdbd2fa0d78p+7, 0x1.df32239e6ab9bp+7, 
0x1.a1ffd60e94ee4p+7, 0x1.28ae2cfd8f0c7p+8, 0x1.1f7cb0079a283p+8, 
0x1.109d577963993p+8, 0x1.e729d2e0e3044p+7, 0x1.49655475a31a5p+8, 
0x1.47e0aa10e0221p+8, 0x1.40954866a11edp+8, 0x1.1d1df4906034fp+8, 
0x1.7837256ffc116p+8, 0x1.96d0738a3b57cp+8, 0x1.8cfa512a94ffp+8, 
0x1.70f7599aa6091p+8, 0x1.ea5045fe11127p+8, 0x1.d1ccea4a8c155p+8, 
0x1.9343c3e74afd5p+8, 0x1.4736dc6e2a8p+8, 0x1.7f4e1a1db877bp+8, 
0x1.6625a9435ac8ap+8, 0x1.3cb42ca148ba8p+8, 0x1.013d8f605ab3bp+8, 
0x1.3ec3aebc408d9p+8, 0x1.260f1ec0b5675p+8, 0x1.0ac2f2d7f950cp+8, 
0x1.db4fcd0353719p+7, 0x1.1f0b963992c8cp+8, 0x1.06accb8e086bep+8, 
0x1.e19dcb790fb65p+7, 0x1.a2c7ffbce4218p+7, 0x1.f2dfb395c422p+7, 
0x1.daaaa0a958538p+7, 0x1.bb6fafea3df6ep+7, 0x1.7b6da272862f6p+7, 
0x1.d868b5ed8d36bp+7, 0x1.c16ca90470a81p+7, 0x1.a8d33c1ce6c09p+7, 
0x1.65e15dd4c76d1p+7, 0x1.bfb8a265f0f5ap+7, 0x1.a6adb9a5a89b9p+7, 
0x1.8d041bfbdf091p+7, 0x1.62762e9036439p+7, 0x1.c07c1333b96afp+7, 
0x1.af2cbfb15b574p+7, 0x1.a8384e831ad21p+7, 0x1.66977ec3547ep+7, 
0x1.c23b178b37004p+7, 0x1.b889806f26289p+7, 0x1.aac85a4f00ef1p+7, 
0x1.7f9574927913fp+7, 0x1.dd2ae642bf983p+7, 0x1.dffce0114d2f6p+7, 
0x1.d5b0561d4306ep+7, 0x1.8f353bf2f5558p+7, 0x1.f18c6327ed84dp+7, 
0x1.f7133fa6defc8p+7, 0x1.f5f14bdfd2631p+7, 0x1.d3034aa9717dfp+7, 
0x1.1d02148ba83f5p+8, 0x1.11f54db59578ap+8, 0x1.04766b1e5c0bap+8, 
0x1.0b263f4666ecap+8, 0x1.00ffc5cdd50a9p+8, 0x1.122d9c6b0531ap+8, 
0x1.1174cdd93c46ep+8, 0x1.115dfefbf401cp+8, 0x1.2a74c5a8155d6p+8, 
0x1.478e9e3c96894p+8, 0x1.66293ec460ed8p+8, 0x1.67b7150dae3e7p+8, 
0x1.97af1e4b44a1fp+8, 0x1.9da2e49f51698p+8, 0x1.9a1c65e892253p+8, 
0x1.a0922ca9ac365p+8, 0x1.cc1c83dbc2331p+8, 0x1.ea41bef49cf57p+8, 
0x1.f3610ea9e6eebp+8, 0x1.d94a619da9c99p+8, 0x1.dd44fce746cb9p+8, 
0x1.ce46fa93af74dp+8)), class = "data.frame", row.names = c(NA, 
-119L))
