structure(list(period_id = c("1995Q1", "1995Q2", "1995Q3", "1995Q4", 
"1996Q1", "1996Q2", "1996Q3", "1996Q4", "1997Q1", "1997Q2", "1997Q3", 
"1997Q4", "1998Q1", "1998Q2", "1998Q3", "1998Q4", "1999Q1", "1999Q2", 
"1999Q3", "1999Q4", "2000Q1", "2000Q2", "2000Q3", "2000Q4", "2001Q1", 
"2001Q2", "2001Q3", "2001Q4", "2002Q1", "2002Q2", "2002Q3", "2002Q4", 
"2003Q1", "2003Q2", "2003Q3", "2003Q4", "2004Q1", "2004Q2", "2004Q3", 
"2004Q4", "2005Q1", "2005Q2", "2005Q3", "2005Q4", "2006Q1", "2006Q2", 
"2006Q3", "2006Q4", "2007Q1", "2007Q2", "2007Q3", "2007Q4", "2008Q1", 
"2008Q2", "2008Q3", "2008Q4", "2009Q1", "2009Q2", "2009Q3", "2009Q4", 
"2010Q1", "2010Q2", "2010Q3", "2010Q4", "2011Q1", "2011Q2", "2011Q3", 
"2011Q4", "2012Q1", "2012Q2", "2012Q3", "2012Q4", "2013Q1", "2013Q2", 
"2013Q3", "2013Q4", "2014Q1", "2014Q2", "2014Q3", "2014Q4", "2015Q1", 
"2015Q2", "2015Q3", "2015Q4", "2016Q1", "2016Q2", "2016Q3", "2016Q4", 
"2017Q1", "2017Q2", "2017Q3", "2017Q4", "2018Q1", "2018Q2", "2018Q3", 
"2018Q4", "2019Q1", "2019Q2", "2019Q3", "2019Q4", "2020Q1", "2020Q2", 
"2020Q3", "2020Q4", "2021Q1", "2021Q2", "2021Q3", "2021Q4", "2022Q1", 
"2022Q2", "2022Q3", "2022Q4", "2023Q1", "2023Q2", "2023Q3", "2023Q4", 
"2024Q1", "2024Q2", "2024Q3", "2024Q4", "2025Q1", "2025Q2"), 
    value = c(0x1.dc70a3d70a3d7p+5, 0x1.d08b439581062p+5, 0x1.cb916872b020cp+5, 
    0x1.cc126e978d4fep+5, 0x1.d045a1cac0831p+5, 0x1.d220c49ba5e35p+5, 
    0x1.ce20c49ba5e35p+5, 0x1.d96872b020c4ap+5, 0x1.ccd4fdf3b645ap+5, 
    0x1.d15604189374cp+5, 0x1.df083126e978dp+5, 0x1.e0083126e978dp+5, 
    0x1.d9c083126e979p+5, 0x1.d64fdf3b645a2p+5, 0x1.d69999999999ap+5, 
    0x1.dc5a1cac08312p+5, 0x1.eaa9fbe76c8b4p+5, 0x1.f8ae147ae147bp+5, 
    0x1.02ee978d4fdf4p+6, 0x1.0804189374bc7p+6, 0x1.0a03126e978d5p+6, 
    0x1.0bbc6a7ef9db2p+6, 0x1.0cbe76c8b4396p+6, 0x1.0d5b22d0e5604p+6, 
    0x1.0e90624dd2f1bp+6, 0x1.0e3645a1cac08p+6, 0x1.0d883126e978dp+6, 
    0x1.0ce45a1cac083p+6, 0x1.0b353f7ced917p+6, 0x1.0a2e147ae147bp+6, 
    0x1.09c49ba5e353fp+6, 0x1.09c28f5c28f5cp+6, 0x1.09ba5e353f7cfp+6, 
    0x1.0a03126e978d5p+6, 0x1.09989374bc6a8p+6, 0x1.085604189374cp+6, 
    0x1.084cccccccccdp+6, 0x1.07fced916872bp+6, 0x1.085916872b021p+6, 
    0x1.0abb645a1cac1p+6, 0x1.0d1a9fbe76c8bp+6, 0x1.0f4ed916872bp+6, 
    0x1.12ab020c49ba6p+6, 0x1.15d0e56041893p+6, 0x1.19072b020c49cp+6, 
    0x1.1f4bc6a7ef9dbp+6, 0x1.269a9fbe76c8bp+6, 0x1.2e1db22d0e56p+6, 
    0x1.3854fdf3b645ap+6, 0x1.436b851eb851fp+6, 0x1.4d8624dd2f1aap+6, 
    0x1.585e353f7ced9p+6, 0x1.63c6a7ef9db23p+6, 0x1.6d9374bc6a7fp+6, 
    0x1.7604189374bc7p+6, 0x1.7a6d916872b02p+6, 0x1.780c49ba5e354p+6, 
    0x1.71ea7ef9db22dp+6, 0x1.69e872b020c4ap+6, 0x1.624bc6a7ef9dbp+6, 
    0x1.5c0b439581062p+6, 0x1.5170a3d70a3d7p+6, 0x1.468d4fdf3b646p+6, 
    0x1.3b9fbe76c8b44p+6, 0x1.311fbe76c8b44p+6, 0x1.27947ae147ae1p+6, 
    0x1.2166666666666p+6, 0x1.1a6a7ef9db22dp+6, 0x1.172c083126e98p+6, 
    0x1.120a3d70a3d71p+6, 0x1.0a2d0e5604189p+6, 0x1.04570a3d70a3dp+6, 
    0x1.fb95810624dd3p+5, 0x1.f6604189374bcp+5, 0x1.f5f9db22d0e56p+5, 
    0x1.f5b645a1cac08p+5, 0x1.f4147ae147ae1p+5, 0x1.f27ef9db22d0ep+5, 
    0x1.f204189374bc7p+5, 0x1.f289374bc6a7fp+5, 0x1.f466666666666p+5, 
    0x1.f5f1a9fbe76c9p+5, 0x1.f5b851eb851ecp+5, 0x1.f416872b020c5p+5, 
    0x1.f1b020c49ba5ep+5, 0x1.f11cac083126fp+5, 0x1.f0cac083126e9p+5, 
    0x1.f2d2f1a9fbe77p+5, 0x1.f4a9fbe76c8b4p+5, 0x1.fa083126e978dp+5, 
    0x1.ff0624dd2f1aap+5, 0x1.02ea7ef9db22dp+6, 0x1.073f7ced91687p+6, 
    0x1.0b2e147ae147bp+6, 0x1.11b126e978d5p+6, 0x1.181cac083126fp+6, 
    0x1.1ee24dd2f1aap+6, 0x1.25ccccccccccdp+6, 0x1.2a0d4fdf3b646p+6, 
    0x1.2d51eb851eb85p+6, 0x1.3146a7ef9db23p+6, 0x1.2ba3d70a3d70ap+6, 
    0x1.2e77ced916873p+6, 0x1.32f2b020c49bap+6, 0x1.356e978d4fdf4p+6, 
    0x1.389fbe76c8b44p+6, 0x1.3e810624dd2f2p+6, 0x1.4350e56041893p+6, 
    0x1.4a96872b020c5p+6, 0x1.506e978d4fdf4p+6, 0x1.55072b020c49cp+6, 
    0x1.58f6c8b439581p+6, 0x1.5aac083126e98p+6, 0x1.5be45a1cac083p+6, 
    0x1.5c8f5c28f5c29p+6, 0x1.5ca0c49ba5e35p+6, 0x1.5c820c49ba5e3p+6, 
    0x1.5b1db22d0e56p+6, 0x1.5904189374bc7p+6, 0x1.56bf7ced91687p+6, 
    0x1.5427ef9db22d1p+6, 0x1.51f6c8b439581p+6)), class = "data.frame", row.names = c(NA, 
-122L))
