structure(list(period_id = c("2014", "2015", "2016", "2017", 
"2018", "2019", "2020", "2021", "2022", "2023"), value = c(0x1.425358c9a733ep+8, 
0x1.2b583b4683af4p+8, 0x1.36191e4a4324p+8, 0x1.5281a438ab94p+8, 
0x1.6c888ce1fae31p+8, 0x1.6bb3ebd1bccacp+8, 0x1.9ba54ee772542p+8, 
0x1.dfab42eefcb24p+8, 0x1.e16f82e7c76fcp+8, 0x1.157cc71b7c8fap+9
)), class = "data.frame", row.names = c(NA, -10L))
