structure(list(period_id = c("2008M01", "2008M02", "2008M03", 
"2008M04", "2008M05", "2008M06", "2008M07", "2008M08", "2008M09", 
"2008M10", "2008M11", "2008M12", "2009M01", "2009M02", "2009M03", 
"2009M04", "2009M05", "2009M06", "2009M07", "2009M08", "2009M09", 
"2009M10", "2009M11", "2009M12", "2010M01", "2010M02", "2010M03", 
"2010M04", "2010M05", "2010M06", "2010M07", "2010M08", "2010M09", 
"2010M10", "2010M11", "2010M12", "2011M01", "2011M02", "2011M03", 
"2011M04", "2011M05", "2011M06", "2011M07", "2011M08", "2011M09", 
"2011M10", "2011M11", "2011M12", "2012M01", "2012M02", "2012M03", 
"2012M04", "2012M05", "2012M06", "2012M07", "2012M08", "2012M09", 
"2012M10", "2012M11", "2012M12", "2013M01", "2013M02", "2013M03", 
"2013M04", "2013M05", "2013M06", "2013M07", "2013M08", "2013M09", 
"2013M10", "2013M11", "2013M12", "2014M01", "2014M02", "2014M03", 
"2014M04", "2014M05", "2014M06", "2014M07", "2014M08", "2014M09", 
"2014M10", "2014M11", "2014M12", "2015M01", "2015M02", "2015M03", 
"2015M04", "2015M05", "2015M06", "2015M07", "2015M08", "2015M09", 
"2015M10", "2015M11", "2015M12", "2016M01", "2016M02", "2016M03", 
"2016M04", "2016M05", "2016M06", "2016M07", "2016M08", "2016M09", 
"2016M10", "2016M11", "2016M12", "2017M01", "2017M02", "2017M03", 
"2017M04", "2017M05", "2017M06", "2017M07", "2017M08", "2017M09", 
"2017M10", "2017M11", "2017M12", "2018M01", "2018M02", "2018M03", 
"2018M04", "2018M05", "2018M06", "2018M07", "2018M08", "2018M09", 
"2018M10", "2018M11", "2018M12", "2019M01", "2019M02", "2019M03", 
"2019M04", "2019M05", "2019M06", "2019M07", "2019M08", "2019M09", 
"2019M10", "2019M11", "2019M12", "2020M01", "2020M02", "2020M03", 
"2020M04", "2020M05", "2020M06", "2020M07", "2020M08", "2020M09", 
"2020M10", "2020M11", "2020M12", "2021M01", "2021M02", "2021M03", 
"2021M04", "2021M05", "2021M06", "2021M07", "2021M08", "2021M09", 
"2021M10", "2021M11", "2021M12", "2022M01", "2022M02", "2022M03", 
"2022M04", "2022M05", "2022M06", "2022M07", "2022M08", "2022M09", 
"2022M10", "2022M11", "2022M12", "2023M01", "2023M02", "2023M03", 
"2023M04", "2023M05", "2023M06", "2023M07", "2023M08", "2023M09", 
"2023M10", "2023M11", "2023M12", "2024M01", "2024M02", "2024M03", 
"2024M04", "2024M05", "2024M06", "2024M07", "2024M08", "2024M09", 
"2024M10", "2024M11", "2024M12", "2025M01", "2025M02", "2025M03", 
"2025M04", "2025M05"), value = c(0x1.5a979dd7374d6p+10, 0x1.5988d4e5eb62dp+10, 
0x1.5c4f7c53f3e1dp+10, 0x1.5ba7377b7be0fp+10, 0x1.5e98d910d30fdp+10, 
0x1.5d9cfaffe719fp+10, 0x1.5c4337786d483p+10, 0x1.5fe4ee512cb28p+10, 
0x1.5f5a5dfbfcd7p+10, 0x1.60379719df22ep+10, 0x1.627159a527125p+10, 
0x1.6426c7bc7618p+10, 0x1.6141feadadcep+10, 0x1.579d656360c95p+10, 
0x1.5a82ed80fbe68p+10, 0x1.5f452d7280e1dp+10, 0x1.5fdeb3d4935a3p+10, 
0x1.6073533273c5fp+10, 0x1.63741b5f139a4p+10, 0x1.608315cbfd42bp+10, 
0x1.65019edc32313p+10, 0x1.6571e5a016bf9p+10, 0x1.626eeb54a60b5p+10, 
0x1.64f8179258fc2p+10, 0x1.66a9bb41b3c51p+10, 0x1.63f40d946650ep+10, 
0x1.7078ec4bda66ap+10, 0x1.6ec81041eb68ep+10, 0x1.6c40e9086049bp+10, 
0x1.705d46cb21623p+10, 0x1.7000dd9563945p+10, 0x1.6de7b1310a318p+10, 
0x1.70028c509d89cp+10, 0x1.6fc1774e08754p+10, 0x1.712fb5113f7b9p+10, 
0x1.6dfadb8174b04p+10, 0x1.6eb7c6e55bb2p+10, 0x1.749b9156f81dbp+10, 
0x1.7050803e5236ep+10, 0x1.71bd39562f17p+10, 0x1.706777632a0b6p+10, 
0x1.716e607a4d9d2p+10, 0x1.707d0e79ac3e6p+10, 0x1.7476388968337p+10, 
0x1.714f8436db035p+10, 0x1.6efd7dbc1c5fep+10, 0x1.7173fbae733e4p+10, 
0x1.6d44fbc440b99p+10, 0x1.6eb7a6db66312p+10, 0x1.6cfa4bd5bc40bp+10, 
0x1.6bf82f04414bep+10, 0x1.6abccd7c5aa95p+10, 0x1.6c79708495582p+10, 
0x1.6a4a8d8b8043ep+10, 0x1.6b4004bff9127p+10, 0x1.6aae915d2323ap+10, 
0x1.66b5e145f7989p+10, 0x1.681f861b9b305p+10, 0x1.646fd0d21b274p+10, 
0x1.65e1e92824b38p+10, 0x1.660e50dd23dep+10, 0x1.63e1a116600ffp+10, 
0x1.65999544089ep+10, 0x1.653dd7fd43f96p+10, 0x1.6702a0afdf748p+10, 
0x1.65d625f054396p+10, 0x1.64186575ad14fp+10, 0x1.6520a91c289cep+10, 
0x1.65b07be1c87abp+10, 0x1.667ef82538c84p+10, 0x1.66eb56d803e2ep+10, 
0x1.66db66cb90e45p+10, 0x1.691172519cf92p+10, 0x1.6975784bcd95fp+10, 
0x1.67913637fd6fap+10, 0x1.6764e594e8abp+10, 0x1.6aa608ed9725bp+10, 
0x1.68f16902ce2d2p+10, 0x1.6c52e2428a5d2p+10, 0x1.69fd79b914161p+10, 
0x1.6ac5f28afa6cp+10, 0x1.6b67184732854p+10, 0x1.6940420c0cb7dp+10, 
0x1.68f427bdbaf45p+10, 0x1.6ac03f290f6c8p+10, 0x1.6903512a5fc55p+10, 
0x1.6b11d51486084p+10, 0x1.6de4999f2a7cdp+10, 0x1.6aaa2c1ebf302p+10, 
0x1.6faaec6860179p+10, 0x1.6e948812daf96p+10, 0x1.6c209d8f13755p+10, 
0x1.6ec41fdbb8591p+10, 0x1.6f0b2e1a31e57p+10, 0x1.732887a755e1bp+10, 
0x1.67ef641eb75c4p+10, 0x1.7088e977352ap+10, 0x1.76ac5967385c6p+10, 
0x1.75b8a8b61f759p+10, 0x1.7424b32eed509p+10, 0x1.71e41e2ef477ap+10, 
0x1.710d76bbf2acbp+10, 0x1.71ac036943663p+10, 0x1.753e83bf5c1bcp+10, 
0x1.74c812125d108p+10, 0x1.7414e99c056dap+10, 0x1.730c0ea55390fp+10, 
0x1.7483eea21852cp+10, 0x1.73d671beccab8p+10, 0x1.72ad1681e57f4p+10, 
0x1.74deb5b182914p+10, 0x1.75341a2ac653fp+10, 0x1.7a2425ef2f09fp+10, 
0x1.792205a5201bcp+10, 0x1.7aa03b1b32c16p+10, 0x1.7aeb0dec66cb3p+10, 
0x1.7c32ac32ab02bp+10, 0x1.7d15b8a2a4929p+10, 0x1.7d7b21b1ce038p+10, 
0x1.81a4ff65da8f5p+10, 0x1.7e49be996f771p+10, 0x1.7ddfc0b76a343p+10, 
0x1.7e12dde16f167p+10, 0x1.826d02a5e7a97p+10, 0x1.80e82886bd4fdp+10, 
0x1.81d6aa841a31bp+10, 0x1.81700d9be8efcp+10, 0x1.8468082a31f08p+10, 
0x1.82fa77ae40b52p+10, 0x1.858f26d5786dp+10, 0x1.85df9d7bfc0b1p+10, 
0x1.88a46e0f0e043p+10, 0x1.87b061382005cp+10, 0x1.8858b1dd3255bp+10, 
0x1.88d42ea7380f5p+10, 0x1.862539d4b5abfp+10, 0x1.8852e1240ee8ap+10, 
0x1.89bf82675392dp+10, 0x1.8bf77e39ca38bp+10, 0x1.89b21c911993ep+10, 
0x1.8bc0340d86c4ep+10, 0x1.8f73bb988977ep+10, 0x1.90a1175e5d412p+10, 
0x1.8f223db4e8ac9p+10, 0x1.92e66b1038603p+10, 0x1.92a3d444babf3p+10, 
0x1.7dd8cfece1e28p+10, 0x1.ad5bf23e7dc6p+10, 0x1.a96ee72c65906p+10, 
0x1.96b29f62c417bp+10, 0x1.99d6100611bc9p+10, 0x1.9eb0ad03bd37dp+10, 
0x1.9f4edee90a65dp+10, 0x1.9d78330620129p+10, 0x1.a134af87af7d8p+10, 
0x1.a5372f9d8b7ffp+10, 0x1.a61bc3b0211aep+10, 0x1.a8ae21988e48p+10, 
0x1.aaa8413c388d9p+10, 0x1.ab34349a2b6fep+10, 0x1.a785a241926a5p+10, 
0x1.af653fbee4d4fp+10, 0x1.ae18b684e210dp+10, 0x1.aca5efce387a5p+10, 
0x1.aee848941b06cp+10, 0x1.ab60ea4c6665ep+10, 0x1.ab9e45483a2a7p+10, 
0x1.b0227f2951c53p+10, 0x1.99d2137da36eep+10, 0x1.9d06d565b20a2p+10, 
0x1.ab62fa681b20ep+10, 0x1.aaa9ff4dc485bp+10, 0x1.a3a78c61a3ac7p+10, 
0x1.a08192ea1896bp+10, 0x1.9eae9f4abb2d2p+10, 0x1.9ed4757df5112p+10, 
0x1.a36571a114726p+10, 0x1.a53b5f2b3d201p+10, 0x1.a38a3e3cbad6ep+10, 
0x1.a01b523ce767bp+10, 0x1.a1b3ad1be91b3p+10, 0x1.a516136ec79b2p+10, 
0x1.a748f3210a461p+10, 0x1.a8323b50609eep+10, 0x1.aa38dcf1bbbdbp+10, 
0x1.a8fa721b0d80dp+10, 0x1.aa32e5f18027p+10, 0x1.acfd37f6c4259p+10, 
0x1.ab15509755a84p+10, 0x1.ac6763025b328p+10, 0x1.b407a0260f87dp+10, 
0x1.b4e55e7c76c6ap+10, 0x1.b70c8d9eabac6p+10, 0x1.b70087c01046ep+10, 
0x1.b7d3817a1ae22p+10, 0x1.bb1ebeecb9401p+10, 0x1.bfec265f579d6p+10, 
0x1.c088a2c74394ep+10, 0x1.c4052e6b6c847p+10, 0x1.c5942ef4ff924p+10, 
0x1.c618674d650e5p+10, 0x1.ca999674c0b0ep+10, 0x1.c92a7e4c29d56p+10, 
0x1.b90fb645972efp+10, 0x1.c24aa18d42ac5p+10, 0x1.c54b0cb598c9p+10, 
0x1.ca5b263064accp+10, 0x1.ca82241af025p+10, 0x1.d03f3127ca4d8p+10
)), class = "data.frame", row.names = c(NA, -209L))
