structure(list(period_id = c("1995Q1", "1995Q2", "1995Q3", "1995Q4", 
"1996Q1", "1996Q2", "1996Q3", "1996Q4", "1997Q1", "1997Q2", "1997Q3", 
"1997Q4", "1998Q1", "1998Q2", "1998Q3", "1998Q4", "1999Q1", "1999Q2", 
"1999Q3", "1999Q4", "2000Q1", "2000Q2", "2000Q3", "2000Q4", "2001Q1", 
"2001Q2", "2001Q3", "2001Q4", "2002Q1", "2002Q2", "2002Q3", "2002Q4", 
"2003Q1", "2003Q2", "2003Q3", "2003Q4", "2004Q1", "2004Q2", "2004Q3", 
"2004Q4", "2005Q1", "2005Q2", "2005Q3", "2005Q4", "2006Q1", "2006Q2", 
"2006Q3", "2006Q4", "2007Q1", "2007Q2", "2007Q3", "2007Q4", "2008Q1", 
"2008Q2", "2008Q3", "2008Q4", "2009Q1", "2009Q2", "2009Q3", "2009Q4", 
"2010Q1", "2010Q2", "2010Q3", "2010Q4", "2011Q1", "2011Q2", "2011Q3", 
"2011Q4", "2012Q1", "2012Q2", "2012Q3", "2012Q4", "2013Q1", "2013Q2", 
"2013Q3", "2013Q4", "2014Q1", "2014Q2", "2014Q3", "2014Q4", "2015Q1", 
"2015Q2", "2015Q3", "2015Q4", "2016Q1", "2016Q2", "2016Q3", "2016Q4", 
"2017Q1", "2017Q2", "2017Q3", "2017Q4", "2018Q1", "2018Q2", "2018Q3", 
"2018Q4", "2019Q1", "2019Q2", "2019Q3", "2019Q4", "2020Q1", "2020Q2", 
"2020Q3", "2020Q4", "2021Q1", "2021Q2", "2021Q3", "2021Q4", "2022Q1", 
"2022Q2", "2022Q3", "2022Q4", "2023Q1", "2023Q2", "2023Q3", "2023Q4", 
"2024Q1", "2024Q2", "2024Q3", "2024Q4", "2025Q1"), value = c(NA, 
NA, NA, NA, 0x1.22309bcfd4bf1p+9, 0x1.25da934acaff7p+9, 0x1.2f6dff25e56cdp+9, 
0x1.318eb780346dcp+9, 0x1.3611ea3df6db9p+9, 0x1.4d3b3882278d1p+9, 
0x1.485d51bd61f5cp+9, 0x1.450ccffa7eb6cp+9, 0x1.4cbe75ab7dc7bp+9, 
0x1.4efaf41f212d7p+9, 0x1.4e2e6d3f9e7b8p+9, 0x1.61a9400b88ca4p+9, 
0x1.62ff8f3eccc47p+9, 0x1.b7fd8e4b87bddp+9, 0x1.6a58ed45e9186p+9, 
0x1.772b8d045fe11p+9, 0x1.938a9b52007ddp+9, 0x1.93d539d1b2e5ap+9, 
0x1.a2a85f41aef7p+9, 0x1.a105fab96f21fp+9, 0x1.90e146994185p+9, 
0x1.9094b10ba6267p+9, 0x1.8f1d62ae4b018p+9, 0x1.8e0e56abde3fcp+9, 
0x1.89c4467be553bp+9, 0x1.86fce18ac9f3p+9, 0x1.985e797891e21p+9, 
0x1.a1e1e24febd0ap+9, 0x1.af3546dc5d639p+9, 0x1.c0bca9930be0ep+9, 
0x1.b8e05af6c69b6p+9, 0x1.bc544f6598e11p+9, 0x1.bd6a01bc98a22p+9, 
0x1.acc57785729b3p+9, 0x1.ba74366516db1p+9, 0x1.af38b9f559b3dp+9, 
0x1.b112a60913a5p+9, 0x1.b68dedc7ef178p+9, 0x1.a89a60f5e41d5p+9, 
0x1.aafe7d34df04ep+9, 0x1.9c3923dd54da5p+9, 0x1.a9b8093532e7bp+9, 
0x1.b513f0d413123p+9, 0x1.d001547e06962p+9, 0x1.db9ed48882f0ep+9, 
0x1.f8551a8ef77f2p+9, 0x1.07e46872b020cp+10, 0x1.0faad3b6cbd98p+10, 
0x1.27b5cd9a52264p+10, 0x1.18f950225742ep+10, 0x1.17e8d00713f07p+10, 
0x1.03cfba4d6e47ep+10, 0x1.e0f3aad601ffbp+9, 0x1.ce43b5aea3162p+9, 
0x1.ad2452ac753e7p+9, 0x1.99b6a6f3f52fcp+9, 0x1.8c15780baa583p+9, 
0x1.6ccab7ed41b76p+9, 0x1.5841718eb895p+9, 0x1.3154defc7a398p+9, 
0x1.1b94b9991361ep+9, 0x1.10837d63022ddp+9, 0x1.0eafaa92e6213p+9, 
0x1.2468d245b291cp+9, 0x1.0c26113c68662p+9, 0x1.0e6e2089e3433p+9, 
0x1.1cce1f4b1ee24p+9, 0x1.f84bdfa00e27ep+8, 0x1.e5a4c1fc8f323p+8, 
0x1.df883c07ee0b1p+8, 0x1.04ceed783dff4p+9, 0x1.26ddac9afe1dap+9, 
0x1.2972eec7c957dp+9, 0x1.3d8b12231833p+9, 0x1.363e333764f12p+9, 
0x1.173821e1d2179p+9, 0x1.26393708aac97p+9, 0x1.28943e5b8561dp+9, 
0x1.11a116b11c6d2p+9, 0x1.0c9dfba450accp+9, 0x1.b93a744b2b778p+8, 
0x1.c79e543f1c758p+8, 0x1.d1b1f7e8038ap+8, 0x1.d741d9c27e953p+8, 
0x1.ee8e994185059p+8, 0x1.ec274d48882f1p+8, 0x1.cd7bb906466b2p+8, 
0x1.0cbd3a2595bbcp+9, 0x1.02714067cf1c3p+9, 0x1.115098fe69271p+9, 
0x1.20584da09cc32p+9, 0x1.3316c1a048e04p+9, 0x1.34852a497fa5dp+9, 
0x1.457b7db6e504p+9, 0x1.24b1b3743632cp+9, 0x1.1b284189374bcp+9, 
0x1.292bd68c692f7p+9, 0x1.0a598c111ada7p+9, 0x1.22cd672b8844p+9, 
0x1.276c9f40a2878p+9, 0x1.277db90ea9e6fp+9, 0x1.2d7fe3a7daa5p+9, 
0x1.3d5b8cfbfc654p+9, 0x1.33f449ba5e354p+9, 0x1.31baab367a0f9p+9, 
0x1.2cb4522ea0fd4p+9, 0x1.3e2c133c1ce6cp+9, 0x1.3e2379c842fa5p+9, 
0x1.57602bcf91a33p+9, 0x1.6123f327aa68fp+9, 0x1.67b650bd87b57p+9, 
0x1.4ef10247021d1p+9, 0x1.5b2da9da597d5p+9, 0x1.4c12c9ea9a3d3p+9, 
0x1.26d1b5d031056p+9, 0x1.49d8b74ddf86ep+9, 0x1.46f94ea077037p+9
)), class = "data.frame", row.names = c(NA, -121L))
