structure(list(period_id = c("1995Q1", "1995Q2", "1995Q3", "1995Q4", 
"1996Q1", "1996Q2", "1996Q3", "1996Q4", "1997Q1", "1997Q2", "1997Q3", 
"1997Q4", "1998Q1", "1998Q2", "1998Q3", "1998Q4", "1999Q1", "1999Q2", 
"1999Q3", "1999Q4", "2000Q1", "2000Q2", "2000Q3", "2000Q4", "2001Q1", 
"2001Q2", "2001Q3", "2001Q4", "2002Q1", "2002Q2", "2002Q3", "2002Q4", 
"2003Q1", "2003Q2", "2003Q3", "2003Q4", "2004Q1", "2004Q2", "2004Q3", 
"2004Q4", "2005Q1", "2005Q2", "2005Q3", "2005Q4", "2006Q1", "2006Q2", 
"2006Q3", "2006Q4", "2007Q1", "2007Q2", "2007Q3", "2007Q4", "2008Q1", 
"2008Q2", "2008Q3", "2008Q4", "2009Q1", "2009Q2", "2009Q3", "2009Q4", 
"2010Q1", "2010Q2", "2010Q3", "2010Q4", "2011Q1", "2011Q2", "2011Q3", 
"2011Q4", "2012Q1", "2012Q2", "2012Q3", "2012Q4", "2013Q1", "2013Q2", 
"2013Q3", "2013Q4", "2014Q1", "2014Q2", "2014Q3", "2014Q4", "2015Q1", 
"2015Q2", "2015Q3", "2015Q4", "2016Q1", "2016Q2", "2016Q3", "2016Q4", 
"2017Q1", "2017Q2", "2017Q3", "2017Q4", "2018Q1", "2018Q2", "2018Q3", 
"2018Q4", "2019Q1", "2019Q2", "2019Q3", "2019Q4", "2020Q1", "2020Q2", 
"2020Q3", "2020Q4", "2021Q1", "2021Q2", "2021Q3", "2021Q4", "2022Q1", 
"2022Q2", "2022Q3", "2022Q4", "2023Q1", "2023Q2", "2023Q3", "2023Q4", 
"2024Q1", "2024Q2", "2024Q3", "2024Q4", "2025Q1", "2025Q2"), 
    value = c(0x1.73eb020c49ba6p+7, 0x1.7929fbe76c8b4p+7, 0x1.6f03126e978d5p+7, 
    0x1.6d3be76c8b439p+7, 0x1.70de353f7ced9p+7, 0x1.7426666666666p+7, 
    0x1.766d916872b02p+7, 0x1.76c10624dd2f2p+7, 0x1.695a9fbe76c8bp+7, 
    0x1.672e147ae147bp+7, 0x1.69c395810624ep+7, 0x1.6ab53f7ced917p+7, 
    0x1.6b3ef9db22d0ep+7, 0x1.6a8189374bc6ap+7, 0x1.69d5810624dd3p+7, 
    0x1.6a77ced916873p+7, 0x1.6d7ced916872bp+7, 0x1.6e851eb851eb8p+7, 
    0x1.70b3333333333p+7, 0x1.730d4fdf3b646p+7, 0x1.735d2f1a9fbe7p+7, 
    0x1.766d916872b02p+7, 0x1.7872b020c49bap+7, 0x1.7831a9fbe76c9p+7, 
    0x1.75cac083126e9p+7, 0x1.76ae147ae147bp+7, 0x1.77a24dd2f1aap+7, 
    0x1.7752f1a9fbe77p+7, 0x1.770f5c28f5c29p+7, 0x1.7806a7ef9db23p+7, 
    0x1.793126e978d5p+7, 0x1.7910e56041893p+7, 0x1.77e1cac083127p+7, 
    0x1.77b0a3d70a3d7p+7, 0x1.77bae147ae148p+7, 0x1.77374bc6a7efap+7, 
    0x1.77f53f7ced917p+7, 0x1.7931a9fbe76c9p+7, 0x1.7aed916872b02p+7, 
    0x1.7b6b851eb851fp+7, 0x1.7adc28f5c28f6p+7, 0x1.7d38d4fdf3b64p+7, 
    0x1.7f0f5c28f5c29p+7, 0x1.7fac083126e98p+7, 0x1.8392f1a9fbe77p+7, 
    0x1.87cd4fdf3b646p+7, 0x1.8a30a3d70a3d7p+7, 0x1.8c2d0e5604189p+7, 
    0x1.91116872b020cp+7, 0x1.95d5810624dd3p+7, 0x1.9a0e560418937p+7, 
    0x1.9e570a3d70a3dp+7, 0x1.a2c49ba5e353fp+7, 0x1.a68ed916872bp+7, 
    0x1.a925e353f7ceep+7, 0x1.ab0e560418937p+7, 0x1.ac0dd2f1a9fbep+7, 
    0x1.a916872b020c5p+7, 0x1.a704189374bc7p+7, 0x1.a504189374bc7p+7, 
    0x1.a575c28f5c28fp+7, 0x1.a17645a1cac08p+7, 0x1.9e722d0e56042p+7, 
    0x1.9a322d0e56042p+7, 0x1.970dd2f1a9fbep+7, 0x1.95e5e353f7ceep+7, 
    0x1.9450624dd2f1bp+7, 0x1.92bb645a1cac1p+7, 0x1.94dc28f5c28f6p+7, 
    0x1.919916872b021p+7, 0x1.8e1999999999ap+7, 0x1.8bb126e978d5p+7, 
    0x1.8e2f9db22d0e5p+7, 0x1.8b53f7ced9168p+7, 0x1.89b1a9fbe76c9p+7, 
    0x1.896c8b439581p+7, 0x1.88da1cac08312p+7, 0x1.89353f7ced917p+7, 
    0x1.8b1374bc6a7fp+7, 0x1.8ceb851eb851fp+7, 0x1.8ee3d70a3d70ap+7, 
    0x1.9094fdf3b645ap+7, 0x1.91f74bc6a7efap+7, 0x1.933020c49ba5ep+7, 
    0x1.954d4fdf3b646p+7, 0x1.998d4fdf3b646p+7, 0x1.9cf53f7ced917p+7, 
    0x1.a09916872b021p+7, 0x1.a4b5c28f5c28fp+7, 0x1.a7cbc6a7ef9dbp+7, 
    0x1.aae9fbe76c8b4p+7, 0x1.ae8ac083126e9p+7, 0x1.b2c5a1cac0831p+7, 
    0x1.b64p+7, 0x1.b9cbc6a7ef9dbp+7, 0x1.be3ef9db22d0ep+7, 0x1.c226666666666p+7, 
    0x1.c5645a1cac083p+7, 0x1.c774bc6a7ef9ep+7, 0x1.c8b4bc6a7ef9ep+7, 
    0x1.c8cdd2f1a9fbep+7, 0x1.bcb020c49ba5ep+7, 0x1.bc472b020c49cp+7, 
    0x1.bba872b020c4ap+7, 0x1.b7c624dd2f1aap+7, 0x1.bb4b439581062p+7, 
    0x1.c1051eb851eb8p+7, 0x1.c4a04189374bcp+7, 0x1.c75810624dd2fp+7, 
    0x1.c8ec083126e98p+7, 0x1.ca85a1cac0831p+7, 0x1.cc7ef9db22d0ep+7, 
    0x1.cd7ef9db22d0ep+7, 0x1.ceed0e5604189p+7, 0x1.cf989374bc6a8p+7, 
    0x1.d0d2f1a9fbe77p+7, 0x1.d1cb439581062p+7, 0x1.d1ca3d70a3d71p+7, 
    0x1.d0fd70a3d70a4p+7, 0x1.d070a3d70a3d7p+7, 0x1.d095810624dd3p+7, 
    0x1.d0bdf3b645a1dp+7)), class = "data.frame", row.names = c(NA, 
-122L))
