structure(list(period_id = c("1995Q1", "1995Q2", "1995Q3", "1995Q4", 
"1996Q1", "1996Q2", "1996Q3", "1996Q4", "1997Q1", "1997Q2", "1997Q3", 
"1997Q4", "1998Q1", "1998Q2", "1998Q3", "1998Q4", "1999Q1", "1999Q2", 
"1999Q3", "1999Q4", "2000Q1", "2000Q2", "2000Q3", "2000Q4", "2001Q1", 
"2001Q2", "2001Q3", "2001Q4", "2002Q1", "2002Q2", "2002Q3", "2002Q4", 
"2003Q1", "2003Q2", "2003Q3", "2003Q4", "2004Q1", "2004Q2", "2004Q3", 
"2004Q4", "2005Q1", "2005Q2", "2005Q3", "2005Q4", "2006Q1", "2006Q2", 
"2006Q3", "2006Q4", "2007Q1", "2007Q2", "2007Q3", "2007Q4", "2008Q1", 
"2008Q2", "2008Q3", "2008Q4", "2009Q1", "2009Q2", "2009Q3", "2009Q4", 
"2010Q1", "2010Q2", "2010Q3", "2010Q4", "2011Q1", "2011Q2", "2011Q3", 
"2011Q4", "2012Q1", "2012Q2", "2012Q3", "2012Q4", "2013Q1", "2013Q2", 
"2013Q3", "2013Q4", "2014Q1", "2014Q2", "2014Q3", "2014Q4", "2015Q1", 
"2015Q2", "2015Q3", "2015Q4", "2016Q1", "2016Q2", "2016Q3", "2016Q4", 
"2017Q1", "2017Q2", "2017Q3", "2017Q4", "2018Q1", "2018Q2", "2018Q3", 
"2018Q4", "2019Q1", "2019Q2", "2019Q3", "2019Q4", "2020Q1", "2020Q2", 
"2020Q3", "2020Q4", "2021Q1", "2021Q2", "2021Q3", "2021Q4", "2022Q1", 
"2022Q2", "2022Q3", "2022Q4", "2023Q1", "2023Q2", "2023Q3", "2023Q4", 
"2024Q1", "2024Q2", "2024Q3"), value = c(0x1.24c32cb641701p+10, 
0x1.2cc9aa5c5f7c6p+10, 0x1.2543b82c2bd7fp+10, 0x1.38d507aaef2c7p+10, 
0x1.3f259e1f3a57fp+10, 0x1.67c01de69ad43p+10, 0x1.64856e5471716p+10, 
0x1.6d7e9635610aep+10, 0x1.627a0791c4b9p+10, 0x1.a4760ee49f517p+10, 
0x1.a5ca240746456p+10, 0x1.c07fa24463066p+10, 0x1.af3d54cdb7ae5p+10, 
0x1.cdad7b5aea316p+10, 0x1.ce065e17e34b9p+10, 0x1.d3eeb499d0204p+10, 
0x1.aa3c54cdb7ae5p+10, 0x1.d557aa4fca42bp+10, 0x1.e4123f141205cp+10, 
0x1.03ec47f993d53p+11, 0x1.06087e5860136p+11, 0x1.27819c7368ad7p+11, 
0x1.2f928485a0be5p+11, 0x1.4064d8b3f63c3p+11, 0x1.44a5a599ed7c7p+11, 
0x1.5bba959817b96p+11, 0x1.5d6f0333fc86dp+11, 0x1.5a17e950fc71dp+11, 
0x1.61d0504e618cep+11, 0x1.88d7ec460ed81p+11, 0x1.8dd84e3150daep+11, 
0x1.8b9cbe9a6f827p+11, 0x1.7c84496aad1dp+11, 0x1.9ad6136a400fcp+11, 
0x1.a3d9618efbb0ep+11, 0x1.a5c27ba450accp+11, 0x1.a20a61fc08fa8p+11, 
0x1.de78cbec679ccp+11, 0x1.f31c5c50ce4ebp+11, 0x1.f9b4f6d117b53p+11, 
0x1.e52b516fc9bc7p+11, 0x1.13fbf589efd87p+12, 0x1.1b3a38800eae2p+12, 
0x1.1e873bc5de9cp+12, 0x1.24a02c58eeaeap+12, 0x1.405e33647baaap+12, 
0x1.45ad44806290fp+12, 0x1.514267829068ap+12, 0x1.5dd6357d5a9ebp+12, 
0x1.77014b33daf8ep+12, 0x1.8159823a6ce36p+12, 0x1.7a37cc5974e66p+12, 
0x1.80ad9475a31a5p+12, 0x1.a087321a2e7f7p+12, 0x1.946cd0c1b9735p+12, 
0x1.6e3aa3369b9d8p+12, 0x1.34efbc947064fp+12, 0x1.42b5f3f20a73fp+12, 
0x1.48776789e774fp+12, 0x1.51e76b6177ea2p+12, 0x1.4963c0bcbe61dp+12, 
0x1.70792d18d25eep+12, 0x1.7c0c62b27cbf7p+12, 0x1.7f10a9270b06cp+12, 
0x1.84254dfaca362p+12, 0x1.9fe8be6e65387p+12, 0x1.9e3315f99c38bp+12, 
0x1.98f769728a611p+12, 0x1.8fad152c16df4p+12, 0x1.a2c480ffda405p+12, 
0x1.a2681b2f661f2p+12, 0x1.9edde8cef672cp+12, 0x1.93f6e34dad32p+12, 
0x1.ac913b09203a3p+12, 0x1.af812c0f88334p+12, 0x1.a8792d58c8eefp+12, 
0x1.a345711b60ae9p+12, 0x1.bd10277e5eaabp+12, 0x1.cbd9d2e514c23p+12, 
0x1.cd61eb346130ap+12, 0x1.bc874bb7f9d6fp+12, 0x1.d405504e618cep+12, 
0x1.dd30d666a9824p+12, 0x1.dec1ed330941dp+12, 0x1.cfd0d5ad106eep+12, 
0x1.eeab41df3300ep+12, 0x1.f24153836a833p+12, 0x1.f8d1d5629d841p+12, 
0x1.067ffb1209edcp+13, 0x1.159d984230fdp+13, 0x1.1e05b59ccfafp+13, 
0x1.23357a597d49dp+13, 0x1.1dfa0d9839475p+13, 0x1.3270cae9680ep+13, 
0x1.3448b18a009f6p+13, 0x1.3af925fe974a3p+13, 0x1.315f0dca8e2e3p+13, 
0x1.46ef16e2eb1c4p+13, 0x1.405ec5100a394p+13, 0x1.3cce0807bbb62p+13, 
0x1.2d83089331a09p+13, 0x1.ec1fcf5e41d4bp+12, 0x1.1f95934f82f51p+13, 
0x1.3411414e7ee91p+13, 0x1.33f077b4a233ap+13, 0x1.4e7d9ad6451b9p+13, 
0x1.56da05d41fa76p+13, 0x1.7bf1cb97fe8eep+13, 0x1.787ed04bc2763p+13, 
0x1.aa89a9984a0e4p+13, 0x1.b872bba6efc37p+13, 0x1.abe7cc9ea9a3dp+13, 
0x1.a45d82f0e0a85p+13, 0x1.ad787446f9b99p+13, 0x1.907e2225742ddp+13, 
0x1.9d6c897d8cf3ap+13, 0x1.943154213a0c7p+13, 0x1.ab70155ac03ffp+13, 
0x1.b58b685122318p+13)), class = "data.frame", row.names = c(NA, 
-119L))
