structure(list(period_id = c("1995Q1", "1995Q2", "1995Q3", "1995Q4", 
"1996Q1", "1996Q2", "1996Q3", "1996Q4", "1997Q1", "1997Q2", "1997Q3", 
"1997Q4", "1998Q1", "1998Q2", "1998Q3", "1998Q4", "1999Q1", "1999Q2", 
"1999Q3", "1999Q4", "2000Q1", "2000Q2", "2000Q3", "2000Q4", "2001Q1", 
"2001Q2", "2001Q3", "2001Q4", "2002Q1", "2002Q2", "2002Q3", "2002Q4", 
"2003Q1", "2003Q2", "2003Q3", "2003Q4", "2004Q1", "2004Q2", "2004Q3", 
"2004Q4", "2005Q1", "2005Q2", "2005Q3", "2005Q4", "2006Q1", "2006Q2", 
"2006Q3", "2006Q4", "2007Q1", "2007Q2", "2007Q3", "2007Q4", "2008Q1", 
"2008Q2", "2008Q3", "2008Q4", "2009Q1", "2009Q2", "2009Q3", "2009Q4", 
"2010Q1", "2010Q2", "2010Q3", "2010Q4", "2011Q1", "2011Q2", "2011Q3", 
"2011Q4", "2012Q1", "2012Q2", "2012Q3", "2012Q4", "2013Q1", "2013Q2", 
"2013Q3", "2013Q4", "2014Q1", "2014Q2", "2014Q3", "2014Q4", "2015Q1", 
"2015Q2", "2015Q3", "2015Q4", "2016Q1", "2016Q2", "2016Q3", "2016Q4", 
"2017Q1", "2017Q2", "2017Q3", "2017Q4", "2018Q1", "2018Q2", "2018Q3", 
"2018Q4", "2019Q1", "2019Q2", "2019Q3", "2019Q4", "2020Q1", "2020Q2", 
"2020Q3", "2020Q4", "2021Q1", "2021Q2", "2021Q3", "2021Q4", "2022Q1", 
"2022Q2", "2022Q3", "2022Q4", "2023Q1", "2023Q2", "2023Q3", "2023Q4", 
"2024Q1", "2024Q2", "2024Q3", "2024Q4", "2025Q1"), value = c(0x1.1d33333333333p+12, 
0x1.2be8p+12, 0x1.18f3333333333p+12, 0x1.0cccccccccccdp+12, 0x1.262p+12, 
0x1.2dc6666666666p+12, 0x1.2d13333333333p+12, 0x1.33eb333333333p+12, 
0x1.378e666666666p+12, 0x1.3d03333333333p+12, 0x1.544199999999ap+12, 
0x1.5783333333333p+12, 0x1.59a199999999ap+12, 0x1.59a999999999ap+12, 
0x1.5724ccccccccdp+12, 0x1.5c04ccccccccdp+12, 0x1.50a8p+12, 0x1.10d8p+12, 
0x1.371p+12, 0x1.3ec999999999ap+12, 0x1.4efp+12, 0x1.532999999999ap+12, 
0x1.4e2b333333333p+12, 0x1.324199999999ap+12, 0x1.5a4199999999ap+12, 
0x1.5944ccccccccdp+12, 0x1.5f56666666666p+12, 0x1.6878p+12, 0x1.6c24ccccccccdp+12, 
0x1.724b333333333p+12, 0x1.7c03333333333p+12, 0x1.7c6b333333333p+12, 
0x1.7ffe666666666p+12, 0x1.87b8p+12, 0x1.8924ccccccccdp+12, 0x1.8a46666666666p+12, 
0x1.938cccccccccdp+12, 0x1.9983333333333p+12, 0x1.a0ab333333333p+12, 
0x1.b66cccccccccdp+12, 0x1.a64999999999ap+12, 0x1.b56e666666666p+12, 
0x1.c104ccccccccdp+12, 0x1.ca4e666666666p+12, 0x1.c0d3333333333p+12, 
0x1.c873333333333p+12, 0x1.cd4p+12, 0x1.d5a6666666666p+12, 0x1.e71999999999ap+12, 
0x1.ec06666666666p+12, 0x1.ef14ccccccccdp+12, 0x1.fa3cccccccccdp+12, 
0x1.0326666666666p+13, 0x1.07p+13, 0x1.04e199999999ap+13, 0x1.025cccccccccdp+13, 
0x1.f6ccccccccccdp+12, 0x1.f66999999999ap+12, 0x1.fa63333333333p+12, 
0x1.f9bb333333333p+12, 0x1.fde4ccccccccdp+12, 0x1.fde999999999ap+12, 
0x1.020b333333333p+13, 0x1.00f8p+13, 0x1.031e666666666p+13, 0x1.ffdb333333333p+12, 
0x1.ff53333333333p+12, 0x1.fdde666666666p+12, 0x1.faf999999999ap+12, 
0x1.016d99999999ap+13, 0x1.fd2999999999ap+12, 0x1.ff68p+12, 0x1.fba999999999ap+12, 
0x1.fd58p+12, 0x1.043cccccccccdp+13, 0x1.011b333333333p+13, 0x1.fdce666666666p+12, 
0x1.f87999999999ap+12, 0x1.f0ae666666666p+12, 0x1.f7c8p+12, 0x1.fd2cccccccccdp+12, 
0x1.fdce666666666p+12, 0x1.fc73333333333p+12, 0x1.00a2666666666p+13, 
0x1.043cp+13, 0x1.0630ccccccccdp+13, 0x1.07d7333333333p+13, 0x1.082d99999999ap+13, 
0x1.09f6666666666p+13, 0x1.0b6a666666666p+13, 0x1.0e08ccccccccdp+13, 
0x1.0f9b333333333p+13, 0x1.16c8p+13, 0x1.19fcp+13, 0x1.1a1999999999ap+13, 
0x1.19e2666666666p+13, 0x1.1eccp+13, 0x1.2358ccccccccdp+13, 0x1.29e3333333333p+13, 
0x1.2e1199999999ap+13, 0x1.2ec3333333333p+13, 0x1.0f0e666666666p+13, 
0x1.2607333333333p+13, 0x1.2af4p+13, 0x1.33c199999999ap+13, 0x1.36e199999999ap+13, 
0x1.3eacp+13, 0x1.4253333333333p+13, 0x1.4208ccccccccdp+13, 0x1.43d0ccccccccdp+13, 
0x1.41ed99999999ap+13, 0x1.4504ccccccccdp+13, 0x1.49b4p+13, 0x1.4d46666666666p+13, 
0x1.51f8ccccccccdp+13, 0x1.55cp+13, 0x1.586p+13, 0x1.5c18p+13, 
0x1.5d42666666666p+13, 0x1.611b333333333p+13, 0x1.5f08ccccccccdp+13
)), class = "data.frame", row.names = c(NA, -121L))
