structure(list(period_id = c("1995Q1", "1995Q2", "1995Q3", "1995Q4", 
"1996Q1", "1996Q2", "1996Q3", "1996Q4", "1997Q1", "1997Q2", "1997Q3", 
"1997Q4", "1998Q1", "1998Q2", "1998Q3", "1998Q4", "1999Q1", "1999Q2", 
"1999Q3", "1999Q4", "2000Q1", "2000Q2", "2000Q3", "2000Q4", "2001Q1", 
"2001Q2", "2001Q3", "2001Q4", "2002Q1", "2002Q2", "2002Q3", "2002Q4", 
"2003Q1", "2003Q2", "2003Q3", "2003Q4", "2004Q1", "2004Q2", "2004Q3", 
"2004Q4", "2005Q1", "2005Q2", "2005Q3", "2005Q4", "2006Q1", "2006Q2", 
"2006Q3", "2006Q4", "2007Q1", "2007Q2", "2007Q3", "2007Q4", "2008Q1", 
"2008Q2", "2008Q3", "2008Q4", "2009Q1", "2009Q2", "2009Q3", "2009Q4", 
"2010Q1", "2010Q2", "2010Q3", "2010Q4", "2011Q1", "2011Q2", "2011Q3", 
"2011Q4", "2012Q1", "2012Q2", "2012Q3", "2012Q4", "2013Q1", "2013Q2", 
"2013Q3", "2013Q4", "2014Q1", "2014Q2", "2014Q3", "2014Q4", "2015Q1", 
"2015Q2", "2015Q3", "2015Q4", "2016Q1", "2016Q2", "2016Q3", "2016Q4", 
"2017Q1", "2017Q2", "2017Q3", "2017Q4", "2018Q1", "2018Q2", "2018Q3", 
"2018Q4", "2019Q1", "2019Q2", "2019Q3", "2019Q4", "2020Q1", "2020Q2", 
"2020Q3", "2020Q4", "2021Q1", "2021Q2", "2021Q3", "2021Q4", "2022Q1", 
"2022Q2", "2022Q3", "2022Q4", "2023Q1", "2023Q2", "2023Q3", "2023Q4", 
"2024Q1", "2024Q2", "2024Q3"), value = c(0x1.d036e978d4fdfp+9, 
0x1.cf99ba5e353f8p+9, 0x1.cd289374bc6a8p+9, 0x1.c7ecac083126fp+9, 
0x1.c5176c8b43958p+9, 0x1.c541eb851eb85p+9, 0x1.c52e76c8b4396p+9, 
0x1.c0cd4fdf3b646p+9, 0x1.b88fbe76c8b44p+9, 0x1.b9dd916872b02p+9, 
0x1.c0aced916872bp+9, 0x1.bc42d0e560419p+9, 0x1.b936872b020c5p+9, 
0x1.ba1dd2f1a9fbep+9, 0x1.bf5916872b021p+9, 0x1.baceb851eb852p+9, 
0x1.bc8a5e353f7cfp+9, 0x1.c08645a1cac08p+9, 0x1.c7f810624dd2fp+9, 
0x1.c3c2d0e560419p+9, 0x1.c23c28f5c28f6p+9, 0x1.c720624dd2f1bp+9, 
0x1.d109374bc6a7fp+9, 0x1.cb16a7ef9db23p+9, 0x1.c6edb22d0e56p+9, 
0x1.ca74fdf3b645ap+9, 0x1.d3426e978d4fep+9, 0x1.cb4c6a7ef9db2p+9, 
0x1.cd09374bc6a7fp+9, 0x1.d067ef9db22d1p+9, 0x1.d94395810624ep+9, 
0x1.d29353f7ced91p+9, 0x1.cb82f1a9fbe77p+9, 0x1.cf1374bc6a7fp+9, 
0x1.d7add2f1a9fbep+9, 0x1.d03b020c49ba6p+9, 0x1.cbb374bc6a7fp+9, 
0x1.d08f7ced91687p+9, 0x1.dba020c49ba5ep+9, 0x1.d4d872b020c4ap+9, 
0x1.cabf1a9fbe76dp+9, 0x1.cf56872b020c5p+9, 0x1.d73b22d0e5604p+9, 
0x1.d25ed916872bp+9, 0x1.cf93333333333p+9, 0x1.d5495810624ddp+9, 
0x1.df7872b020c4ap+9, 0x1.dc95604189375p+9, 0x1.dc96666666666p+9, 
0x1.e46e978d4fdf4p+9, 0x1.f12c083126e98p+9, 0x1.ee05c28f5c28fp+9, 
0x1.eadba5e353f7dp+9, 0x1.f1ccac083126fp+9, 0x1.fc7dd2f1a9fbep+9, 
0x1.f7e24dd2f1aap+9, 0x1.ee1b851eb851fp+9, 0x1.eb7b439581062p+9, 
0x1.eee147ae147aep+9, 0x1.e7c51eb851eb8p+9, 0x1.e19e76c8b4396p+9, 
0x1.e21645a1cac08p+9, 0x1.e4f0c49ba5e35p+9, 0x1.de2cac083126fp+9, 
0x1.d73e353f7ced9p+9, 0x1.d9a16872b020cp+9, 0x1.dd276c8b43958p+9, 
0x1.d872b020c49bap+9, 0x1.d50395810624ep+9, 0x1.d6ee560418937p+9, 
0x1.d743333333333p+9, 0x1.d1f4189374bc7p+9, 0x1.cc25a1cac0831p+9, 
0x1.cf1a9fbe76c8bp+9, 0x1.d29be76c8b439p+9, 0x1.d22e353f7ced9p+9, 
0x1.cb3ae147ae148p+9, 0x1.d12e978d4fdf4p+9, 0x1.d4c4fdf3b645ap+9, 
0x1.d69a9fbe76c8bp+9, 0x1.d1bced916872bp+9, 0x1.d6be560418937p+9, 
0x1.dbedd2f1a9fbep+9, 0x1.dbc645a1cac08p+9, 0x1.d749fbe76c8b4p+9, 
0x1.df674bc6a7efap+9, 0x1.e5422d0e56042p+9, 0x1.e739ba5e353f8p+9, 
0x1.e4c47ae147ae1p+9, 0x1.ed15810624dd3p+9, 0x1.f38b22d0e5604p+9, 
0x1.f5a978d4fdf3bp+9, 0x1.f585604189375p+9, 0x1.fcc0e56041893p+9, 
0x1.01079db22d0e5p+10, 0x1.02b6c8b439581p+10, 0x1.022fced916873p+10, 
0x1.051449ba5e354p+10, 0x1.077999999999ap+10, 0x1.06f71a9fbe76dp+10, 
0x1.04e6560418937p+10, 0x1.0231ba5e353f8p+10, 0x1.0354bc6a7ef9ep+10, 
0x1.0404083126e98p+10, 0x1.0268e56041893p+10, 0x1.05ef8d4fdf3b6p+10, 
0x1.091b020c49ba6p+10, 0x1.0a78c49ba5e35p+10, 0x1.0b3cdd2f1a9fcp+10, 
0x1.0df03126e978dp+10, 0x1.103ba5e353f7dp+10, 0x1.11074bc6a7efap+10, 
0x1.10945a1cac083p+10, 0x1.128bf7ced9168p+10, 0x1.145b645a1cac1p+10, 
0x1.14b3a5e353f7dp+10, 0x1.120c8b439581p+10, 0x1.1323f7ced9168p+10, 
0x1.141bb645a1cacp+10)), class = "data.frame", row.names = c(NA, 
-119L))
