structure(list(period_id = c("1995", "1996", "1997", "1998", 
"1999", "2000", "2001", "2002", "2003", "2004", "2005", "2006", 
"2007", "2008", "2009", "2010", "2011", "2012", "2013", "2014", 
"2015", "2016", "2017", "2018", "2019", "2020", "2021", "2022", 
"2023"), value = c(0x1.b16727b5f1befp+12, 0x1.ee22d34acaff7p+12, 
0x1.1be8cbd017dafp+13, 0x1.342a680ae1049p+13, 0x1.516f21355475ap+13, 
0x1.777f6b9778573p+13, 0x1.a1611d71b0468p+13, 0x1.cb1f5a0620ab7p+13, 
0x1.e713ea5ce5b42p+13, 0x1.03add936c58efp+14, 0x1.16053ad46f588p+14, 
0x1.254acbd1aa822p+14, 0x1.422a2619da9cap+14, 0x1.5c30c84a515cfp+14, 
0x1.5807ba83b1d0dp+14, 0x1.5c53e74107315p+14, 0x1.63d5625460aa6p+14, 
0x1.5c0ebbc2b94d9p+14, 0x1.5bbff1c475e63p+14, 0x1.5f94be7685986p+14, 
0x1.665199f44d445p+14, 0x1.757d8b7bf1e8ep+14, 0x1.8789e35eb7458p+14, 
0x1.9fa452ab25b31p+14, 0x1.bb5963aafff37p+14, 0x1.cf1abcaf2d7f9p+14, 
0x1.f0fddecd07853p+14, 0x1.127f9d8d79d0ap+15, 0x1.2991e103ea705p+15
)), class = "data.frame", row.names = c(NA, -29L))
