structure(list(period_id = c("1995Q1", "1995Q2", "1995Q3", "1995Q4", 
"1996Q1", "1996Q2", "1996Q3", "1996Q4", "1997Q1", "1997Q2", "1997Q3", 
"1997Q4", "1998Q1", "1998Q2", "1998Q3", "1998Q4", "1999Q1", "1999Q2", 
"1999Q3", "1999Q4", "2000Q1", "2000Q2", "2000Q3", "2000Q4", "2001Q1", 
"2001Q2", "2001Q3", "2001Q4", "2002Q1", "2002Q2", "2002Q3", "2002Q4", 
"2003Q1", "2003Q2", "2003Q3", "2003Q4", "2004Q1", "2004Q2", "2004Q3", 
"2004Q4", "2005Q1", "2005Q2", "2005Q3", "2005Q4", "2006Q1", "2006Q2", 
"2006Q3", "2006Q4", "2007Q1", "2007Q2", "2007Q3", "2007Q4", "2008Q1", 
"2008Q2", "2008Q3", "2008Q4", "2009Q1", "2009Q2", "2009Q3", "2009Q4", 
"2010Q1", "2010Q2", "2010Q3", "2010Q4", "2011Q1", "2011Q2", "2011Q3", 
"2011Q4", "2012Q1", "2012Q2", "2012Q3", "2012Q4", "2013Q1", "2013Q2", 
"2013Q3", "2013Q4", "2014Q1", "2014Q2", "2014Q3", "2014Q4", "2015Q1", 
"2015Q2", "2015Q3", "2015Q4", "2016Q1", "2016Q2", "2016Q3", "2016Q4", 
"2017Q1", "2017Q2", "2017Q3", "2017Q4", "2018Q1", "2018Q2", "2018Q3", 
"2018Q4", "2019Q1", "2019Q2", "2019Q3", "2019Q4", "2020Q1", "2020Q2", 
"2020Q3", "2020Q4", "2021Q1", "2021Q2", "2021Q3", "2021Q4", "2022Q1", 
"2022Q2", "2022Q3", "2022Q4", "2023Q1", "2023Q2", "2023Q3", "2023Q4", 
"2024Q1", "2024Q2", "2024Q3", "2024Q4", "2025Q1"), value = c(NA, 
NA, NA, NA, 0x1.5dd0d887ebf23p+7, 0x1.5e70ce0b912dcp+7, 0x1.5fa0f98fa3769p+7, 
0x1.6013fa8f7db6ep+7, 0x1.5eb166e008e9bp+7, 0x1.6124f50a02b84p+7, 
0x1.68d71e4b44a1fp+7, 0x1.731b0c88a47edp+7, 0x1.7c00a76102795p+7, 
0x1.7cdec2efd438dp+7, 0x1.7e9f63800218ep+7, 0x1.7b9e91c8eacp+7, 
0x1.8d6fe06961c37p+7, 0x1.8d83f37b8d3f2p+7, 0x1.93d36a400fba9p+7, 
0x1.98b9c15097c81p+7, 0x1.992ff88765ba7p+7, 0x1.9ab1f926c7eaep+7, 
0x1.a0cad2fe3f35ap+7, 0x1.9804cd31769a9p+7, 0x1.9da2cf0f9d2bfp+7, 
0x1.985a0ccff21b4p+7, 0x1.9b6e71476af8ap+7, 0x1.99575f2cb6417p+7, 
0x1.8d7d78c436fc1p+7, 0x1.9ed3ce4217d28p+7, 0x1.8e9344806290fp+7, 
0x1.9af0fabda0dfep+7, 0x1.9557b0d51f81ap+7, 0x1.99c02adc4c9c9p+7, 
0x1.9db5aee631f8ap+7, 0x1.9ff35b2d4d402p+7, 0x1.a2adf548ecd8ep+7, 
0x1.a2a34e54f7a92p+7, 0x1.a63380a9de8b4p+7, 0x1.b85e3065f9592p+7, 
0x1.bc219b2c40d0bp+7, 0x1.c7701e4712e41p+7, 0x1.c8c15e9e1b08ap+7, 
0x1.ccbf963992c8cp+7, 0x1.c5a2650614163p+7, 0x1.c4d3becaab8a6p+7, 
0x1.c7982c9081c2ep+7, 0x1.c2c129670196ep+7, 0x1.c86a26809d495p+7, 
0x1.c595204af9229p+7, 0x1.c1c0153bd1676p+7, 0x1.c0bdf2452c5ap+7, 
0x1.c8f5a2d72ffd2p+7, 0x1.c7bb940fecdd1p+7, 0x1.c472ce032db1fp+7, 
0x1.c393d07c84b5ep+7, 0x1.be6f01322f273p+7, 0x1.b51520afa2f06p+7, 
0x1.b6f488e79aae7p+7, 0x1.b516965f5275fp+7, 0x1.ae2f56c93a711p+7, 
0x1.b2db3b1077469p+7, 0x1.b5a11409a2403p+7, 0x1.b297e34b94531p+7, 
0x1.b95b914f483cbp+7, 0x1.ba4e25e99e94bp+7, 0x1.ba482cb20fb22p+7, 
0x1.b7b5d701d9f4dp+7, 0x1.b50c4bf4cb189p+7, 0x1.ad49d5e4a3832p+7, 
0x1.aa8f9d0a67621p+7, 0x1.a418bbf50e347p+7, 0x1.a1fb3aeee9574p+7, 
0x1.a0f9d4306e5cdp+7, 0x1.9ffcff21b3aefp+7, 0x1.bf0539fba450bp+7, 
0x1.a28e529bae46dp+7, 0x1.a60b66d7a56dep+7, 0x1.a5887e38eb032p+7, 
0x1.a5992ea52ef91p+7, 0x1.a4808b545c78ap+7, 0x1.a439a6f826edbp+7, 
0x1.a57ea6c1a048ep+7, 0x1.a8d793bc0a06fp+7, 0x1.ae745cbbc2b95p+7, 
0x1.b4421187e7c07p+7, 0x1.b9325aab4741p+7, 0x1.be628d434a01bp+7, 
0x1.c050d77b7c782p+7, 0x1.c120d5629d841p+7, 0x1.c34ad25679896p+7, 
0x1.c2b7fb69984a1p+7, 0x1.c49da0168b5ccp+7, 0x1.c8a3fe9fadafdp+7, 
0x1.cbadcbbc2b94ep+7, 0x1.d006683c297cp+7, 0x1.d7c0548a9bcfdp+7, 
0x1.d774898f605abp+7, 0x1.da42ead9274e2p+7, 0x1.d5ae703afb7e9p+7, 
0x1.d0c486f049a99p+7, 0x1.5bf4dc011d367p+7, 0x1.bf704449dbec2p+7, 
0x1.4c1736ef8056p+7, 0x1.b04c6c332f017p+7, 0x1.b3fe3beec397ap+7, 
0x1.066119bd4067dp+8, 0x1.41285a0be5109p+7, 0x1.efaab12d3415bp+7, 
0x1.f027db6e503fbp+7, 0x1.f1574623d0bfap+7, 0x1.f841016ce789ep+7, 
0x1.fcb7a05143bf7p+7, 0x1.ed3d0a2446306p+7, 0x1.f0b6f8487b99dp+7, 
0x1.f41bb2bba98eep+7, 0x1.fa832b346130ap+7, 0x1.f97b90c9107fbp+7, 
0x1.fd30d2c386d2fp+7, 0x1.fd8a35b4edb2fp+7, 0x1.fbafaeff5c6c1p+7
)), class = "data.frame", row.names = c(NA, -121L))
