structure(list(period_id = c("1995Q1", "1995Q2", "1995Q3", "1995Q4", 
"1996Q1", "1996Q2", "1996Q3", "1996Q4", "1997Q1", "1997Q2", "1997Q3", 
"1997Q4", "1998Q1", "1998Q2", "1998Q3", "1998Q4", "1999Q1", "1999Q2", 
"1999Q3", "1999Q4", "2000Q1", "2000Q2", "2000Q3", "2000Q4", "2001Q1", 
"2001Q2", "2001Q3", "2001Q4", "2002Q1", "2002Q2", "2002Q3", "2002Q4", 
"2003Q1", "2003Q2", "2003Q3", "2003Q4", "2004Q1", "2004Q2", "2004Q3", 
"2004Q4", "2005Q1", "2005Q2", "2005Q3", "2005Q4", "2006Q1", "2006Q2", 
"2006Q3", "2006Q4", "2007Q1", "2007Q2", "2007Q3", "2007Q4", "2008Q1", 
"2008Q2", "2008Q3", "2008Q4", "2009Q1", "2009Q2", "2009Q3", "2009Q4", 
"2010Q1", "2010Q2", "2010Q3", "2010Q4", "2011Q1", "2011Q2", "2011Q3", 
"2011Q4", "2012Q1", "2012Q2", "2012Q3", "2012Q4", "2013Q1", "2013Q2", 
"2013Q3", "2013Q4", "2014Q1", "2014Q2", "2014Q3", "2014Q4", "2015Q1", 
"2015Q2", "2015Q3", "2015Q4", "2016Q1", "2016Q2", "2016Q3", "2016Q4", 
"2017Q1", "2017Q2", "2017Q3", "2017Q4", "2018Q1", "2018Q2", "2018Q3", 
"2018Q4", "2019Q1", "2019Q2", "2019Q3", "2019Q4", "2020Q1", "2020Q2", 
"2020Q3", "2020Q4", "2021Q1", "2021Q2", "2021Q3", "2021Q4", "2022Q1", 
"2022Q2", "2022Q3", "2022Q4", "2023Q1", "2023Q2", "2023Q3", "2023Q4", 
"2024Q1", "2024Q2", "2024Q3", "2024Q4", "2025Q1", "2025Q2"), 
    value = c(0x1.5931628cbd124p+8, 0x1.6599a2834d27p+8, 0x1.726e28fe260b3p+8, 
    0x1.7ecf07bfe7e2p+8, 0x1.8a5c156e264e5p+8, 0x1.9b10bf3bea91ep+8, 
    0x1.ad6b65dbfceb8p+8, 0x1.bc6c44f1a1987p+8, 0x1.cba965d3996fbp+8, 
    0x1.de9780a9de8b4p+8, 0x1.e5f15da272863p+8, 0x1.f39d1372a38b9p+8, 
    0x1.fbfc80b673c4fp+8, 0x1.ff084a6223e18p+8, 0x1.04e839ffd60e9p+9, 
    0x1.0cf21de269164p+9, 0x1.16bbd46b26bf8p+9, 0x1.23576a9c560c8p+9, 
    0x1.289ed3e920c07p+9, 0x1.307381cf7878bp+9, 0x1.3b748d3ae685ep+9, 
    0x1.4839d72bcb5fep+9, 0x1.598421101b003p+9, 0x1.631981f10668p+9, 
    0x1.75a8148ba83f5p+9, 0x1.7c76c4ac6cdafp+9, 0x1.89dc8c2e770bdp+9, 
    0x1.9a730728e92d5p+9, 0x1.9c6f41c8216c6p+9, 0x1.a805b549f9485p+9, 
    0x1.b158c729f59cdp+9, 0x1.bab370f7b9e06p+9, 0x1.ce00b87379746p+9, 
    0x1.d2da31832fcadp+9, 0x1.d8de6e6d9be4dp+9, 0x1.de51ed20296b3p+9, 
    0x1.e871394317accp+9, 0x1.f2b849b1fab97p+9, 0x1.fe12fba01eeeep+9, 
    0x1.0350660e51d26p+10, 0x1.04dd360d0247p+10, 0x1.0891a38759253p+10, 
    0x1.0d80364388ebdp+10, 0x1.119f8ef77f28p+10, 0x1.12ea2157689cap+10, 
    0x1.15aabc7714339p+10, 0x1.19a5203e63e8ep+10, 0x1.1ed2507a6bd6fp+10, 
    0x1.1fc1851eb851fp+10, 0x1.2582694467382p+10, 0x1.292000b88ca3ep+10, 
    0x1.2c8c556d19dedp+10, 0x1.35ba1971c10d8p+10, 0x1.3f39016052503p+10, 
    0x1.4853fba8826abp+10, 0x1.50f775a74c09cp+10, 0x1.5192ac4f7ec35p+10, 
    0x1.59eab7cfe586p+10, 0x1.548609203a323p+10, 0x1.57cad49949e88p+10, 
    0x1.5d38fe4ffc979p+10, 0x1.5c0d590c0ad04p+10, 0x1.61c816ca46e09p+10, 
    0x1.651967fd3f5b6p+10, 0x1.62fbcfa26a22bp+10, 0x1.6164050bd87b5p+10, 
    0x1.6480ab2e1693cp+10, 0x1.6709dc4c9c90cp+10, 0x1.64ada8f3a9b07p+10, 
    0x1.6250c7fbacb43p+10, 0x1.5e4ff3519bd4p+10, 0x1.583aa43fe5c92p+10, 
    0x1.57875c13fd0dp+10, 0x1.544343e963dc5p+10, 0x1.5315157eed45fp+10, 
    0x1.50adafab53d64p+10, 0x1.52701e53a81dcp+10, 0x1.50380ec311623p+10, 
    0x1.505b14445aa2ep+10, 0x1.5003c297bfa4cp+10, 0x1.4eeb7243137bp+10, 
    0x1.5422ef99806f2p+10, 0x1.567d268d32831p+10, 0x1.5c14ce39b456bp+10, 
    0x1.6583eab367a1p+10, 0x1.67d70c8cd63ccp+10, 0x1.6cff24399b2c4p+10, 
    0x1.715ab1ee24357p+10, 0x1.73ee487fcb924p+10, 0x1.7898cf0739b02p+10, 
    0x1.7f2e51bd61f5cp+10, 0x1.872ba54823854p+10, 0x1.88f4b8561d43p+10, 
    0x1.8ed6324851a87p+10, 0x1.94faa62aa1944p+10, 0x1.99cb87c200c0fp+10, 
    0x1.a4fd9fbe76c8bp+10, 0x1.a93ad002e2329p+10, 0x1.b2fccc532a498p+10, 
    0x1.bce74195cc858p+10, 0x1.bd62733a8a3f9p+10, 0x1.d4c6a958537e3p+10, 
    0x1.d4ba023a6ce36p+10, 0x1.f7220420f6f09p+10, 0x1.0207b3354c122p+11, 
    0x1.12a15323fee2dp+11, 0x1.02a362328f9f4p+11, 0x1.00180a697aedep+11, 
    0x1.04e8ce89656efp+11, 0x1.05bd67c49fd7ap+11, 0x1.0aabaf2d7f951p+11, 
    0x1.1691ecfa69be1p+11, 0x1.1a975eacc9214p+11, 0x1.23c217d2849cbp+11, 
    0x1.2995aacfb762ep+11, 0x1.2c90b341e14bep+11, 0x1.2c1d803ab862bp+11, 
    0x1.2fcec63497b74p+11, 0x1.39c030d73860ap+11, 0x1.3e865781c715p+11, 
    0x1.4b8383bc4d22dp+11, 0x1.53124d50ebaaep+11)), class = "data.frame", row.names = c(NA, 
-122L))
