structure(list(period_id = c("1995Q1", "1995Q2", "1995Q3", "1995Q4", 
"1996Q1", "1996Q2", "1996Q3", "1996Q4", "1997Q1", "1997Q2", "1997Q3", 
"1997Q4", "1998Q1", "1998Q2", "1998Q3", "1998Q4", "1999Q1", "1999Q2", 
"1999Q3", "1999Q4", "2000Q1", "2000Q2", "2000Q3", "2000Q4", "2001Q1", 
"2001Q2", "2001Q3", "2001Q4", "2002Q1", "2002Q2", "2002Q3", "2002Q4", 
"2003Q1", "2003Q2", "2003Q3", "2003Q4", "2004Q1", "2004Q2", "2004Q3", 
"2004Q4", "2005Q1", "2005Q2", "2005Q3", "2005Q4", "2006Q1", "2006Q2", 
"2006Q3", "2006Q4", "2007Q1", "2007Q2", "2007Q3", "2007Q4", "2008Q1", 
"2008Q2", "2008Q3", "2008Q4", "2009Q1", "2009Q2", "2009Q3", "2009Q4", 
"2010Q1", "2010Q2", "2010Q3", "2010Q4", "2011Q1", "2011Q2", "2011Q3", 
"2011Q4", "2012Q1", "2012Q2", "2012Q3", "2012Q4", "2013Q1", "2013Q2", 
"2013Q3", "2013Q4", "2014Q1", "2014Q2", "2014Q3", "2014Q4", "2015Q1", 
"2015Q2", "2015Q3", "2015Q4", "2016Q1", "2016Q2", "2016Q3", "2016Q4", 
"2017Q1", "2017Q2", "2017Q3", "2017Q4", "2018Q1", "2018Q2", "2018Q3", 
"2018Q4", "2019Q1", "2019Q2", "2019Q3", "2019Q4", "2020Q1", "2020Q2", 
"2020Q3", "2020Q4", "2021Q1", "2021Q2", "2021Q3", "2021Q4", "2022Q1", 
"2022Q2", "2022Q3", "2022Q4", "2023Q1", "2023Q2", "2023Q3", "2023Q4", 
"2024Q1", "2024Q2", "2024Q3", "2024Q4"), value = c(0x1.1d33333333333p+12, 
0x1.2be6666666666p+12, 0x1.18f4ccccccccdp+12, 0x1.0cccccccccccdp+12, 
0x1.262199999999ap+12, 0x1.2dc4ccccccccdp+12, 0x1.2d14ccccccccdp+12, 
0x1.33ecccccccccdp+12, 0x1.379199999999ap+12, 0x1.3d0199999999ap+12, 
0x1.5443333333333p+12, 0x1.5783333333333p+12, 0x1.59a4ccccccccdp+12, 
0x1.59a8p+12, 0x1.5726666666666p+12, 0x1.5c03333333333p+12, 0x1.50acccccccccdp+12, 
0x1.10d4ccccccccdp+12, 0x1.371199999999ap+12, 0x1.3ec999999999ap+12, 
0x1.4ef4ccccccccdp+12, 0x1.5328p+12, 0x1.4e2e666666666p+12, 0x1.324199999999ap+12, 
0x1.5a44ccccccccdp+12, 0x1.5943333333333p+12, 0x1.5f58p+12, 0x1.6876666666666p+12, 
0x1.6c26666666666p+12, 0x1.724b333333333p+12, 0x1.7c03333333333p+12, 
0x1.7c6b333333333p+12, 0x1.8p+12, 0x1.87b999999999ap+12, 0x1.8926666666666p+12, 
0x1.8a46666666666p+12, 0x1.938e666666666p+12, 0x1.9984ccccccccdp+12, 
0x1.a0ab333333333p+12, 0x1.b66cccccccccdp+12, 0x1.a64999999999ap+12, 
0x1.b57p+12, 0x1.c104ccccccccdp+12, 0x1.ca4e666666666p+12, 0x1.c0d3333333333p+12, 
0x1.c873333333333p+12, 0x1.cd4199999999ap+12, 0x1.d5a8p+12, 0x1.e71b333333333p+12, 
0x1.ec06666666666p+12, 0x1.ef16666666666p+12, 0x1.fa3e666666666p+12, 
0x1.0327333333333p+13, 0x1.07p+13, 0x1.04e2666666666p+13, 0x1.025cccccccccdp+13, 
0x1.f6ccccccccccdp+12, 0x1.f66b333333333p+12, 0x1.fa63333333333p+12, 
0x1.f9bcccccccccdp+12, 0x1.fde4ccccccccdp+12, 0x1.fdeb333333333p+12, 
0x1.020cp+13, 0x1.00f8ccccccccdp+13, 0x1.031f333333333p+13, 0x1.ffdcccccccccdp+12, 
0x1.ff53333333333p+12, 0x1.fdde666666666p+12, 0x1.fafb333333333p+12, 
0x1.016e666666666p+13, 0x1.fd2b333333333p+12, 0x1.ff6999999999ap+12, 
0x1.fbab333333333p+12, 0x1.fd58p+12, 0x1.043d99999999ap+13, 0x1.011cp+13, 
0x1.fddp+12, 0x1.f87b333333333p+12, 0x1.f0ae666666666p+12, 0x1.f7c999999999ap+12, 
0x1.fd2e666666666p+12, 0x1.fdce666666666p+12, 0x1.fc74ccccccccdp+12, 
0x1.00a4p+13, 0x1.043cp+13, 0x1.063p+13, 0x1.07d7333333333p+13, 
0x1.0830ccccccccdp+13, 0x1.09f7333333333p+13, 0x1.0b68ccccccccdp+13, 
0x1.0e07333333333p+13, 0x1.0fa3333333333p+13, 0x1.16c6666666666p+13, 
0x1.19f8ccccccccdp+13, 0x1.1a17333333333p+13, 0x1.19ee666666666p+13, 
0x1.1ec8ccccccccdp+13, 0x1.2352666666666p+13, 0x1.29e2666666666p+13, 
0x1.2e2199999999ap+13, 0x1.2ebb333333333p+13, 0x1.0f04ccccccccdp+13, 
0x1.260e666666666p+13, 0x1.2b06666666666p+13, 0x1.33af333333333p+13, 
0x1.36d6666666666p+13, 0x1.3ebcccccccccdp+13, 0x1.4276666666666p+13, 
0x1.41d4p+13, 0x1.43c999999999ap+13, 0x1.420cccccccccdp+13, 0x1.4540ccccccccdp+13, 
0x1.495199999999ap+13, 0x1.4d3d99999999ap+13, 0x1.522599999999ap+13, 
0x1.562199999999ap+13, 0x1.57ep+13, 0x1.5bde666666666p+13, 0x1.5dae666666666p+13, 
0x1.6188ccccccccdp+13)), class = "data.frame", row.names = c(NA, 
-120L))
