structure(list(period_id = c("1999Q1", "1999Q2", "1999Q3", "1999Q4", 
"2000Q1", "2000Q2", "2000Q3", "2000Q4", "2001Q1", "2001Q2", "2001Q3", 
"2001Q4", "2002Q1", "2002Q2", "2002Q3", "2002Q4", "2003Q1", "2003Q2", 
"2003Q3", "2003Q4", "2004Q1", "2004Q2", "2004Q3", "2004Q4", "2005Q1", 
"2005Q2", "2005Q3", "2005Q4", "2006Q1", "2006Q2", "2006Q3", "2006Q4", 
"2007Q1", "2007Q2", "2007Q3", "2007Q4", "2008Q1", "2008Q2", "2008Q3", 
"2008Q4", "2009Q1", "2009Q2", "2009Q3", "2009Q4", "2010Q1", "2010Q2", 
"2010Q3", "2010Q4", "2011Q1", "2011Q2", "2011Q3", "2011Q4", "2012Q1", 
"2012Q2", "2012Q3", "2012Q4", "2013Q1", "2013Q2", "2013Q3", "2013Q4", 
"2014Q1", "2014Q2", "2014Q3", "2014Q4", "2015Q1", "2015Q2", "2015Q3", 
"2015Q4", "2016Q1", "2016Q2", "2016Q3", "2016Q4", "2017Q1", "2017Q2", 
"2017Q3", "2017Q4", "2018Q1", "2018Q2", "2018Q3", "2018Q4", "2019Q1", 
"2019Q2", "2019Q3", "2019Q4", "2020Q1", "2020Q2", "2020Q3", "2020Q4", 
"2021Q1", "2021Q2", "2021Q3", "2021Q4", "2022Q1", "2022Q2", "2022Q3", 
"2022Q4", "2023Q1", "2023Q2", "2023Q3", "2023Q4", "2024Q1", "2024Q2", 
"2024Q3", "2024Q4"), value = c(0x1.800ec0724b76fp+6, 0x1.9726da4484945p+6, 
0x1.948285a921ccep+6, 0x1.8f7a8f7db6e5p+6, 0x1.adc55de58e64bp+6, 
0x1.c56b777d0f1f5p+6, 0x1.c9491c8eabffdp+6, 0x1.c770dfdef8488p+6, 
0x1.c8c24c404a72fp+6, 0x1.f47a793576039p+6, 0x1.faacbbc2b94d9p+6, 
0x1.f568d36b4c7f3p+6, 0x1.f588f08461f9fp+6, 0x1.00a4039abf338p+7, 
0x1.01957f51efb6ep+7, 0x1.01e5c725c3deep+7, 0x1.fc7d4562e09ffp+6, 
0x1.f3b128bf3bea9p+6, 0x1.ee45c896dd26bp+6, 0x1.e56d05af6c69bp+6, 
0x1.d8362174c4cep+6, 0x1.d5afd21ff2e49p+6, 0x1.d02c23fab10bap+6, 
0x1.c56ff10ecb74ep+6, 0x1.c7db1cc964628p+6, 0x1.b91b87379746p+6, 
0x1.c6d9d8409e55cp+6, 0x1.c84ef6f8f0414p+6, 0x1.b364ff865d7cbp+6, 
0x1.aa8324c836651p+6, 0x1.b71d78c436fc1p+6, 0x1.c28f587d6f976p+6, 
0x1.c52d23d4f15e8p+6, 0x1.c8240a2877ee5p+6, 0x1.b1480389f83bep+6, 
0x1.ace6b484d76abp+6, 0x1.a2d1e215336dfp+6, 0x1.aad0f27bb2fecp+6, 
0x1.a225e99e94ab2p+6, 0x1.a5411a11233dfp+6, 0x1.8038b86b15f89p+6, 
0x1.c290a67620ee9p+6, 0x1.06536c3760bf6p+7, 0x1.165af102363b2p+7, 
0x1.1cb523b3636f4p+7, 0x1.2a241b54195cdp+7, 0x1.2f7024b33daf9p+7, 
0x1.3360cb6c7a7cap+7, 0x1.48915f2452c5ap+7, 0x1.65a4a9478c869p+7, 
0x1.63d0ae536501ep+7, 0x1.6e5f22e1ac57ep+7, 0x1.6280c7c0f4517p+7, 
0x1.6a8577318fc5p+7, 0x1.7089a9da597d5p+7, 0x1.83a7b0b391926p+7, 
0x1.a13bcc6c54bcfp+7, 0x1.c33dfa00e27e1p+7, 0x1.e74064cb5bb38p+7, 
0x1.06ba581cf7879p+8, 0x1.200aebc408d8fp+8, 0x1.32e210060781p+8, 
0x1.3a4fa48301a7ap+8, 0x1.422e14cec41ddp+8, 0x1.39f9e8709741dp+8, 
0x1.39c19cae21102p+8, 0x1.3ab72e3821af8p+8, 0x1.3fb1c93ea2d3p+8, 
0x1.3139b1fab96f2p+8, 0x1.326d0c9107faap+8, 0x1.366e371540032p+8, 
0x1.33a250a45d42p+8, 0x1.06b45dc832336p+8, 0x1.0fef9ce8d972dp+8, 
0x1.14842b0ea1837p+8, 0x1.0e93d2d87f887p+8, 0x1.c77e5f5275eeap+7, 
0x1.cfb72799a1fd1p+7, 0x1.cf3522a6f3f53p+7, 0x1.ce991212513b6p+7, 
0x1.82a80abf76a2fp+7, 0x1.846b75a74c09cp+7, 0x1.8dceadb402d17p+7, 
0x1.8d6740c4156e2p+7, 0x1.6cd260913a4f8p+7, 0x1.755674afd5454p+7, 
0x1.75ca975afaf86p+7, 0x1.6d8a32f44912ap+7, 0x1.4a6a6a22b3893p+7, 
0x1.3c06cc1ca3a4bp+7, 0x1.3e39f9ce8d973p+7, 0x1.400caf2d7f951p+7, 
0x1.368b4cc250721p+7, 0x1.30913c03bc4d2p+7, 0x1.3dd0123810e88p+7, 
0x1.5d777d955714cp+7, 0x1.73c51b93037d6p+7, 0x1.8103cbe61cfffp+7, 
0x1.8dbfbfa4c61d8p+7, 0x1.afe44a1f0803p+7, 0x1.1aadfc19c1722p+7, 
0x1.2adeb1e5c0b9ap+8, 0x1.d6bc33721d53dp+7, 0x1.88c18e10cf5b2p+7
)), class = "data.frame", row.names = c(NA, -104L))
