structure(list(period_id = c("1995Q1", "1995Q2", "1995Q3", "1995Q4", 
"1996Q1", "1996Q2", "1996Q3", "1996Q4", "1997Q1", "1997Q2", "1997Q3", 
"1997Q4", "1998Q1", "1998Q2", "1998Q3", "1998Q4", "1999Q1", "1999Q2", 
"1999Q3", "1999Q4", "2000Q1", "2000Q2", "2000Q3", "2000Q4", "2001Q1", 
"2001Q2", "2001Q3", "2001Q4", "2002Q1", "2002Q2", "2002Q3", "2002Q4", 
"2003Q1", "2003Q2", "2003Q3", "2003Q4", "2004Q1", "2004Q2", "2004Q3", 
"2004Q4", "2005Q1", "2005Q2", "2005Q3", "2005Q4", "2006Q1", "2006Q2", 
"2006Q3", "2006Q4", "2007Q1", "2007Q2", "2007Q3", "2007Q4", "2008Q1", 
"2008Q2", "2008Q3", "2008Q4", "2009Q1", "2009Q2", "2009Q3", "2009Q4", 
"2010Q1", "2010Q2", "2010Q3", "2010Q4", "2011Q1", "2011Q2", "2011Q3", 
"2011Q4", "2012Q1", "2012Q2", "2012Q3", "2012Q4", "2013Q1", "2013Q2", 
"2013Q3", "2013Q4", "2014Q1", "2014Q2", "2014Q3", "2014Q4", "2015Q1", 
"2015Q2", "2015Q3", "2015Q4", "2016Q1", "2016Q2", "2016Q3", "2016Q4", 
"2017Q1", "2017Q2", "2017Q3", "2017Q4", "2018Q1", "2018Q2", "2018Q3", 
"2018Q4", "2019Q1", "2019Q2", "2019Q3", "2019Q4", "2020Q1", "2020Q2", 
"2020Q3", "2020Q4", "2021Q1", "2021Q2", "2021Q3", "2021Q4", "2022Q1", 
"2022Q2", "2022Q3", "2022Q4", "2023Q1", "2023Q2", "2023Q3", "2023Q4", 
"2024Q1", "2024Q2", "2024Q3", "2024Q4", "2025Q1", "2025Q2"), 
    value = c(NA, NA, NA, NA, 0x1.22309bcfd4bf1p+9, 0x1.25da934acaff7p+9, 
    0x1.2f6dff25e56cdp+9, 0x1.318eb780346dcp+9, 0x1.3611ea3df6db9p+9, 
    0x1.4d3b3882278d1p+9, 0x1.485d51bd61f5cp+9, 0x1.450ccffa7eb6cp+9, 
    0x1.4cbe75ab7dc7bp+9, 0x1.4efaf41f212d7p+9, 0x1.4e2e6d3f9e7b8p+9, 
    0x1.61a9400b88ca4p+9, 0x1.62ff8f3eccc47p+9, 0x1.b7fd8e4b87bddp+9, 
    0x1.6a58ed45e9186p+9, 0x1.772b8d045fe11p+9, 0x1.938a9b52007ddp+9, 
    0x1.93d539d1b2e5ap+9, 0x1.a2a85f41aef7p+9, 0x1.a105fab96f21fp+9, 
    0x1.90e146994185p+9, 0x1.9094b10ba6267p+9, 0x1.8f1d62ae4b018p+9, 
    0x1.8e0e56abde3fcp+9, 0x1.89c4467be553bp+9, 0x1.86fce18ac9f3p+9, 
    0x1.985e797891e21p+9, 0x1.a1e1e24febd0ap+9, 0x1.af3546dc5d639p+9, 
    0x1.c0bca9930be0ep+9, 0x1.b8e05af6c69b6p+9, 0x1.bc544f6598e11p+9, 
    0x1.bd6a01bc98a22p+9, 0x1.acc57785729b3p+9, 0x1.ba74366516db1p+9, 
    0x1.af38b9f559b3dp+9, 0x1.b112a60913a5p+9, 0x1.b68dedc7ef178p+9, 
    0x1.a89a60f5e41d5p+9, 0x1.aafe7d34df04ep+9, 0x1.9c3923dd54da5p+9, 
    0x1.a9b8093532e7bp+9, 0x1.b513f0d413123p+9, 0x1.d001547e06962p+9, 
    0x1.db9ed48882f0ep+9, 0x1.f8551a8ef77f2p+9, 0x1.07e46872b020cp+10, 
    0x1.0faad3b6cbd98p+10, 0x1.27b5cd9a52264p+10, 0x1.18f950225742ep+10, 
    0x1.17e8d00713f07p+10, 0x1.03cfba4d6e47ep+10, 0x1.e0f3aad601ffbp+9, 
    0x1.ce43b5aea3162p+9, 0x1.ad2452ac753e7p+9, 0x1.99b6a6f3f52fcp+9, 
    0x1.8c093bafd977p+9, 0x1.6cb03065f9592p+9, 0x1.58952018a43bbp+9, 
    0x1.31326db50f40ep+9, 0x1.1b5a2b6ae7d56p+9, 0x1.104a33ce63a5cp+9, 
    0x1.0f538f81e8a2fp+9, 0x1.245226138fffcp+9, 0x1.0bd07d6f97679p+9, 
    0x1.0e3847c30d307p+9, 0x1.1d61fa6defc7ap+9, 0x1.f85aac1094a2cp+8, 
    0x1.e4de6f0cfe154p+8, 0x1.df393415b1423p+8, 0x1.05367735c182fp+9, 
    0x1.26ecd05f28848p+9, 0x1.291f0b417ca21p+9, 0x1.3d90c3760bf5dp+9, 
    0x1.3678b6d86ec18p+9, 0x1.1748ca925fe97p+9, 0x1.25e5afe1da7b1p+9, 
    0x1.28a71c5c5718fp+9, 0x1.11b5479d4d834p+9, 0x1.0cd61187e7c07p+9, 
    0x1.b8bf7b4a2339cp+8, 0x1.c78fd8383ad9fp+8, 0x1.d160dab191ddep+8, 
    0x1.d7f7a398201cdp+8, 0x1.ee8c5a1cac083p+8, 0x1.ebef5e529bae4p+8, 
    0x1.ccc5afe1da7b1p+8, 0x1.0d1b4f50a02b8p+9, 0x1.02ab689ca18bdp+9, 
    0x1.111a9f05ea24dp+9, 0x1.1fe9976790321p+9, 0x1.335ebd1244a62p+9, 
    0x1.35086277c45ccp+9, 0x1.45201fb82c2bdp+9, 0x1.2446effe2a3cfp+9, 
    0x1.1b505a8155d5fp+9, 0x1.29f75d67ba238p+9, 0x1.09ba020817fc7p+9, 
    0x1.226d9f6ec5b08p+9, 0x1.27884851a8694p+9, 0x1.2892d55a3a084p+9, 
    0x1.2ca56bf444e0ep+9, 0x1.3cf30a569b175p+9, 0x1.3403c5692b3ccp+9, 
    0x1.332bbf61aa3fp+9, 0x1.2ba925c3dee78p+9, 0x1.3d8cad3e920cp+9, 
    0x1.3e27d84901d19p+9, 0x1.59504e69f05eap+9, 0x1.5fe69107faa04p+9, 
    0x1.66c009b30728fp+9, 0x1.4f0c602c9081cp+9, 0x1.5db4e52589268p+9, 
    0x1.4a7784662baep+9, 0x1.256e2eb1c432dp+9, 0x1.4a24ff08893b8p+9, 
    0x1.46838665e02ebp+9, 0x1.5a17f6db940ffp+9)), class = "data.frame", row.names = c(NA, 
-122L))
