structure(list(period_id = c("2000M01", "2000M02", "2000M03", 
"2000M04", "2000M05", "2000M06", "2000M07", "2000M08", "2000M09", 
"2000M10", "2000M11", "2000M12", "2001M01", "2001M02", "2001M03", 
"2001M04", "2001M05", "2001M06", "2001M07", "2001M08", "2001M09", 
"2001M10", "2001M11", "2001M12", "2002M01", "2002M02", "2002M03", 
"2002M04", "2002M05", "2002M06", "2002M07", "2002M08", "2002M09", 
"2002M10", "2002M11", "2002M12", "2003M01", "2003M02", "2003M03", 
"2003M04", "2003M05", "2003M06", "2003M07", "2003M08", "2003M09", 
"2003M10", "2003M11", "2003M12", "2004M01", "2004M02", "2004M03", 
"2004M04", "2004M05", "2004M06", "2004M07", "2004M08", "2004M09", 
"2004M10", "2004M11", "2004M12", "2005M01", "2005M02", "2005M03", 
"2005M04", "2005M05", "2005M06", "2005M07", "2005M08", "2005M09", 
"2005M10", "2005M11", "2005M12", "2006M01", "2006M02", "2006M03", 
"2006M04", "2006M05", "2006M06", "2006M07", "2006M08", "2006M09", 
"2006M10", "2006M11", "2006M12", "2007M01", "2007M02", "2007M03", 
"2007M04", "2007M05", "2007M06", "2007M07", "2007M08", "2007M09", 
"2007M10", "2007M11", "2007M12", "2008M01", "2008M02", "2008M03", 
"2008M04", "2008M05", "2008M06", "2008M07", "2008M08", "2008M09", 
"2008M10", "2008M11", "2008M12", "2009M01", "2009M02", "2009M03", 
"2009M04", "2009M05", "2009M06", "2009M07", "2009M08", "2009M09", 
"2009M10", "2009M11", "2009M12", "2010M01", "2010M02", "2010M03", 
"2010M04", "2010M05", "2010M06", "2010M07", "2010M08", "2010M09", 
"2010M10", "2010M11", "2010M12", "2011M01", "2011M02", "2011M03", 
"2011M04", "2011M05", "2011M06", "2011M07", "2011M08", "2011M09", 
"2011M10", "2011M11", "2011M12", "2012M01", "2012M02", "2012M03", 
"2012M04", "2012M05", "2012M06", "2012M07", "2012M08", "2012M09", 
"2012M10", "2012M11", "2012M12", "2013M01", "2013M02", "2013M03", 
"2013M04", "2013M05", "2013M06", "2013M07", "2013M08", "2013M09", 
"2013M10", "2013M11", "2013M12", "2014M01", "2014M02", "2014M03", 
"2014M04", "2014M05", "2014M06", "2014M07", "2014M08", "2014M09", 
"2014M10", "2014M11", "2014M12", "2015M01", "2015M02", "2015M03", 
"2015M04", "2015M05", "2015M06", "2015M07", "2015M08", "2015M09", 
"2015M10", "2015M11", "2015M12", "2016M01", "2016M02", "2016M03", 
"2016M04", "2016M05", "2016M06", "2016M07", "2016M08", "2016M09", 
"2016M10", "2016M11", "2016M12", "2017M01", "2017M02", "2017M03", 
"2017M04", "2017M05", "2017M06", "2017M07", "2017M08", "2017M09", 
"2017M10", "2017M11", "2017M12", "2018M01", "2018M02", "2018M03", 
"2018M04", "2018M05", "2018M06", "2018M07", "2018M08", "2018M09", 
"2018M10", "2018M11", "2018M12", "2019M01", "2019M02", "2019M03", 
"2019M04", "2019M05", "2019M06", "2019M07", "2019M08", "2019M09", 
"2019M10", "2019M11", "2019M12", "2020M01", "2020M02", "2020M03", 
"2020M04", "2020M05", "2020M06", "2020M07", "2020M08", "2020M09", 
"2020M10", "2020M11", "2020M12", "2021M01", "2021M02", "2021M03", 
"2021M04", "2021M05", "2021M06", "2021M07", "2021M08", "2021M09", 
"2021M10", "2021M11", "2021M12", "2022M01", "2022M02", "2022M03", 
"2022M04", "2022M05", "2022M06", "2022M07", "2022M08", "2022M09", 
"2022M10", "2022M11", "2022M12", "2023M01", "2023M02", "2023M03", 
"2023M04", "2023M05", "2023M06", "2023M07", "2023M08", "2023M09", 
"2023M10", "2023M11", "2023M12", "2024M01", "2024M02", "2024M03", 
"2024M04", "2024M05", "2024M06", "2024M07", "2024M08", "2024M09", 
"2024M10", "2024M11", "2024M12", "2025M01", "2025M02", "2025M03", 
"2025M04", "2025M05", "2025M06"), value = c(0x1.c2bce39b456b4p+5, 
0x1.d008a9bcfd4bfp+5, 0x1.ddac07aaef2c7p+5, 0x1.d5e3a7546d3fap+5, 
0x1.eea67d77fae36p+5, 0x1.ee5bafd976ff4p+5, 0x1.e4501c0ca600bp+5, 
0x1.e6aae74f2f124p+5, 0x1.e84c79702e664p+5, 0x1.e4a4febd09e13p+5, 
0x1.eb285db76b3bcp+5, 0x1.fa3a79fec99f2p+5, 0x1.ec2ae9ee45c36p+5, 
0x1.f3391a32b12d3p+5, 0x1.f5ace3de6149cp+5, 0x1.f3e9e34330d74p+5, 
0x1.f43cf9a06a6e3p+5, 0x1.f3f0364388ebdp+5, 0x1.f850a5efe9318p+5, 
0x1.f7c9af5ba2bep+5, 0x1.ee87bcc2938dep+5, 0x1.f704a7b4e54f8p+5, 
0x1.ee22dc6e2a8p+5, 0x1.f65b52007dd44p+5, 0x1.ff25742dcf462p+5, 
0x1.0041ec4e7253ep+6, 0x1.fd6854cdb7ae5p+5, 0x1.059c4156e264ep+6, 
0x1.f799ea57214fp+5, 0x1.f5abe2f7b17cep+5, 0x1.000f0520d130ep+6, 
0x1.0107dae81882bp+6, 0x1.02a0913a4f872p+6, 0x1.ff850bd87b56cp+5, 
0x1.f8411c2a02321p+5, 0x1.f81d4845132f8p+5, 0x1.f7de8ab4fa483p+5, 
0x1.0392db1e9f278p+6, 0x1.00588effe2a3dp+6, 0x1.facb8e086bdf5p+5, 
0x1.fb411ba3ca75p+5, 0x1.f64b87379746p+5, 0x1.fcf1212513b5cp+5, 
0x1.00d329802c0a5p+6, 0x1.02ddd052934adp+6, 0x1.0a1592d98bf7fp+6, 
0x1.0b07a5f41aef7p+6, 0x1.0262db61bb06p+6, 0x1.08101d19157acp+6, 
0x1.05e887229e908p+6, 0x1.0c86b15f88fc9p+6, 0x1.0ea06d0d4994ap+6, 
0x1.0563f705857bp+6, 0x1.091c3547e0696p+6, 0x1.0b4549f94855ep+6, 
0x1.0d1bb23571d1dp+6, 0x1.0f1bf8769ec2dp+6, 0x1.0e747b677f6b2p+6, 
0x1.0cd170d62bf12p+6, 0x1.076ed4e4c942dp+6, 0x1.0ef539756c93ap+6, 
0x1.0999ebe9c8861p+6, 0x1.0f651159c4977p+6, 0x1.111fd36f7e3d2p+6, 
0x1.16609289dadfbp+6, 0x1.1945b8dc55001p+6, 0x1.223345069a4dfp+6, 
0x1.0eece24bba12bp+6, 0x1.190d3bafd977p+6, 0x1.1e1ccd530489dp+6, 
0x1.2038f9b13165dp+6, 0x1.25a69835158b8p+6, 0x1.211efd438d1d9p+6, 
0x1.1de34eb9a176ep+6, 0x1.1939806f26289p+6, 0x1.1fa1b79d909f2p+6, 
0x1.2bb1101b00368p+6, 0x1.200d5347a5b1p+6, 0x1.30574fb549f95p+6, 
0x1.28364f11b60afp+6, 0x1.2c3e525892685p+6, 0x1.30070a3d70a3dp+6, 
0x1.3639f4906034fp+6, 0x1.3f4e5d18090b4p+6, 0x1.3b2685553ef6bp+6, 
0x1.376db6a1e81cbp+6, 0x1.35e008a697aeep+6, 0x1.3c917efe0ce0cp+6, 
0x1.38074f2f123c4p+6, 0x1.41c063e07a28cp+6, 0x1.46759ee88df37p+6, 
0x1.45907852f7f4ap+6, 0x1.3f86145953587p+6, 0x1.47219d66adb4p+6, 
0x1.4167f23cc8de3p+6, 0x1.4088982cb20fbp+6, 0x1.4b5aa21a719b5p+6, 
0x1.4fdb54e2b063ep+6, 0x1.4c6a0407cc7d2p+6, 0x1.4dd6e2eb1c433p+6, 
0x1.4aa3a57eaa2a1p+6, 0x1.57b638433d6c7p+6, 0x1.43f5208e15012p+6, 
0x1.4d87add15f02cp+6, 0x1.4af8a2ec28b2ap+6, 0x1.4a67564302b41p+6, 
0x1.22b9899bf5947p+6, 0x1.066d9988d2a2p+6, 0x1.188736049ecb3p+6, 
0x1.0bee4a7b4e54fp+6, 0x1.08be5b4245f5bp+6, 0x1.f3faf20ea5b53p+5, 
0x1.039935fc3b4f6p+6, 0x1.051b33daf8df8p+6, 0x1.02851e321a2e8p+6, 
0x1.0d06fef7c243ep+6, 0x1.13c7507e9d94dp+6, 0x1.0b0f1d3ed527ep+6, 
0x1.14b42352eb5f6p+6, 0x1.0dd7a786c2268p+6, 0x1.08cad538ac19p+6, 
0x1.119dba4d6e47ep+6, 0x1.17116440f2389p+6, 0x1.14c9142b302f7p+6, 
0x1.1ef20535c9e67p+6, 0x1.1e23f359ff4fdp+6, 0x1.1b2fc0096feb5p+6, 
0x1.24b1290257c91p+6, 0x1.21f16db0dd83p+6, 0x1.22bd4e4c942d5p+6, 
0x1.2506ac215b9a6p+6, 0x1.2b6d074213a0cp+6, 0x1.218a6117720c9p+6, 
0x1.1f543f1c75819p+6, 0x1.245c508b32ce9p+6, 0x1.21555a7d24181p+6, 
0x1.2846d938151a4p+6, 0x1.1c6f2cf95d4e9p+6, 0x1.2040da1a93294p+6, 
0x1.1d57e9531550dp+6, 0x1.26094c87980f5p+6, 0x1.24b5c5b4aa971p+6, 
0x1.277cc1ca3a4b5p+6, 0x1.20a1361dc93eap+6, 0x1.21eaec4a4095fp+6, 
0x1.24e1c79b34a45p+6, 0x1.22e01d19157acp+6, 0x1.2857b7414a4d3p+6, 
0x1.1e9d8904f6dfcp+6, 0x1.252914b167ec8p+6, 0x1.207ebaade657cp+6, 
0x1.279ff2e48e8a7p+6, 0x1.23b009f623077p+6, 0x1.205d538ac18f8p+6, 
0x1.19aaf78feef5fp+6, 0x1.1c9b2b777d0f2p+6, 0x1.1f65ccc89b0eep+6, 
0x1.24b37110e453dp+6, 0x1.190d19157abb9p+6, 0x1.1dab97bb73083p+6, 
0x1.17a61ed5ae1cep+6, 0x1.1fb51d25aab47p+6, 0x1.19dab606b7aa2p+6, 
0x1.1ebd074213a0cp+6, 0x1.1dde86c6583e8p+6, 0x1.1d12dfd694ccbp+6, 
0x1.20b4c1a8ac5c1p+6, 0x1.2906e696a26e5p+6, 0x1.1dfbac2df0d41p+6, 
0x1.181f66a55087p+6, 0x1.226bc169c23b8p+6, 0x1.1f4b54e2b063ep+6, 
0x1.1f7e0ce0b912ep+6, 0x1.274159817b95ap+6, 0x1.28fbee807bbb6p+6, 
0x1.255b37c99ae92p+6, 0x1.213c764adff82p+6, 0x1.268fe82517e78p+6, 
0x1.273556d19decep+6, 0x1.2a473d9ec7p+6, 0x1.2f89d7ba6698cp+6, 
0x1.2a9a53b8e4b88p+6, 0x1.319400fba8827p+6, 0x1.2dd8e92d55a3ap+6, 
0x1.328d7fd82773ep+6, 0x1.35564e8b7e4dep+6, 0x1.31b4003254e6ep+6, 
0x1.33cdf2a9d627cp+6, 0x1.344c54bcf0b6bp+6, 0x1.30c1554fbdad7p+6, 
0x1.3461b25f633cep+6, 0x1.2ef6a22b3892fp+6, 0x1.47f3f52fc2657p+6, 
0x1.4af05c0336156p+6, 0x1.3ead5bee3d5fep+6, 0x1.41e505d0fa58fp+6, 
0x1.43b57b84db9c7p+6, 0x1.4526da4484945p+6, 0x1.4c1aad1d041ccp+6, 
0x1.49460285ec3dbp+6, 0x1.4bf6bacf7447p+6, 0x1.4d78d79d0a676p+6, 
