structure(list(period_id = c("1995Q1", "1995Q2", "1995Q3", "1995Q4", 
"1996Q1", "1996Q2", "1996Q3", "1996Q4", "1997Q1", "1997Q2", "1997Q3", 
"1997Q4", "1998Q1", "1998Q2", "1998Q3", "1998Q4", "1999Q1", "1999Q2", 
"1999Q3", "1999Q4", "2000Q1", "2000Q2", "2000Q3", "2000Q4", "2001Q1", 
"2001Q2", "2001Q3", "2001Q4", "2002Q1", "2002Q2", "2002Q3", "2002Q4", 
"2003Q1", "2003Q2", "2003Q3", "2003Q4", "2004Q1", "2004Q2", "2004Q3", 
"2004Q4", "2005Q1", "2005Q2", "2005Q3", "2005Q4", "2006Q1", "2006Q2", 
"2006Q3", "2006Q4", "2007Q1", "2007Q2", "2007Q3", "2007Q4", "2008Q1", 
"2008Q2", "2008Q3", "2008Q4", "2009Q1", "2009Q2", "2009Q3", "2009Q4", 
"2010Q1", "2010Q2", "2010Q3", "2010Q4", "2011Q1", "2011Q2", "2011Q3", 
"2011Q4", "2012Q1", "2012Q2", "2012Q3", "2012Q4", "2013Q1", "2013Q2", 
"2013Q3", "2013Q4", "2014Q1", "2014Q2", "2014Q3", "2014Q4", "2015Q1", 
"2015Q2", "2015Q3", "2015Q4", "2016Q1", "2016Q2", "2016Q3", "2016Q4", 
"2017Q1", "2017Q2", "2017Q3", "2017Q4", "2018Q1", "2018Q2", "2018Q3", 
"2018Q4", "2019Q1", "2019Q2", "2019Q3", "2019Q4", "2020Q1", "2020Q2", 
"2020Q3", "2020Q4", "2021Q1", "2021Q2", "2021Q3", "2021Q4", "2022Q1", 
"2022Q2", "2022Q3", "2022Q4", "2023Q1", "2023Q2", "2023Q3", "2023Q4", 
"2024Q1", "2024Q2", "2024Q3", "2024Q4", "2025Q1", "2025Q2"), 
    value = c(NA, NA, NA, NA, 0x1.d17a0ee8d10f5p+10, 0x1.e2c9376d54973p+10, 
    0x1.eebc57d1782d4p+10, 0x1.e9fe64a16a487p+10, 0x1.ffb8c3bd59924p+10, 
    0x1.18ec734938583p+11, 0x1.14082f7f498c4p+11, 0x1.19efdb37c99afp+11, 
    0x1.2c930c47a17f4p+11, 0x1.25885aa715832p+11, 0x1.2ed218090b418p+11, 
    0x1.3c6b7f4ba51ap+11, 0x1.376b63dc486adp+11, 0x1.6674011b1d92bp+11, 
    0x1.341bba365cb36p+11, 0x1.5540a98eda22fp+11, 0x1.5d8023f034b0ep+11, 
    0x1.5b5f0fa58f712p+11, 0x1.684c0999dcb58p+11, 0x1.626be5ba6efc3p+11, 
    0x1.6a7a1a4bdba0ap+11, 0x1.69011172ef0aep+11, 0x1.743306b37867fp+11, 
    0x1.7159a647fdc59p+11, 0x1.78ffc267839cep+11, 0x1.7c174271fff7ap+11, 
    0x1.861081d7dbf48p+11, 0x1.89dc2033e78e2p+11, 0x1.904ff9f666235p+11, 
    0x1.9527041ede11ap+11, 0x1.a3fe9f1ae2da5p+11, 0x1.a866e2b6ae7d5p+11, 
    0x1.b77c04fd2a62bp+11, 0x1.e59c30caa326ep+11, 0x1.e86fa9131ec0bp+11, 
    0x1.ee8a0a393ee5fp+11, 0x1.e330147496aadp+11, 0x1.f496af5dbb9dp+11, 
    0x1.0570831162281p+12, 0x1.11897fc86cebcp+12, 0x1.173e14e3bcd36p+12, 
    0x1.17de5ccb7d417p+12, 0x1.2236e4f54d1e9p+12, 0x1.368e42eba27afp+12, 
    0x1.461bcca70d1fap+12, 0x1.4df0fc8b0079ap+12, 0x1.5b9f2e1ac57e2p+12, 
    0x1.58111e68a0d35p+12, 0x1.634bcb61fe21ep+12, 0x1.6af64196d8f5p+12, 
    0x1.68645e310dbfp+12, 0x1.3dabc0bdcad15p+12, 0x1.0ef92949a5658p+12, 
    0x1.0cd48aa64c2f8p+12, 0x1.1ffef40e5a35dp+12, 0x1.21da7e89a88adp+12, 
    0x1.1fa63b17ce52ep+12, 0x1.2a3d6e7924af1p+12, 0x1.2da249c2c1b11p+12, 
    0x1.37218a8198f1dp+12, 0x1.3767abd3c3611p+12, 0x1.3e4f1d91ab8e9p+12, 
    0x1.4243f1c219eb6p+12, 0x1.3f361e108c3f4p+12, 0x1.38f22f049a997p+12, 
    0x1.36450bc05d52cp+12, 0x1.2fd75ba1b1961p+12, 0x1.33316c2480e8dp+12, 
    0x1.38a4d59e62563p+12, 0x1.3bb42abcd78c4p+12, 0x1.37a2f4c2b51bdp+12, 
    0x1.41f1f986338b4p+12, 0x1.3e2854b9cb685p+12, 0x1.3e7588301a7ap+12, 
    0x1.4b1aec6583e85p+12, 0x1.4b8a599ed7c7p+12, 0x1.516ee80bed741p+12, 
    0x1.52f30573a7979p+12, 0x1.58ba9f46ed246p+12, 0x1.590ef76922d95p+12, 
    0x1.6a82fa9b06812p+12, 0x1.6adca7807789ap+12, 0x1.74c549e6687f4p+12, 
    0x1.7c362dfe75bc4p+12, 0x1.86ae198bf7f06p+12, 0x1.93fd2c3760bf6p+12, 
    0x1.a1238406c00dap+12, 0x1.b13c155f7835ap+12, 0x1.b20b0621b7e0bp+12, 
    0x1.b9a282eba27afp+12, 0x1.b78c486594af5p+12, 0x1.c86dcdc443915p+12, 
    0x1.cc1586fef7c24p+12, 0x1.d12f0f41f212dp+12, 0x1.da7b7c18b502bp+12, 
    0x1.c74d041248d7ep+12, 0x1.bf1245ee568a5p+12, 0x1.673d48ede54b5p+12, 
    0x1.a3573b19e731dp+12, 0x1.ba506e4d1a65p+12, 0x1.cf1938982cb21p+12, 
    0x1.e6dcc446b69dbp+12, 0x1.e64f34a2339c1p+12, 0x1.011459a6b50b1p+13, 
    0x1.0671bc4c9c90cp+13, 0x1.0775661cffebp+13, 0x1.1233f2d01c0cap+13, 
    0x1.051de4b90214bp+13, 0x1.021850574b407p+13, 0x1.fb6574091c087p+12, 
    0x1.e9be8a7503b82p+12, 0x1.019008e608073p+13, 0x1.0a1a2f123c42ap+13, 
    0x1.0a0474d9c6b05p+13, 0x1.0521f8bb4d489p+13, 0x1.030ea4840e172p+13, 
    0x1.0f5a506bbdbe4p+13, 0x1.11c563f572de4p+13)), class = "data.frame", row.names = c(NA, 
-122L))
