structure(list(period_id = c("1995Q1", "1995Q2", "1995Q3", "1995Q4", 
"1996Q1", "1996Q2", "1996Q3", "1996Q4", "1997Q1", "1997Q2", "1997Q3", 
"1997Q4", "1998Q1", "1998Q2", "1998Q3", "1998Q4", "1999Q1", "1999Q2", 
"1999Q3", "1999Q4", "2000Q1", "2000Q2", "2000Q3", "2000Q4", "2001Q1", 
"2001Q2", "2001Q3", "2001Q4", "2002Q1", "2002Q2", "2002Q3", "2002Q4", 
"2003Q1", "2003Q2", "2003Q3", "2003Q4", "2004Q1", "2004Q2", "2004Q3", 
"2004Q4", "2005Q1", "2005Q2", "2005Q3", "2005Q4", "2006Q1", "2006Q2", 
"2006Q3", "2006Q4", "2007Q1", "2007Q2", "2007Q3", "2007Q4", "2008Q1", 
"2008Q2", "2008Q3", "2008Q4", "2009Q1", "2009Q2", "2009Q3", "2009Q4", 
"2010Q1", "2010Q2", "2010Q3", "2010Q4", "2011Q1", "2011Q2", "2011Q3", 
"2011Q4", "2012Q1", "2012Q2", "2012Q3", "2012Q4", "2013Q1", "2013Q2", 
"2013Q3", "2013Q4", "2014Q1", "2014Q2", "2014Q3", "2014Q4", "2015Q1", 
"2015Q2", "2015Q3", "2015Q4", "2016Q1", "2016Q2", "2016Q3", "2016Q4", 
"2017Q1", "2017Q2", "2017Q3", "2017Q4", "2018Q1", "2018Q2", "2018Q3", 
"2018Q4", "2019Q1", "2019Q2", "2019Q3", "2019Q4", "2020Q1", "2020Q2", 
"2020Q3", "2020Q4", "2021Q1", "2021Q2", "2021Q3", "2021Q4", "2022Q1", 
"2022Q2", "2022Q3", "2022Q4", "2023Q1", "2023Q2", "2023Q3", "2023Q4", 
"2024Q1", "2024Q2", "2024Q3", "2024Q4"), value = c(0x1.47f0b33333333p+16, 
0x1.487e19999999ap+16, 0x1.4a6f333333333p+16, 0x1.49bb8p+16, 
0x1.4b36p+16, 0x1.4a13666666666p+16, 0x1.49d0ccccccccdp+16, 0x1.4b46b33333333p+16, 
0x1.4f1019999999ap+16, 0x1.4fbbe66666666p+16, 0x1.535f99999999ap+16, 
0x1.55c44cccccccdp+16, 0x1.5958666666666p+16, 0x1.5d01e66666666p+16, 
0x1.5cf0666666666p+16, 0x1.5c56e66666666p+16, 0x1.5cc399999999ap+16, 
0x1.5f0499999999ap+16, 0x1.60ffp+16, 0x1.6982e66666666p+16, 0x1.6be2e66666666p+16, 
0x1.6d79333333333p+16, 0x1.711e4cccccccdp+16, 0x1.75f3666666666p+16, 
0x1.753599999999ap+16, 0x1.76bdb33333333p+16, 0x1.76e719999999ap+16, 
0x1.7555p+16, 0x1.75acp+16, 0x1.76a2666666666p+16, 0x1.7658ccccccccdp+16, 
0x1.74b8b33333333p+16, 0x1.7340e66666666p+16, 0x1.722919999999ap+16, 
0x1.75fd4cccccccdp+16, 0x1.7a574cccccccdp+16, 0x1.7ca18p+16, 
0x1.7fc3b33333333p+16, 0x1.7f57ccccccccdp+16, 0x1.804b666666666p+16, 
0x1.839b4cccccccdp+16, 0x1.87c299999999ap+16, 0x1.8c3119999999ap+16, 
0x1.905619999999ap+16, 0x1.952a333333333p+16, 0x1.9863e66666666p+16, 
0x1.9b37e66666666p+16, 0x1.a08b4cccccccdp+16, 0x1.a2bd666666666p+16, 
0x1.a953b33333333p+16, 0x1.ad0ab33333333p+16, 0x1.b08a4cccccccdp+16, 
0x1.b477333333333p+16, 0x1.b95419999999ap+16, 0x1.bb9419999999ap+16, 
0x1.adf3b33333333p+16, 0x1.a6704cccccccdp+16, 0x1.a8cc19999999ap+16, 
0x1.aeb18p+16, 0x1.b10899999999ap+16, 0x1.b5398p+16, 0x1.b84ce66666666p+16, 
0x1.ba61666666666p+16, 0x1.be0b8p+16, 0x1.c06119999999ap+16, 
0x1.c3294cccccccdp+16, 0x1.c1e319999999ap+16, 0x1.c21b333333333p+16, 
0x1.c462b33333333p+16, 0x1.c5b3b33333333p+16, 0x1.c9ba19999999ap+16, 
0x1.c972333333333p+16, 0x1.cb3ap+16, 0x1.cebc99999999ap+16, 0x1.d1ef4cccccccdp+16, 
0x1.d30a333333333p+16, 0x1.d54e666666666p+16, 0x1.d93be66666666p+16, 
0x1.dbd6e66666666p+16, 0x1.defc4cccccccdp+16, 0x1.ddc9666666666p+16, 
0x1.e09ce66666666p+16, 0x1.e340e66666666p+16, 0x1.e591333333333p+16, 
0x1.e7478p+16, 0x1.ead3e66666666p+16, 0x1.ee728p+16, 0x1.ef244cccccccdp+16, 
0x1.ef3f666666666p+16, 0x1.f0b24cccccccdp+16, 0x1.f35eccccccccdp+16, 
0x1.f892666666666p+16, 0x1.fd7b8p+16, 0x1.01b4733333333p+17, 
0x1.00cd99999999ap+17, 0x1.013b99999999ap+17, 0x1.016b59999999ap+17, 
0x1.03124p+17, 0x1.043b333333333p+17, 0x1.05a04p+17, 0x1.01b619999999ap+17, 
0x1.e1c68p+16, 0x1.018559999999ap+17, 0x1.0273d9999999ap+17, 
0x1.0399cp+17, 0x1.09f6f33333333p+17, 0x1.103b4p+17, 0x1.1151f33333333p+17, 
0x1.119dccccccccdp+17, 0x1.14694p+17, 0x1.152b333333333p+17, 
0x1.1566f33333333p+17, 0x1.163599999999ap+17, 0x1.15a7666666666p+17, 
0x1.1623p+17, 0x1.16cf19999999ap+17, 0x1.17d7a66666666p+17, 0x1.195e266666666p+17, 
0x1.1a97p+17, 0x1.1b218cccccccdp+17)), class = "data.frame", row.names = c(NA, 
-120L))
