structure(list(period_id = c("1995Q1", "1995Q2", "1995Q3", "1995Q4", 
"1996Q1", "1996Q2", "1996Q3", "1996Q4", "1997Q1", "1997Q2", "1997Q3", 
"1997Q4", "1998Q1", "1998Q2", "1998Q3", "1998Q4", "1999Q1", "1999Q2", 
"1999Q3", "1999Q4", "2000Q1", "2000Q2", "2000Q3", "2000Q4", "2001Q1", 
"2001Q2", "2001Q3", "2001Q4", "2002Q1", "2002Q2", "2002Q3", "2002Q4", 
"2003Q1", "2003Q2", "2003Q3", "2003Q4", "2004Q1", "2004Q2", "2004Q3", 
"2004Q4", "2005Q1", "2005Q2", "2005Q3", "2005Q4", "2006Q1", "2006Q2", 
"2006Q3", "2006Q4", "2007Q1", "2007Q2", "2007Q3", "2007Q4", "2008Q1", 
"2008Q2", "2008Q3", "2008Q4", "2009Q1", "2009Q2", "2009Q3", "2009Q4", 
"2010Q1", "2010Q2", "2010Q3", "2010Q4", "2011Q1", "2011Q2", "2011Q3", 
"2011Q4", "2012Q1", "2012Q2", "2012Q3", "2012Q4", "2013Q1", "2013Q2", 
"2013Q3", "2013Q4", "2014Q1", "2014Q2", "2014Q3", "2014Q4", "2015Q1", 
"2015Q2", "2015Q3", "2015Q4", "2016Q1", "2016Q2", "2016Q3", "2016Q4", 
"2017Q1", "2017Q2", "2017Q3", "2017Q4", "2018Q1", "2018Q2", "2018Q3", 
"2018Q4", "2019Q1", "2019Q2", "2019Q3", "2019Q4", "2020Q1", "2020Q2", 
"2020Q3", "2020Q4", "2021Q1", "2021Q2", "2021Q3", "2021Q4", "2022Q1", 
"2022Q2", "2022Q3", "2022Q4", "2023Q1", "2023Q2", "2023Q3", "2023Q4", 
"2024Q1", "2024Q2", "2024Q3"), value = c(0x1.56896e158750cp+6, 
0x1.56002ababead5p+6, 0x1.692fea8112ba1p+6, 0x1.7c466772d5e07p+6, 
0x1.9b246e4c0df59p+6, 0x1.acf7c39368273p+6, 0x1.bfb8b2a6b0d95p+6, 
0x1.d237da61e0c5bp+6, 0x1.eef478c868bap+6, 0x1.0d0db1a6d699p+7, 
0x1.1db54ac29bf16p+7, 0x1.2e668dda48b65p+7, 0x1.2e5fb224aada3p+7, 
0x1.35f7ded6ba8c6p+7, 0x1.3afa00192a737p+7, 0x1.3e3ec2acb85a5p+7, 
0x1.4b2b3aabcd78cp+7, 0x1.5395538ac18f8p+7, 0x1.5c0528d002e23p+7, 
0x1.5c12d948dc11ep+7, 0x1.57937a5f41aefp+7, 0x1.556b79314445bp+7, 
0x1.4d9328b6d86ecp+7, 0x1.568855fbb517ap+7, 0x1.54e4d9c6b0532p+7, 
0x1.60076512a94ffp+7, 0x1.682a5b317efe1p+7, 0x1.60ebd3804534cp+7, 
0x1.6e9478a6dacacp+7, 0x1.6aaf8316a0557p+7, 0x1.5ff0737974602p+7, 
0x1.66415464dc22bp+7, 0x1.6527ddebd9019p+7, 0x1.636f97aaac109p+7, 
0x1.6859e731d2e0ep+7, 0x1.783fc69728a61p+7, 0x1.82341b54195cdp+7, 
0x1.98f870da5dafp+7, 0x1.c50c5308bb906p+7, 0x1.de5294bbe4474p+7, 
0x1.f07a122fad6cbp+7, 0x1.0c231348b2208p+8, 0x1.0e1285015c209p+8, 
0x1.1334199fe4367p+8, 0x1.20591e646f156p+8, 0x1.2b3fea8112ba1p+8, 
0x1.33057f4128bf4p+8, 0x1.4378b8e086bdfp+8, 0x1.4f5496787ce96p+8, 
0x1.596d21bc126a6p+8, 0x1.7cbf70de8f6cfp+8, 0x1.92502c0a4a05ep+8, 
0x1.af06bde3fbbd8p+8, 0x1.bf3558a761028p+8, 0x1.b1a46a1a500d6p+8, 
0x1.989c8c7192ea5p+8, 0x1.800f7c99ae925p+8, 0x1.5ff3ad5bee3d6p+8, 
0x1.4fd010c6f7a0bp+8, 0x1.3f1b2734f82f5p+8, 0x1.291765668c261p+8, 
0x1.2246aca793576p+8, 0x1.172d375c8d9f9p+8, 0x1.0e837121ab4b7p+8, 
0x1.0de1da059a73bp+8, 0x1.0555fbf83382ep+8, 0x1.f6a387160956cp+7, 
0x1.e8a73d3a1d324p+7, 0x1.dd3538ac18f82p+7, 0x1.c924e1a3f4667p+7, 
0x1.c534284dfce31p+7, 0x1.bdf4a3c64345dp+7, 0x1.b3a33b7521145p+7, 
0x1.b13a9cdc44391p+7, 0x1.acc4d4ed2cbeap+7, 0x1.a95ac49342678p+7, 
0x1.9c1f7ced91687p+7, 0x1.9a23a7546d3fap+7, 0x1.9407562174c4dp+7, 
0x1.8d413d9663843p+7, 0x1.980651f3e89a9p+7, 0x1.9c0e7381d7dbfp+7, 
0x1.9c1468661ae71p+7, 0x1.a5cdb1422ccb4p+7, 0x1.9c2a19439de48p+7, 
0x1.a1173471f7942p+7, 0x1.a4bdcc426351ep+7, 0x1.a7cfc7820a30ep+7, 
0x1.b6b37d41743e9p+7, 0x1.bd4c1e7967cafp+7, 0x1.c9b09ce4a7b4ep+7, 
0x1.d21b91b3f20a7p+7, 0x1.c3bfd955714bap+7, 0x1.d37bdb3bfb58dp+7, 
0x1.e385696e58a33p+7, 0x1.f7f9be8ff327bp+7, 0x1.00f28522ea0fdp+8, 
0x1.0c6cd844d013bp+8, 0x1.08eeb0318b934p+8, 0x1.0a0ddc8323359p+8, 
0x1.1eac026cc1ca4p+8, 0x1.ec08c3f3e0371p+7, 0x1.081f9496249a1p+8, 
0x1.16afb7c7820a3p+8, 0x1.21906195464dcp+8, 0x1.2332b4a66559fp+8, 
0x1.3c02aa9f7b5afp+8, 0x1.6b29d872f33cap+8, 0x1.79e9947cfa26ap+8, 
0x1.8f08a65492ff5p+8, 0x1.925df78359bc3p+8, 0x1.9d0cf893faf42p+8, 
0x1.b34b44b2b777dp+8, 0x1.c6c6ed02cd39ep+8, 0x1.e25784662baep+8, 
0x1.eec690bc7b45fp+8, 0x1.e8b4bc7b45f18p+8, 0x1.dadceb9a176dep+8, 
0x1.ce68c729f59cdp+8)), class = "data.frame", row.names = c(NA, 
-119L))
