structure(list(period_id = c("1995Q1", "1995Q2", "1995Q3", "1995Q4", 
"1996Q1", "1996Q2", "1996Q3", "1996Q4", "1997Q1", "1997Q2", "1997Q3", 
"1997Q4", "1998Q1", "1998Q2", "1998Q3", "1998Q4", "1999Q1", "1999Q2", 
"1999Q3", "1999Q4", "2000Q1", "2000Q2", "2000Q3", "2000Q4", "2001Q1", 
"2001Q2", "2001Q3", "2001Q4", "2002Q1", "2002Q2", "2002Q3", "2002Q4", 
"2003Q1", "2003Q2", "2003Q3", "2003Q4", "2004Q1", "2004Q2", "2004Q3", 
"2004Q4", "2005Q1", "2005Q2", "2005Q3", "2005Q4", "2006Q1", "2006Q2", 
"2006Q3", "2006Q4", "2007Q1", "2007Q2", "2007Q3", "2007Q4", "2008Q1", 
"2008Q2", "2008Q3", "2008Q4", "2009Q1", "2009Q2", "2009Q3", "2009Q4", 
"2010Q1", "2010Q2", "2010Q3", "2010Q4", "2011Q1", "2011Q2", "2011Q3", 
"2011Q4", "2012Q1", "2012Q2", "2012Q3", "2012Q4", "2013Q1", "2013Q2", 
"2013Q3", "2013Q4", "2014Q1", "2014Q2", "2014Q3", "2014Q4", "2015Q1", 
"2015Q2", "2015Q3", "2015Q4", "2016Q1", "2016Q2", "2016Q3", "2016Q4", 
"2017Q1", "2017Q2", "2017Q3", "2017Q4", "2018Q1", "2018Q2", "2018Q3", 
"2018Q4", "2019Q1", "2019Q2", "2019Q3", "2019Q4", "2020Q1", "2020Q2", 
"2020Q3", "2020Q4", "2021Q1", "2021Q2", "2021Q3", "2021Q4", "2022Q1", 
"2022Q2", "2022Q3", "2022Q4", "2023Q1", "2023Q2", "2023Q3", "2023Q4", 
"2024Q1", "2024Q2", "2024Q3"), value = c(NA, NA, NA, NA, 0x1.0a40f50a02b84p+8, 
0x1.1e8e3b9ae0c17p+8, 0x1.1661017dae819p+8, 0x1.195829f16b11cp+8, 
0x1.292478a6dacacp+8, 0x1.442bba237cdcdp+8, 0x1.5401ec1c1d6dp+8, 
0x1.536516fc9bc77p+8, 0x1.6a4c4ba0e8427p+8, 0x1.5797405f6ba06p+8, 
0x1.6e57ac710cb29p+8, 0x1.7fdce8a71de6ap+8, 0x1.99a5dcc63f141p+8, 
0x1.ea2299d883ba3p+8, 0x1.9a84e9d51b4fep+8, 0x1.b380984e3ffefp+8, 
0x1.aa390507a6bd7p+8, 0x1.a8987304039acp+8, 0x1.ad770110a137fp+8, 
0x1.bd53d41743e96p+8, 0x1.d0e6e48e8a71ep+8, 0x1.d62fa92a30553p+8, 
0x1.ee61f4d37c137p+8, 0x1.cb74fa05143bfp+8, 0x1.ce2c3009b3073p+8, 
0x1.d29ff23cc8de3p+8, 0x1.c9e9c2d278078p+8, 0x1.eb7ba647fdc59p+8, 
0x1.e9e2f5771001dp+8, 0x1.efcebb7739f34p+8, 0x1.0649f2b239a39p+9, 
0x1.065284a515ceap+9, 0x1.08ae9c2c1b11p+9, 0x1.12505d5b24e9cp+9, 
0x1.115c6644d8772p+9, 0x1.0b155286b5914p+9, 0x1.05e7eec39799ep+9, 
0x1.14e6e2f37fbfp+9, 0x1.2307d66adb403p+9, 0x1.38d67d0aed99dp+9, 
0x1.3c30061847f56p+9, 0x1.45c583947496bp+9, 0x1.59f719d66adb4p+9, 
0x1.64d62a3cea6c2p+9, 0x1.5a3210e8858ffp+9, 0x1.5d5206c8711d8p+9, 
0x1.5fbc2ff8ec0f9p+9, 0x1.67616ca46e08fp+9, 0x1.8103b0d51f81ap+9, 
0x1.96bf5a7d24181p+9, 0x1.86d7c0db2702ap+9, 0x1.4ff73c148344cp+9, 
0x1.24040e8427419p+9, 0x1.18fb405f6ba06p+9, 0x1.1e8d9e1f3a57fp+9, 
0x1.0a40b3a2595bcp+9, 0x1.ccccfebd09e13p+8, 0x1.04d3479d4d834p+9, 
0x1.01cfb6a1e81cbp+9, 0x1.159ad0f627393p+9, 0x1.0f4e522ea0fd4p+9, 
0x1.16e8f8726d04ep+9, 0x1.1a4b8a19c9d5ap+9, 0x1.123bc27631b58p+9, 
0x1.0b1d4f6167232p+9, 0x1.0070d844d013bp+9, 0x1.02641b10fd7e4p+9, 
0x1.fab39c51dabe2p+8, 0x1.409d04c48adefp+9, 0x1.3136403148777p+9, 
0x1.15b2d22424a27p+9, 0x1.0738de093532ep+9, 0x1.0cc761b2a27f2p+9, 
0x1.02c083a109d06p+9, 0x1.04cf3dd11be6ep+9, 0x1.f9f6bbfd71b04p+8, 
0x1.0056225fa658cp+9, 0x1.fb675147f1306p+8, 0x1.09ce21b7e0ac8p+9, 
0x1.0bb244b6e935cp+9, 0x1.07272bba98edap+9, 0x1.11c17f3061c7ap+9, 
0x1.126e75579af19p+9, 0x1.215a854477ff1p+9, 0x1.28dcd3cff64dp+9, 
0x1.39f721682f944p+9, 0x1.3c78eda22f6a5p+9, 0x1.4ca2a148ba83fp+9, 
0x1.5928be7afa722p+9, 0x1.5da83fab10ba6p+9, 0x1.63e834e3369bap+9, 
0x1.6a469802c0a4ap+9, 0x1.717c63e07a28cp+9, 0x1.6a8fce1826677p+9, 
0x1.75355eaee2004p+9, 0x1.68488472c0e7cp+9, 0x1.52f14067cf1c3p+9, 
0x1.24a206b7aa25ep+9, 0x1.58886b69db65fp+9, 0x1.60f921ee67514p+9, 
0x1.80eb6d6dc1a48p+9, 0x1.8be506034f3fep+9, 0x1.8cedc36113405p+9, 
0x1.9d170a2446306p+9, 0x1.92a6ea9e6eeb7p+9, 0x1.89a7b6f5caf2dp+9, 
0x1.95dfee2435697p+9, 0x1.7df25b078d93p+9, 0x1.9566270f38822p+9, 
0x1.92bdf705857bp+9, 0x1.8964555c52e73p+9, 0x1.8ceaccb3a2596p+9, 
0x1.81ef2cb641701p+9, 0x1.8930a8869c66dp+9, 0x1.85cc935b91f71p+9
)), class = "data.frame", row.names = c(NA, -119L))
