structure(list(period_id = c("1995", "1996", "1997", "1998", 
"1999", "2000", "2001", "2002", "2003", "2004", "2005", "2006", 
"2007", "2008", "2009", "2010", "2011", "2012", "2013", "2014", 
"2015", "2016", "2017", "2018", "2019", "2020", "2021", "2022", 
"2023"), value = c(0x1.625352934acbp+12, 0x1.8c7865bd944aap+12, 
0x1.b3551dcf893fbp+12, 0x1.d983eca89fc6ep+12, 0x1.04a351b2e59bp+13, 
0x1.25fa7edfa43fep+13, 0x1.4bb196c82e01ap+13, 0x1.6c35282385404p+13, 
0x1.89bda737110e4p+13, 0x1.aa822a3f034b1p+13, 0x1.c374d59817b96p+13, 
0x1.e3960f3343fa3p+13, 0x1.09b341904b3c4p+14, 0x1.2499d5ba2be06p+14, 
0x1.2252569595feep+14, 0x1.25fedb4139863p+14, 0x1.245455119ce07p+14, 
0x1.1d8e2ba9d1f6p+14, 0x1.1716e034b0e1bp+14, 0x1.1c560f9a06a6ep+14, 
0x1.24623aecd0785p+14, 0x1.3472add9c27e9p+14, 0x1.484d503ea704cp+14, 
0x1.60e16f7a91969p+14, 0x1.7d1e9e618ce2dp+14, 0x1.8869487229e9p+14, 
0x1.ac834e70c1334p+14, 0x1.cd79e4db163bbp+14, 0x1.ff277d0b73d19p+14
)), class = "data.frame", row.names = c(NA, -29L))
