structure(list(period_id = c("1995Q1", "1995Q2", "1995Q3", "1995Q4", 
"1996Q1", "1996Q2", "1996Q3", "1996Q4", "1997Q1", "1997Q2", "1997Q3", 
"1997Q4", "1998Q1", "1998Q2", "1998Q3", "1998Q4", "1999Q1", "1999Q2", 
"1999Q3", "1999Q4", "2000Q1", "2000Q2", "2000Q3", "2000Q4", "2001Q1", 
"2001Q2", "2001Q3", "2001Q4", "2002Q1", "2002Q2", "2002Q3", "2002Q4", 
"2003Q1", "2003Q2", "2003Q3", "2003Q4", "2004Q1", "2004Q2", "2004Q3", 
"2004Q4", "2005Q1", "2005Q2", "2005Q3", "2005Q4", "2006Q1", "2006Q2", 
"2006Q3", "2006Q4", "2007Q1", "2007Q2", "2007Q3", "2007Q4", "2008Q1", 
"2008Q2", "2008Q3", "2008Q4", "2009Q1", "2009Q2", "2009Q3", "2009Q4", 
"2010Q1", "2010Q2", "2010Q3", "2010Q4", "2011Q1", "2011Q2", "2011Q3", 
"2011Q4", "2012Q1", "2012Q2", "2012Q3", "2012Q4", "2013Q1", "2013Q2", 
"2013Q3", "2013Q4", "2014Q1", "2014Q2", "2014Q3", "2014Q4", "2015Q1", 
"2015Q2", "2015Q3", "2015Q4", "2016Q1", "2016Q2", "2016Q3", "2016Q4", 
"2017Q1", "2017Q2", "2017Q3", "2017Q4", "2018Q1", "2018Q2", "2018Q3", 
"2018Q4", "2019Q1", "2019Q2", "2019Q3", "2019Q4", "2020Q1", "2020Q2", 
"2020Q3", "2020Q4", "2021Q1", "2021Q2", "2021Q3", "2021Q4", "2022Q1", 
"2022Q2", "2022Q3", "2022Q4", "2023Q1", "2023Q2", "2023Q3", "2023Q4", 
"2024Q1", "2024Q2", "2024Q3", "2024Q4"), value = c(NA, NA, NA, 
NA, 0x1.3fc1105186db5p+10, 0x1.43f5aa60913a5p+10, 0x1.49c22e48e8a72p+10, 
0x1.485961b6d43dp+10, 0x1.52a8eb2d0a244p+10, 0x1.7331ceee0f3cbp+10, 
0x1.778bc4ef88b97p+10, 0x1.7a15402d16b98p+10, 0x1.83c71eb4202dap+10, 
0x1.8539e25c810a5p+10, 0x1.89d0c7c5260f6p+10, 0x1.9e608e5c4eb57p+10, 
0x1.ab591da37ef5bp+10, 0x1.f21c59f2ba9d2p+10, 0x1.a95613e81450fp+10, 
0x1.bae40589acbc9p+10, 0x1.ca62b94d94079p+10, 0x1.c36897a24894cp+10, 
0x1.ce6cc254a3c64p+10, 0x1.d16af5946c333p+10, 0x1.cdd9d91ab8e8fp+10, 
0x1.d060a21a719b5p+10, 0x1.dfbb003686a4dp+10, 0x1.d3f8897635e74p+10, 
0x1.ce9c486f049aap+10, 0x1.cb35b3dd11be7p+10, 0x1.d173584f4c6e7p+10, 
0x1.e2a3d31fcd24ep+10, 0x1.e0bda17b0f6adp+10, 0x1.ef8cd4f9c1f86p+10, 
0x1.f1b0e770bd018p+10, 0x1.f748acbc8c0cfp+10, 0x1.0502c4a4095f2p+11, 
0x1.011ee516db0dep+11, 0x1.092a8ce2d1f1dp+11, 0x1.04408bed740c4p+11, 
0x1.03da92ea52ef9p+11, 0x1.0eaf5faa8a82ap+11, 0x1.0d7ac8ecd8dbdp+11, 
0x1.180fa6c5d206dp+11, 0x1.197ae5d3996fbp+11, 0x1.20a0d460aa64cp+11, 
0x1.2e237b7c7820ap+11, 0x1.3f4d3b85e80bfp+11, 0x1.415847368ad69p+11, 
0x1.4c9dbe20ccff2p+11, 0x1.55d69d798d8a9p+11, 0x1.53637ab96f21fp+11, 
0x1.7491b0b178b37p+11, 0x1.7704566277c46p+11, 0x1.6c27200e27e0fp+11, 
0x1.3de0328522ea1p+11, 0x1.2a45995cc857fp+11, 0x1.1adb711d798d9p+11, 
0x1.14e28a19c9d5ap+11, 0x1.017dc2e33eff2p+11, 0x1.edbfa4d6e47dcp+10, 
0x1.e3cd887229e9p+10, 0x1.d5c75d7cb2d9p+10, 0x1.d171b6b6e0d24p+10, 
0x1.c990e6bc621b8p+10, 0x1.c6e97c243dccfp+10, 0x1.c281d4d4024b3p+10, 
0x1.bee6dfa871a3bp+10, 0x1.a906df43c7d5fp+10, 0x1.a5ffad3a604e2p+10, 
0x1.a88e35610adcdp+10, 0x1.8b7ea1cef241p+10, 0x1.b125d783dff3fp+10, 
0x1.ad28defc7a398p+10, 0x1.aad44988094e6p+10, 0x1.b5cf50bd87b57p+10, 
0x1.b55d92ddbdb5ep+10, 0x1.b74635653c9acp+10, 0x1.b9c19d94d0ddp+10, 
0x1.a69215011904bp+10, 0x1.ad13256798959p+10, 0x1.ae1c19157abb9p+10, 
0x1.b04229888f862p+10, 0x1.b52b76295208ep+10, 0x1.8e963baba7b91p+10, 
0x1.9fa0cfe154435p+10, 0x1.aa4ec01a36e2fp+10, 0x1.b2429274e22a3p+10, 
0x1.bb4d15ad106eep+10, 0x1.c4c0d790752dbp+10, 0x1.c937e89eba6adp+10, 
0x1.e24b55ac03ff7p+10, 0x1.e45ce7685985bp+10, 0x1.f365a61e0c5a8p+10, 
0x1.031330941c821p+11, 0x1.09bfa24aada34p+11, 0x1.0cb511afc04c9p+11, 
0x1.0ea01f9ce8d97p+11, 0x1.0b8940d4dc65cp+11, 0x1.05dde1c15097dp+11, 
0x1.f4a473a365cb3p+10, 0x1.c3c73b4f61672p+10, 0x1.ff39807357e67p+10, 
0x1.035f0a06e9ff1p+11, 0x1.0c6622291fb4p+11, 0x1.114cadb402d17p+11, 
0x1.18ce49a133c1dp+11, 0x1.20c0b8c75c4a8p+11, 0x1.1f24cfd6d7e89p+11, 
0x1.1f50d80e496eep+11, 0x1.2662abdc26dcep+11, 0x1.22e9398c7e282p+11, 
0x1.2a35097204296p+11, 0x1.2cdf4445aa2e4p+11, 0x1.306021d323feep+11, 
0x1.2c73778bbd38p+11, 0x1.29e0311e85fdp+11, 0x1.254f15bff0457p+11, 
0x1.1b5e8639d5e4ap+11, 0x1.1cb93ad5bee3dp+11)), class = "data.frame", row.names = c(NA, 
-120L))
