structure(list(period_id = c("1999Q1", "1999Q2", "1999Q3", "1999Q4", 
"2000Q1", "2000Q2", "2000Q3", "2000Q4", "2001Q1", "2001Q2", "2001Q3", 
"2001Q4", "2002Q1", "2002Q2", "2002Q3", "2002Q4", "2003Q1", "2003Q2", 
"2003Q3", "2003Q4", "2004Q1", "2004Q2", "2004Q3", "2004Q4", "2005Q1", 
"2005Q2", "2005Q3", "2005Q4", "2006Q1", "2006Q2", "2006Q3", "2006Q4", 
"2007Q1", "2007Q2", "2007Q3", "2007Q4", "2008Q1", "2008Q2", "2008Q3", 
"2008Q4", "2009Q1", "2009Q2", "2009Q3", "2009Q4", "2010Q1", "2010Q2", 
"2010Q3", "2010Q4", "2011Q1", "2011Q2", "2011Q3", "2011Q4", "2012Q1", 
"2012Q2", "2012Q3", "2012Q4", "2013Q1", "2013Q2", "2013Q3", "2013Q4", 
"2014Q1", "2014Q2", "2014Q3", "2014Q4", "2015Q1", "2015Q2", "2015Q3", 
"2015Q4", "2016Q1", "2016Q2", "2016Q3", "2016Q4", "2017Q1", "2017Q2", 
"2017Q3", "2017Q4", "2018Q1", "2018Q2", "2018Q3", "2018Q4", "2019Q1", 
"2019Q2", "2019Q3", "2019Q4", "2020Q1", "2020Q2", "2020Q3", "2020Q4", 
"2021Q1", "2021Q2", "2021Q3", "2021Q4", "2022Q1", "2022Q2", "2022Q3", 
"2022Q4", "2023Q1", "2023Q2", "2023Q3", "2023Q4", "2024Q1", "2024Q2", 
"2024Q3"), value = c(0x1.1fa7a7c9de05p+6, 0x1.28a01d5c31594p+6, 
0x1.1ee7f77af6406p+6, 0x1.4b592e62131a9p+6, 0x1.60022a2c23748p+6, 
0x1.7008b26394fadp+6, 0x1.51ef6f4be835ep+6, 0x1.8b8a91105e1c1p+6, 
0x1.9c0db7ae5796cp+6, 0x1.a986976bc1fp+6, 0x1.958a4bdba0a52p+6, 
0x1.c7a0407cc7d1cp+6, 0x1.d748c08b75ea6p+6, 0x1.ebc532e7b3d8ep+6, 
0x1.b9cc7368ad688p+6, 0x1.fb81b69121251p+6, 0x1.0480d6b228dcap+7, 
0x1.096ff540895d1p+7, 0x1.e675182a9930cp+6, 0x1.0895ed4a1ad64p+7, 
0x1.2615b6c3760bfp+7, 0x1.2b2c3cc07aaefp+7, 0x1.1b16634117f84p+7, 
0x1.3f4f5e41d4b6ap+7, 0x1.38c26d698fe69p+7, 0x1.4460f5e41d4b7p+7, 
0x1.2c5236e2eb1c4p+7, 0x1.574f761cbccf3p+7, 0x1.51c7182235b4fp+7, 
0x1.5ef75cf2495e1p+7, 0x1.36aaeafab53d6p+7, 0x1.781867f0aa21ap+7, 
0x1.44634edb2f662p+7, 0x1.6ae17c3d68406p+7, 0x1.529fdf19d66aep+7, 
0x1.939035158b828p+7, 0x1.782e006d0d499p+7, 0x1.7a80a6fc58ab9p+7, 
0x1.676ac083126e9p+7, 0x1.cf17b97bb7308p+7, 0x1.b48d9b5e95b79p+7, 
0x1.b3545d41fa765p+7, 0x1.85a2786c22681p+7, 0x1.c169b584b1ab1p+7, 
0x1.bd84968943e1p+7, 0x1.ac4710a99b6f6p+7, 0x1.8ec007fed2029p+7, 
0x1.d9104577d9557p+7, 0x1.d277965b20b8p+7, 0x1.b9f484b5dcc64p+7, 
0x1.a6ef0c34c1a8bp+7, 0x1.d411e57d9dba9p+7, 0x1.c89ff2a172abfp+7, 
0x1.b56dadb8348f5p+7, 0x1.85e8b673c4f3cp+7, 0x1.b851afe1da7b1p+7, 
0x1.c8af49f0e4da1p+7, 0x1.c0c37eb28d866p+7, 0x1.8b6edfe75bc45p+7, 
0x1.9cf6297396d09p+7, 0x1.b9a943e100608p+7, 0x1.c4d778dd616f8p+7, 
0x1.6f8db940fecddp+7, 0x1.9ff63305100a4p+7, 0x1.ade156e264e48p+7, 
0x1.b8b2c79702e66p+7, 0x1.9153078d92fb2p+7, 0x1.debc92ff4ba52p+7, 
0x1.c8dd91eeaa6d2p+7, 0x1.c9449ba5e353fp+7, 0x1.a1e0d6d3b6cbep+7, 
0x1.e4ae85fd04a3p+7, 0x1.f1abce4217d28p+7, 0x1.daece39b456b4p+7, 
0x1.a5ddfaa8a82a5p+7, 0x1.f462f533f4235p+7, 0x1.ee0baf74cd317p+7, 
0x1.f313365881a15p+7, 0x1.bec5c03361566p+7, 0x1.0e218a222d517p+8, 
0x1.08e09c3ce208ap+8, 0x1.0c0961d4306e6p+8, 0x1.e0ae2e9036439p+7, 
0x1.22160cf1800a8p+8, 0x1.36af5e84f0953p+8, 0x1.f167b1183b603p+7, 
0x1.02755992428d4p+8, 0x1.1cba2fbe33acdp+8, 0x1.1ad0e1c58255bp+8, 
0x1.298fb43d89ce5p+8, 0x1.2d79d1e53a81ep+8, 0x1.8afcbb3c81909p+8, 
0x1.752e35c5b4aa9p+8, 0x1.543fecaab8a5dp+8, 0x1.3e1d81cf7878bp+8, 
0x1.845ac8b439581p+8, 0x1.6d717763e4abep+8, 0x1.7e649cb252cep+8, 
0x1.4fa5c78a6dacbp+8, 0x1.8d5c4a72ead92p+8, 0x1.b7083e74afd54p+8, 
0x1.04ff17c5ef63p+9, 0x1.e380a8e2e2b8cp+8)), class = "data.frame", row.names = c(NA, 
-103L))
