structure(list(period_id = c("1999Q1", "1999Q2", "1999Q3", "1999Q4", 
"2000Q1", "2000Q2", "2000Q3", "2000Q4", "2001Q1", "2001Q2", "2001Q3", 
"2001Q4", "2002Q1", "2002Q2", "2002Q3", "2002Q4", "2003Q1", "2003Q2", 
"2003Q3", "2003Q4", "2004Q1", "2004Q2", "2004Q3", "2004Q4", "2005Q1", 
"2005Q2", "2005Q3", "2005Q4", "2006Q1", "2006Q2", "2006Q3", "2006Q4", 
"2007Q1", "2007Q2", "2007Q3", "2007Q4", "2008Q1", "2008Q2", "2008Q3", 
"2008Q4", "2009Q1", "2009Q2", "2009Q3", "2009Q4", "2010Q1", "2010Q2", 
"2010Q3", "2010Q4", "2011Q1", "2011Q2", "2011Q3", "2011Q4", "2012Q1", 
"2012Q2", "2012Q3", "2012Q4", "2013Q1", "2013Q2", "2013Q3", "2013Q4", 
"2014Q1", "2014Q2", "2014Q3", "2014Q4", "2015Q1", "2015Q2", "2015Q3", 
"2015Q4", "2016Q1", "2016Q2", "2016Q3", "2016Q4", "2017Q1", "2017Q2", 
"2017Q3", "2017Q4", "2018Q1", "2018Q2", "2018Q3", "2018Q4", "2019Q1", 
"2019Q2", "2019Q3", "2019Q4", "2020Q1", "2020Q2", "2020Q3", "2020Q4", 
"2021Q1", "2021Q2", "2021Q3", "2021Q4", "2022Q1", "2022Q2", "2022Q3", 
"2022Q4", "2023Q1", "2023Q2", "2023Q3", "2023Q4", "2024Q1", "2024Q2", 
"2024Q3", "2024Q4"), value = c(0x1.0c8327ed84d34p+5, 0x1.6f16134ce3de6p+5, 
0x1.384ea0fd3b29ap+5, 0x1.ceb84b1ab0857p+5, 0x1.28c42396073dep+5, 
0x1.609d5454152b1p+5, 0x1.422cc70867ad9p+5, 0x1.2b215831f03d1p+6, 
0x1.e24c1ebc83a97p+6, 0x1.0799c4545846fp+6, 0x1.861bc2b94d94p+5, 
0x1.2ed5629d8409ep+6, 0x1.a264b5568e821p+5, 0x1.124b52c9d16fdp+6, 
0x1.140154003254ep+6, 0x1.5be0e1f7d73c9p+6, 0x1.666c83ec892abp+5, 
0x1.c3876c050bd88p+5, 0x1.a079e3864cb5cp+5, 0x1.6cf9806f26289p+6, 
0x1.606c40d0aaa7ep+5, 0x1.8f38676a7264ap+6, 0x1.b33ef284167a9p+6, 
0x1.1f19bbcf4e875p+7, 0x1.fcd6ad70e6f2fp+6, 0x1.272b6dca07f67p+7, 
0x1.259a107b78466p+7, 0x1.5deddce7cd035p+7, 0x1.ee3020817fc76p+6, 
0x1.1e8097635e743p+7, 0x1.2440653005815p+7, 0x1.57b59ff4fd6d8p+7, 
0x1.bc75c182ecaefp+6, 0x1.dee5c9a34ca0cp+6, 0x1.0afa415f45e0bp+7, 
0x1.6ab70329802c1p+7, 0x1.26c86d2ed783ep+7, 0x1.562c4523f67f5p+7, 
0x1.5f9818e757929p+7, 0x1.b34c4b09e98ddp+7, 0x1.5f6bad5bee3d6p+7, 
0x1.83f50092ccf6cp+7, 0x1.5b146cb966be8p+7, 0x1.940d953586ca9p+7, 
0x1.25c15fcc1871ep+7, 0x1.4c4c75e6362a6p+7, 0x1.56888e79aae6dp+7, 
0x1.5e55629d8409ep+7, 0x1.302e0fa15db34p+7, 0x1.58d4e5b4245f6p+7, 
0x1.8491d5c31593ep+7, 0x1.7deba0407cc7dp+7, 0x1.507dea67e846ap+7, 
0x1.60f04db9c7369p+7, 0x1.5d09e279dd3bbp+7, 0x1.8bc8bc7b45f18p+7, 
0x1.72daafff36ac6p+7, 0x1.723a2ad3e920cp+7, 0x1.9ba2821f2990fp+7, 
0x1.a23a48b65237p+7, 0x1.252a9f7b5aea3p+7, 0x1.4288635a426bbp+7, 
0x1.49fca87e38ebp+7, 0x1.547879c4113c7p+7, 0x1.4ab9ea9a3d2d8p+7, 
0x1.434ee9ff0cbbp+7, 0x1.594ae12620254p+7, 0x1.93f04230fcf81p+7, 
0x1.932425f202108p+7, 0x1.e9f011d3671acp+7, 0x1.9558de4c51117p+7, 
0x1.300e2f166e009p+8, 0x1.3c5f1886df82bp+7, 0x1.28b8d5629d841p+7, 
0x1.34f6846a5d6bfp+7, 0x1.8d05c67dfe32ap+7, 0x1.55dddfa871a3bp+7, 
0x1.5b24d2f5dbb9dp+7, 0x1.600e6d373affbp+7, 0x1.ee58e30446b6ap+7, 
0x1.8f2c284dfce31p+7, 0x1.7cb9bb6aa4b99p+7, 0x1.c3fef7c243dcdp+7, 
0x1.ff34176577532p+7, 0x1.d1fca0c282c6fp+7, 0x1.d5544113c6866p+7, 
0x1.6df44e3ffef39p+8, 0x1.b3797d9dba909p+8, 0x1.118ecebbba55dp+8, 
0x1.2df396e158751p+8, 0x1.d727a7fc32ebep+8, 0x1.1a0bdbe3c1052p+9, 
0x1.13748a58b3f64p+8, 0x1.81125de15ca6dp+8, 0x1.3096f86a09891p+8, 
0x1.8e3221858bc5ap+8, 0x1.c7ba22706d506p+7, 0x1.28002699c7bccp+8, 
0x1.68b5e13b18dacp+8, 0x1.a334abb44e50cp+8, 0x1.dd83519bd4068p+7, 
0x1.14939c4113c68p+8, 0x1.5ce12e62131a9p+8, 0x1.a5f58a32f4491p+8
)), class = "data.frame", row.names = c(NA, -104L))
