structure(list(period_id = c("1995", "1996", "1997", "1998", 
"1999", "2000", "2001", "2002", "2003", "2004", "2005", "2006", 
"2007", "2008", "2009", "2010", "2011", "2012", "2013", "2014", 
"2015", "2016", "2017", "2018", "2019", "2020", "2021", "2022", 
"2023"), value = c(0x1.00849cd0bb6edp+13, 0x1.23e70243dcceap+13, 
0x1.4e5a20114d2f6p+13, 0x1.6c57cb3919264p+13, 0x1.904a43211cb04p+13, 
0x1.bf19efe8ab4fap+13, 0x1.f592382129457p+13, 0x1.146a38dcdb37dp+14, 
0x1.26140de657b85p+14, 0x1.39b1630a0b1bcp+14, 0x1.4f993c169c23bp+14, 
0x1.62186d6a161e5p+14, 0x1.7e67276d54973p+14, 0x1.9ecc981908e58p+14, 
0x1.9fa79b8130165p+14, 0x1.a708ff440af1dp+14, 0x1.aff59659d12cbp+14, 
0x1.a64d1904f6dfcp+14, 0x1.a35ee0c9107fbp+14, 0x1.a65e336006d0dp+14, 
0x1.aecc91376d549p+14, 0x1.c190eb8d82342p+14, 0x1.d70b2785f8d2ep+14, 
0x1.f416ca860dcbap+14, 0x1.0a65aabc51548p+15, 0x1.18f10da63f9a5p+15, 
0x1.304d887faa045p+15, 0x1.4b5ece70e2c13p+15, 0x1.67c774892ab69p+15
)), class = "data.frame", row.names = c(NA, -29L))
