structure(list(period_id = c("1995Q1", "1995Q2", "1995Q3", "1995Q4", 
"1996Q1", "1996Q2", "1996Q3", "1996Q4", "1997Q1", "1997Q2", "1997Q3", 
"1997Q4", "1998Q1", "1998Q2", "1998Q3", "1998Q4", "1999Q1", "1999Q2", 
"1999Q3", "1999Q4", "2000Q1", "2000Q2", "2000Q3", "2000Q4", "2001Q1", 
"2001Q2", "2001Q3", "2001Q4", "2002Q1", "2002Q2", "2002Q3", "2002Q4", 
"2003Q1", "2003Q2", "2003Q3", "2003Q4", "2004Q1", "2004Q2", "2004Q3", 
"2004Q4", "2005Q1", "2005Q2", "2005Q3", "2005Q4", "2006Q1", "2006Q2", 
"2006Q3", "2006Q4", "2007Q1", "2007Q2", "2007Q3", "2007Q4", "2008Q1", 
"2008Q2", "2008Q3", "2008Q4", "2009Q1", "2009Q2", "2009Q3", "2009Q4", 
"2010Q1", "2010Q2", "2010Q3", "2010Q4", "2011Q1", "2011Q2", "2011Q3", 
"2011Q4", "2012Q1", "2012Q2", "2012Q3", "2012Q4", "2013Q1", "2013Q2", 
"2013Q3", "2013Q4", "2014Q1", "2014Q2", "2014Q3", "2014Q4", "2015Q1", 
"2015Q2", "2015Q3", "2015Q4", "2016Q1", "2016Q2", "2016Q3", "2016Q4", 
"2017Q1", "2017Q2", "2017Q3", "2017Q4", "2018Q1", "2018Q2", "2018Q3", 
"2018Q4", "2019Q1", "2019Q2", "2019Q3", "2019Q4", "2020Q1", "2020Q2", 
"2020Q3", "2020Q4", "2021Q1", "2021Q2", "2021Q3", "2021Q4", "2022Q1", 
"2022Q2", "2022Q3", "2022Q4", "2023Q1", "2023Q2", "2023Q3", "2023Q4", 
"2024Q1", "2024Q2", "2024Q3", "2024Q4"), value = c(0x1.37dbf15a4acf3p+9, 
0x1.407b043e5321ep+9, 0x1.4a10b94d94079p+9, 0x1.51c6e28672757p+9, 
0x1.5f72ef566490ap+9, 0x1.6ab58e8ea39c5p+9, 0x1.7e39135979182p+9, 
0x1.8e3d9da9c9928p+9, 0x1.99bd5371971c1p+9, 0x1.adfb5d2d01c0dp+9, 
0x1.b31011b1d92b8p+9, 0x1.c7b2eb67c287p+9, 0x1.d2eb5e9e1b08ap+9, 
0x1.dd904ba0e8427p+9, 0x1.eb0d657fb6998p+9, 0x1.f2408d3ae685ep+9, 
0x1.fe2942a23bff9p+9, 0x1.0404558644524p+10, 0x1.0b86b5c39bcbap+10, 
0x1.12c887db2b346p+10, 0x1.1961b2f661f19p+10, 0x1.2103923a29c78p+10, 
0x1.28981d14e3bcdp+10, 0x1.32b8ec2ce464ap+10, 0x1.3ecd9389b52p+10, 
0x1.49c2813016484p+10, 0x1.551e9b8cb8e08p+10, 0x1.5ab58b8ae31d7p+10, 
0x1.6301d66277c46p+10, 0x1.6aa82528ae74fp+10, 0x1.6f6a718a86d72p+10, 
0x1.7814d5a187a4ap+10, 0x1.7f4890752da98p+10, 0x1.876c893b7d849p+10, 
0x1.8ffecd0353719p+10, 0x1.9c73807789a46p+10, 0x1.a209044f1a198p+10, 
0x1.a4b3c925785f9p+10, 0x1.a993d0f627393p+10, 0x1.a3b34a7b4e54fp+10, 
0x1.a97a99285a922p+10, 0x1.acef48beb5b2dp+10, 0x1.b23421a719b4ep+10, 
0x1.be26b4edb2f66p+10, 0x1.c42758a761028p+10, 0x1.d24a1248d7e02p+10, 
0x1.dfc14f26aec07p+10, 0x1.ee08009b30729p+10, 0x1.fcbd9b6f5caf3p+10, 
0x1.0472ca70d1fa3p+11, 0x1.08591ccfaeff6p+11, 0x1.0b3340af1cb8ap+11, 
0x1.0d192cabc5155p+11, 0x1.0e90a28bb0a2dp+11, 0x1.11cf5694ccab4p+11, 
0x1.f9afe92923e5cp+10, 0x1.c8b83c21187e8p+10, 0x1.c69d275ab7dc8p+10, 
0x1.c66f63305100ap+10, 0x1.c9f1cfa26a22bp+10, 0x1.cb29c3a42f1edp+10, 
0x1.d186bfa8f7db7p+10, 0x1.d6262a8869c67p+10, 0x1.d889e08f21709p+10, 
0x1.e9217dbb16c1ep+10, 0x1.ee2789a027525p+10, 0x1.eff34c87980f5p+10, 
0x1.f2d8b945308bcp+10, 0x1.f1e31eeaa6d26p+10, 0x1.efd06d58c8eefp+10, 
0x1.f1e16dce39b45p+10, 0x1.f52b57f737da6p+10, 0x1.f82e40dd3fe19p+10, 
0x1.fe0aa2d2fe3f3p+10, 0x1.006a180d3cff6p+11, 0x1.034892c27a637p+11, 
0x1.06a0989bd8384p+11, 0x1.09a73ff69014bp+11, 0x1.0d2673882278dp+11, 
0x1.0fad31572580cp+11, 0x1.124348ba83f4fp+11, 0x1.144b8db489093p+11, 
0x1.173d80389f83cp+11, 0x1.19e8f64adff82p+11, 0x1.1ca580fba8827p+11, 
0x1.212352f5dbb9dp+11, 0x1.242a8f0e90bc8p+11, 0x1.277e4fa05143cp+11, 
0x1.2f197f498c3b1p+11, 0x1.33f1f75d9a0f1p+11, 0x1.3b4a3c18b502bp+11, 
0x1.42051070fbebap+11, 0x1.43f707c200c0fp+11, 0x1.4899894812be5p+11, 
0x1.4aec606748e47p+11, 0x1.5000eb1a2a4dbp+11, 0x1.57281a88ace25p+11, 
0x1.5d0edce39b457p+11, 0x1.6560d86876e1ep+11, 0x1.665f0fd9fd36fp+11, 
0x1.6c457f993d534p+11, 0x1.2aef5352220bcp+11, 0x1.64c67cb70ac3bp+11, 
0x1.662a1e5c0b999p+11, 0x1.653f6cb10342bp+11, 0x1.6a870d36b4c7fp+11, 
0x1.746f79f666235p+11, 0x1.7fe00aaeafab5p+11, 0x1.6c2cc9774256cp+11, 
0x1.794bc903ea705p+11, 0x1.acb3991dde376p+11, 0x1.8b91f6e1deacdp+11, 
0x1.de187fc32ebe6p+11, 0x1.d82407db2b346p+11, 0x1.d2c2920c069e8p+11, 
0x1.d0cd7db2b3461p+11, 0x1.d651fdb4cc25p+11, 0x1.d6924a6223e18p+11, 
0x1.de51d716d2aa6p+11, 0x1.e56e8f1b25f63p+11)), class = "data.frame", row.names = c(NA, 
-120L))
