structure(list(period_id = c("1995Q1", "1995Q2", "1995Q3", "1995Q4", 
"1996Q1", "1996Q2", "1996Q3", "1996Q4", "1997Q1", "1997Q2", "1997Q3", 
"1997Q4", "1998Q1", "1998Q2", "1998Q3", "1998Q4", "1999Q1", "1999Q2", 
"1999Q3", "1999Q4", "2000Q1", "2000Q2", "2000Q3", "2000Q4", "2001Q1", 
"2001Q2", "2001Q3", "2001Q4", "2002Q1", "2002Q2", "2002Q3", "2002Q4", 
"2003Q1", "2003Q2", "2003Q3", "2003Q4", "2004Q1", "2004Q2", "2004Q3", 
"2004Q4", "2005Q1", "2005Q2", "2005Q3", "2005Q4", "2006Q1", "2006Q2", 
"2006Q3", "2006Q4", "2007Q1", "2007Q2", "2007Q3", "2007Q4", "2008Q1", 
"2008Q2", "2008Q3", "2008Q4", "2009Q1", "2009Q2", "2009Q3", "2009Q4", 
"2010Q1", "2010Q2", "2010Q3", "2010Q4", "2011Q1", "2011Q2", "2011Q3", 
"2011Q4", "2012Q1", "2012Q2", "2012Q3", "2012Q4", "2013Q1", "2013Q2", 
"2013Q3", "2013Q4", "2014Q1", "2014Q2", "2014Q3", "2014Q4", "2015Q1", 
"2015Q2", "2015Q3", "2015Q4", "2016Q1", "2016Q2", "2016Q3", "2016Q4", 
"2017Q1", "2017Q2", "2017Q3", "2017Q4", "2018Q1", "2018Q2", "2018Q3", 
"2018Q4", "2019Q1", "2019Q2", "2019Q3", "2019Q4", "2020Q1", "2020Q2", 
"2020Q3", "2020Q4", "2021Q1", "2021Q2", "2021Q3", "2021Q4", "2022Q1", 
"2022Q2", "2022Q3", "2022Q4", "2023Q1", "2023Q2", "2023Q3", "2023Q4", 
"2024Q1", "2024Q2", "2024Q3", "2024Q4", "2025Q1", "2025Q2"), 
    value = c(0x1.1b25e353f7ceep+8, 0x1.16e04189374bcp+8, 0x1.11f0e56041893p+8, 
    0x1.0f3eb851eb852p+8, 0x1.0ccb020c49ba6p+8, 0x1.09804189374bcp+8, 
    0x1.020872b020c4ap+8, 0x1.0111eb851eb85p+8, 0x1.fc547ae147ae1p+7, 
    0x1.f9126e978d4fep+7, 0x1.f85374bc6a7fp+7, 0x1.f79b22d0e5604p+7, 
    0x1.f51cac083126fp+7, 0x1.f39a9fbe76c8bp+7, 0x1.f3c4189374bc7p+7, 
    0x1.f2e9fbe76c8b4p+7, 0x1.f5a8f5c28f5c3p+7, 0x1.f2af1a9fbe76dp+7, 
    0x1.f13b645a1cac1p+7, 0x1.f0322d0e56042p+7, 0x1.f035c28f5c28fp+7, 
    0x1.f0f0a3d70a3d7p+7, 0x1.f27ae147ae148p+7, 0x1.f4849ba5e353fp+7, 
    0x1.f408b43958106p+7, 0x1.f48ed916872bp+7, 0x1.f2970a3d70a3dp+7, 
    0x1.ef9374bc6a7fp+7, 0x1.ed9ba5e353f7dp+7, 0x1.ec4f5c28f5c29p+7, 
    0x1.ea23d70a3d70ap+7, 0x1.e7bae147ae148p+7, 0x1.e451eb851eb85p+7, 
    0x1.e0c49ba5e353fp+7, 0x1.dd2c8b439581p+7, 0x1.dcb22d0e56042p+7, 
    0x1.dd73333333333p+7, 0x1.dd26666666666p+7, 0x1.dcb6c8b439581p+7, 
    0x1.db5604189374cp+7, 0x1.d6fef9db22d0ep+7, 0x1.d4526e978d4fep+7, 
    0x1.d155810624dd3p+7, 0x1.ce9604189374cp+7, 0x1.cb7df3b645a1dp+7, 
    0x1.ca0bc6a7ef9dbp+7, 0x1.ca67ef9db22d1p+7, 0x1.cce353f7ced91p+7, 
    0x1.ce3e76c8b4396p+7, 0x1.ce9d2f1a9fbe7p+7, 0x1.cef95810624ddp+7, 
    0x1.d02b020c49ba6p+7, 0x1.d02d0e5604189p+7, 0x1.cf3ced916872bp+7, 
    0x1.cd3126e978d5p+7, 0x1.c6d47ae147ae1p+7, 0x1.b6c9374bc6a7fp+7, 
    0x1.a3f22d0e56042p+7, 0x1.9867ef9db22d1p+7, 0x1.90e04189374bcp+7, 
    0x1.8c27ef9db22d1p+7, 0x1.899c28f5c28f6p+7, 0x1.87ed916872b02p+7, 
    0x1.849db22d0e56p+7, 0x1.8751eb851eb85p+7, 0x1.874624dd2f1aap+7, 
    0x1.876872b020c4ap+7, 0x1.85828f5c28f5cp+7, 0x1.843df3b645a1dp+7, 
    0x1.82820c49ba5e3p+7, 0x1.7f8e560418937p+7, 0x1.7c0083126e979p+7, 
    0x1.798ed916872bp+7, 0x1.7833b645a1cacp+7, 0x1.77d78d4fdf3b6p+7, 
    0x1.783ced916872bp+7, 0x1.78570a3d70a3dp+7, 0x1.78a5604189375p+7, 
    0x1.7979db22d0e56p+7, 0x1.7aad916872b02p+7, 0x1.7c49ba5e353f8p+7, 
    0x1.7dd374bc6a7fp+7, 0x1.80d16872b020cp+7, 0x1.849cac083126fp+7, 
    0x1.8737ced916873p+7, 0x1.8aa872b020c4ap+7, 0x1.8d3ae147ae148p+7, 
    0x1.8fc083126e979p+7, 0x1.92a45a1cac083p+7, 0x1.97b74bc6a7efap+7, 
    0x1.9d1374bc6a7fp+7, 0x1.a1d916872b021p+7, 0x1.a6f4395810625p+7, 
    0x1.ab2147ae147aep+7, 0x1.af0d4fdf3b646p+7, 0x1.b38f5c28f5c29p+7, 
    0x1.b6fc6a7ef9db2p+7, 0x1.b8570a3d70a3dp+7, 0x1.b8d47ae147ae1p+7, 
    0x1.b88a3d70a3d71p+7, 0x1.b69b22d0e5604p+7, 0x1.aecd4fdf3b646p+7, 
    0x1.aa9c28f5c28f6p+7, 0x1.adced916872bp+7, 0x1.b21b22d0e5604p+7, 
    0x1.b603126e978d5p+7, 0x1.b8cp+7, 0x1.bad6872b020c5p+7, 0x1.be83126e978d5p+7, 
    0x1.c05eb851eb852p+7, 0x1.c15810624dd2fp+7, 0x1.c2f8d4fdf3b64p+7, 
    0x1.c3624dd2f1aap+7, 0x1.c3526e978d4fep+7, 0x1.c2ef1a9fbe76dp+7, 
    0x1.c1b5c28f5c28fp+7, 0x1.bf5374bc6a7fp+7, 0x1.bd60c49ba5e35p+7, 
    0x1.bb5e353f7ced9p+7, 0x1.b95fbe76c8b44p+7, 0x1.b754fdf3b645ap+7, 
    0x1.b522d0e560419p+7)), class = "data.frame", row.names = c(NA, 
-122L))
