structure(list(period_id = c("1994Q1", "1994Q2", "1994Q3", "1994Q4", 
"1995Q1", "1995Q2", "1995Q3", "1995Q4", "1996Q1", "1996Q2", "1996Q3", 
"1996Q4", "1997Q1", "1997Q2", "1997Q3", "1997Q4", "1998Q1", "1998Q2", 
"1998Q3", "1998Q4", "1999Q1", "1999Q2", "1999Q3", "1999Q4", "2000Q1", 
"2000Q2", "2000Q3", "2000Q4", "2001Q1", "2001Q2", "2001Q3", "2001Q4", 
"2002Q1", "2002Q2", "2002Q3", "2002Q4", "2003Q1", "2003Q2", "2003Q3", 
"2003Q4", "2004Q1", "2004Q2", "2004Q3", "2004Q4", "2005Q1", "2005Q2", 
"2005Q3", "2005Q4", "2006Q1", "2006Q2", "2006Q3", "2006Q4", "2007Q1", 
"2007Q2", "2007Q3", "2007Q4", "2008Q1", "2008Q2", "2008Q3", "2008Q4", 
"2009Q1", "2009Q2", "2009Q3", "2009Q4", "2010Q1", "2010Q2", "2010Q3", 
"2010Q4", "2011Q1", "2011Q2", "2011Q3", "2011Q4", "2012Q1", "2012Q2", 
"2012Q3", "2012Q4", "2013Q1", "2013Q2", "2013Q3", "2013Q4", "2014Q1", 
"2014Q2", "2014Q3", "2014Q4", "2015Q1", "2015Q2", "2015Q3", "2015Q4", 
"2016Q1", "2016Q2", "2016Q3", "2016Q4", "2017Q1", "2017Q2", "2017Q3", 
"2017Q4", "2018Q1", "2018Q2", "2018Q3", "2018Q4", "2019Q1", "2019Q2", 
"2019Q3", "2019Q4", "2020Q1", "2020Q2", "2020Q3", "2020Q4", "2021Q1", 
"2021Q2", "2021Q3", "2021Q4", "2022Q1", "2022Q2", "2022Q3", "2022Q4", 
"2023Q1", "2023Q2", "2023Q3", "2023Q4", "2024Q1", "2024Q2", "2024Q3", 
"2024Q4", "2025Q1", "2025Q2"), value = c(0x1.5d0a161e4f766p+6, 
0x1.66acb295e9e1bp+6, 0x1.7509835158b82p+6, 0x1.805c84b5dcc64p+6, 
0x1.8e12862f5989ep+6, 0x1.97a14f8b588e3p+6, 0x1.8c4927913e814p+6, 
0x1.7ff4d6a161e4fp+6, 0x1.7220980b24207p+6, 0x1.737d63886594bp+6, 
0x1.78ab26bf8769fp+6, 0x1.7436fd21ff2e5p+6, 0x1.72adbdf8f473p+6, 
0x1.7882e5de15ca7p+6, 0x1.73cc8b439581p+6, 0x1.72830fcf80dc3p+6, 
0x1.784e48e8a71dep+6, 0x1.835fe08aefb2bp+6, 0x1.8afe3d1cc100ep+6, 
0x1.97efeef5ec80cp+6, 0x1.95e8366516db1p+6, 0x1.8bc0902de00d2p+6, 
0x1.8cd66516db0dep+6, 0x1.90c9906cca2dbp+6, 0x1.8bba3c21187e8p+6, 
0x1.856d96a6a0126p+6, 0x1.816366516db0ep+6, 0x1.7fa6666666666p+6, 
0x1.83b4c1a8ac5c1p+6, 0x1.80a2584f4c6e7p+6, 0x1.83b9e30014f8bp+6, 
0x1.860a9bcfd4bf1p+6, 0x1.8614317acc4fp+6, 0x1.8960a2877ee4ep+6, 
0x1.8fae9ccb7d417p+6, 0x1.8d775b8130165p+6, 0x1.9454b72c5197ap+6, 
0x1.999295e9e1b09p+6, 0x1.98386ec17ebafp+6, 0x1.97bbf1e8e608p+6, 
0x1.975e8bc169c24p+6, 0x1.9473f52fc2657p+6, 0x1.9507e5215768ap+6, 
0x1.9530678c0053ep+6, 0x1.915367a0f9097p+6, 0x1.8f4ef88b97785p+6, 
0x1.8e8617c1bda51p+6, 0x1.8b267dfe32a06p+6, 0x1.878d5a5b9628dp+6, 
0x1.8d3f99c38b04bp+6, 0x1.8eae297396d09p+6, 0x1.8ce8e368f0846p+6, 
0x1.8af63886594afp+6, 0x1.90ea012599ed8p+6, 0x1.926b65a9a8049p+6, 
0x1.9607b0b391926p+6, 0x1.96923cc8de2acp+6, 0x1.9ba793dd97f63p+6, 
0x1.975635e74299ep+6, 0x1.944302b40f66ap+6, 0x1.a09f8f4730404p+6, 
0x1.a22240b780347p+6, 0x1.a11003eea209bp+6, 0x1.a1435bd512ec7p+6, 
0x1.980d81adea897p+6, 0x1.96840639d5e4ap+6, 0x1.94f3f7ced9168p+6, 
0x1.950b0f27bb2ffp+6, 0x1.9033a14cec41ep+6, 0x1.950122fad6cb5p+6, 
0x1.928bce8533b1p+6, 0x1.94e039abf3387p+6, 0x1.8d6cf95d4e8fbp+6, 
0x1.904dfce3150dbp+6, 0x1.8bab40f66a551p+6, 0x1.8f4d18d25eddp+6, 
0x1.8f2bd1244a622p+6, 0x1.9240e6afcce1cp+6, 0x1.95f0a3d70a3d7p+6, 
0x1.970eaf251c194p+6, 0x1.981e0ded288cep+6, 0x1.9991465e89225p+6, 
0x1.95036b8f9b131p+6, 0x1.99787bdcf0308p+6, 0x1.93440639d5e4ap+6, 
0x1.8a5c2e33eff19p+6, 0x1.9128e8a71de6ap+6, 0x1.91458255b035cp+6, 
0x1.935b2aae29739p+6, 0x1.9395fc3b4f616p+6, 0x1.91949a5657fb7p+6, 
0x1.905ad6cb53501p+6, 0x1.8d00639d5e4a4p+6, 0x1.8ed460aa64c3p+6, 
0x1.9324dd2f1a9fcp+6, 0x1.953bef49cf56fp+6, 0x1.962516db0dd83p+6, 
0x1.98ec1fc8f3238p+6, 0x1.98e941c8216c6p+6, 0x1.98b30941c8217p+6, 
0x1.95615a07b352bp+6, 0x1.97d49f94855dap+6, 0x1.973a14cec41ddp+6, 
0x1.95748d3ae685ep+6, 0x1.947c558644524p+6, 0x1.94a4fca42aed1p+6, 
0x1.9b42046c764aep+6, 0x1.9b9719f7f8ca8p+6, 0x1.95ab1c432ca58p+6, 
0x1.982fa58f7121bp+6, 0x1.960ce4649906dp+6, 0x1.95e7c84b5dcc6p+6, 
0x1.9343c9eecbfb1p+6, 0x1.9036f2a5a469dp+6, 0x1.8fadd82fd75e2p+6, 
0x1.90aefdc9c4da9p+6, 0x1.944f0307f23cdp+6, 0x1.9b9ba5e353f7dp+6, 
0x1.a18b7aa25d8d8p+6, 0x1.9f33c36113405p+6, 0x1.9a32324c83665p+6, 
0x1.9c0ec95bff045p+6, 0x1.9a75158b827fap+6, 0x1.991cac083126fp+6, 
0x1.95b7e132b55efp+6, 0x1.9c65ce5b4245fp+6)), class = "data.frame", row.names = c(NA, 
-126L))
