structure(list(period_id = c("1995Q1", "1995Q2", "1995Q3", "1995Q4", 
"1996Q1", "1996Q2", "1996Q3", "1996Q4", "1997Q1", "1997Q2", "1997Q3", 
"1997Q4", "1998Q1", "1998Q2", "1998Q3", "1998Q4", "1999Q1", "1999Q2", 
"1999Q3", "1999Q4", "2000Q1", "2000Q2", "2000Q3", "2000Q4", "2001Q1", 
"2001Q2", "2001Q3", "2001Q4", "2002Q1", "2002Q2", "2002Q3", "2002Q4", 
"2003Q1", "2003Q2", "2003Q3", "2003Q4", "2004Q1", "2004Q2", "2004Q3", 
"2004Q4", "2005Q1", "2005Q2", "2005Q3", "2005Q4", "2006Q1", "2006Q2", 
"2006Q3", "2006Q4", "2007Q1", "2007Q2", "2007Q3", "2007Q4", "2008Q1", 
"2008Q2", "2008Q3", "2008Q4", "2009Q1", "2009Q2", "2009Q3", "2009Q4", 
"2010Q1", "2010Q2", "2010Q3", "2010Q4", "2011Q1", "2011Q2", "2011Q3", 
"2011Q4", "2012Q1", "2012Q2", "2012Q3", "2012Q4", "2013Q1", "2013Q2", 
"2013Q3", "2013Q4", "2014Q1", "2014Q2", "2014Q3", "2014Q4", "2015Q1", 
"2015Q2", "2015Q3", "2015Q4", "2016Q1", "2016Q2", "2016Q3", "2016Q4", 
"2017Q1", "2017Q2", "2017Q3", "2017Q4", "2018Q1", "2018Q2", "2018Q3", 
"2018Q4", "2019Q1", "2019Q2", "2019Q3", "2019Q4", "2020Q1", "2020Q2", 
"2020Q3", "2020Q4", "2021Q1", "2021Q2", "2021Q3", "2021Q4", "2022Q1", 
"2022Q2", "2022Q3", "2022Q4", "2023Q1", "2023Q2", "2023Q3", "2023Q4", 
"2024Q1", "2024Q2", "2024Q3", "2024Q4", "2025Q1", "2025Q2"), 
    value = c(NA, NA, NA, NA, 0x1.3fc1105186db5p+10, 0x1.43f5aa60913a5p+10, 
    0x1.49c22e48e8a72p+10, 0x1.485961b6d43dp+10, 0x1.52a8eb2d0a244p+10, 
    0x1.7331ceee0f3cbp+10, 0x1.778bc4ef88b97p+10, 0x1.7a15402d16b98p+10, 
    0x1.83c71eb4202dap+10, 0x1.8539e25c810a5p+10, 0x1.89d0c7c5260f6p+10, 
    0x1.9e608e5c4eb57p+10, 0x1.ab591da37ef5bp+10, 0x1.f21c59f2ba9d2p+10, 
    0x1.a95613e81450fp+10, 0x1.bae40589acbc9p+10, 0x1.ca62b94d94079p+10, 
    0x1.c36897a24894cp+10, 0x1.ce6cc254a3c64p+10, 0x1.d16af5946c333p+10, 
    0x1.cdd9d91ab8e8fp+10, 0x1.d060a21a719b5p+10, 0x1.dfbb003686a4dp+10, 
    0x1.d3f8897635e74p+10, 0x1.ce9c486f049aap+10, 0x1.cb35b3dd11be7p+10, 
    0x1.d173584f4c6e7p+10, 0x1.e2a3d31fcd24ep+10, 0x1.e0bda17b0f6adp+10, 
    0x1.ef8cd4f9c1f86p+10, 0x1.f1b0e770bd018p+10, 0x1.f748acbc8c0cfp+10, 
    0x1.0502c4a4095f2p+11, 0x1.011ee516db0dep+11, 0x1.092a8ce2d1f1dp+11, 
    0x1.04408bed740c4p+11, 0x1.03da92ea52ef9p+11, 0x1.0eaf5faa8a82ap+11, 
    0x1.0d7ac8ecd8dbdp+11, 0x1.180fa6c5d206dp+11, 0x1.197ae5d3996fbp+11, 
    0x1.20a0d460aa64cp+11, 0x1.2e237b7c7820ap+11, 0x1.3f4d3b85e80bfp+11, 
    0x1.415847368ad69p+11, 0x1.4c9dbe20ccff2p+11, 0x1.55d69d798d8a9p+11, 
    0x1.53637ab96f21fp+11, 0x1.7491b0b178b37p+11, 0x1.7704566277c46p+11, 
    0x1.6c27200e27e0fp+11, 0x1.3de0328522ea1p+11, 0x1.2a45995cc857fp+11, 
    0x1.1adb711d798d9p+11, 0x1.14e28a19c9d5ap+11, 0x1.017dc2e33eff2p+11, 
    0x1.edc315fcc1872p+10, 0x1.e3eeeaf6837f8p+10, 0x1.d5d101c92ddbep+10, 
    0x1.d1644ef88b978p+10, 0x1.c948e2584f4c7p+10, 0x1.c6f33d70a3d71p+10, 
    0x1.c2c19f1ae2da5p+10, 0x1.bf65aed139431p+10, 0x1.a8b16f36ef805p+10, 
    0x1.a59e31df761ccp+10, 0x1.a8731958969a1p+10, 0x1.8c0d163baba7cp+10, 
    0x1.b13b59817b95ap+10, 0x1.acf466dbd72bdp+10, 0x1.aaa3ad5bee3d6p+10, 
    0x1.b5d62a5614df9p+10, 0x1.b57f18c9fb613p+10, 0x1.b77025b317efep+10, 
    0x1.b9f6c24c404a7p+10, 0x1.a637218def417p+10, 0x1.acfff81626b2fp+10, 
    0x1.ae4351a005c46p+10, 0x1.b0730ecb74dep+10, 0x1.b5009d495182bp+10, 
    0x1.8e8eb17ce52dfp+10, 0x1.9fc48b75ea67fp+10, 0x1.aa3c88c60cbf3p+10, 
    0x1.b2730ee06d938p+10, 0x1.bb2ea0a958538p+10, 0x1.c4c1041461b6dp+10, 
    0x1.c900b517a4617p+10, 0x1.e2c4fba8826abp+10, 0x1.e438897635e74p+10, 
    0x1.f34f2a172abefp+10, 0x1.02fd7fae3608dp+11, 0x1.09de8ff540896p+11, 
    0x1.0cc49333b96afp+11, 0x1.0eb3cb0e1b4bbp+11, 0x1.0b801e8a2ec29p+11, 
    0x1.05b4a5e785b5bp+11, 0x1.f4e5a38fbca1p+10, 0x1.c3dd273d5bab2p+10, 
    0x1.ff399fc6da448p+10, 0x1.033f94e5d5b25p+11, 0x1.0c877d36f7e3dp+11, 
    0x1.112899b2c40d1p+11, 0x1.18edac647778ep+11, 0x1.20c9c81b21c47p+11, 
    0x1.1f587214f0521p+11, 0x1.1ef94cf28c79fp+11, 0x1.267d49a34ca0cp+11, 
    0x1.22d8533b10774p+11, 0x1.2abe397353b4bp+11, 0x1.2c46f036c9c0bp+11, 
    0x1.3037b3764f11bp+11, 0x1.2c8e6414e7ee9p+11, 0x1.2b8d4c814d728p+11, 
    0x1.23a08a009f623p+11, 0x1.1a6bdc443914fp+11, 0x1.1d58a426bb55bp+11, 
    0x1.1b8f288effe2ap+11, 0x1.20ee8fe260b2dp+11)), class = "data.frame", row.names = c(NA, 
-122L))
