structure(list(period_id = c("1995Q1", "1995Q2", "1995Q3", "1995Q4", 
"1996Q1", "1996Q2", "1996Q3", "1996Q4", "1997Q1", "1997Q2", "1997Q3", 
"1997Q4", "1998Q1", "1998Q2", "1998Q3", "1998Q4", "1999Q1", "1999Q2", 
"1999Q3", "1999Q4", "2000Q1", "2000Q2", "2000Q3", "2000Q4", "2001Q1", 
"2001Q2", "2001Q3", "2001Q4", "2002Q1", "2002Q2", "2002Q3", "2002Q4", 
"2003Q1", "2003Q2", "2003Q3", "2003Q4", "2004Q1", "2004Q2", "2004Q3", 
"2004Q4", "2005Q1", "2005Q2", "2005Q3", "2005Q4", "2006Q1", "2006Q2", 
"2006Q3", "2006Q4", "2007Q1", "2007Q2", "2007Q3", "2007Q4", "2008Q1", 
"2008Q2", "2008Q3", "2008Q4", "2009Q1", "2009Q2", "2009Q3", "2009Q4", 
"2010Q1", "2010Q2", "2010Q3", "2010Q4", "2011Q1", "2011Q2", "2011Q3", 
"2011Q4", "2012Q1", "2012Q2", "2012Q3", "2012Q4", "2013Q1", "2013Q2", 
"2013Q3", "2013Q4", "2014Q1", "2014Q2", "2014Q3", "2014Q4", "2015Q1", 
"2015Q2", "2015Q3", "2015Q4", "2016Q1", "2016Q2", "2016Q3", "2016Q4", 
"2017Q1", "2017Q2", "2017Q3", "2017Q4", "2018Q1", "2018Q2", "2018Q3", 
"2018Q4", "2019Q1", "2019Q2", "2019Q3", "2019Q4", "2020Q1", "2020Q2", 
"2020Q3", "2020Q4", "2021Q1", "2021Q2", "2021Q3", "2021Q4", "2022Q1", 
"2022Q2", "2022Q3", "2022Q4", "2023Q1", "2023Q2", "2023Q3", "2023Q4", 
"2024Q1", "2024Q2", "2024Q3"), value = c(0x1.c4278e1932d6fp+5, 
0x1.dc61672324c83p+5, 0x1.e509f383f0bafp+5, 0x1.c93024f6598e1p+5, 
0x1.e4750fc71d606p+5, 0x1.c5df57b41bfbep+5, 0x1.f4deb5b2d4d4p+5, 
0x1.b70beb5b2d4d4p+5, 0x1.92654cdb7ae58p+5, 0x1.d4a5614df8b15p+5, 
0x1.ebc7724fa8b4cp+5, 0x1.0972620253975p+6, 0x1.2aea44c7b02d6p+6, 
0x1.437deb52c9d17p+6, 0x1.51f4b76f6d762p+6, 0x1.5f2a32b12d341p+6, 
0x1.60700c9539b89p+6, 0x1.915e8815e3971p+6, 0x1.3a08aa00192a7p+6, 
0x1.42d393ee5eeddp+6, 0x1.c3a1eb4202d9dp+6, 0x1.90bf9bdc69f8cp+6, 
0x1.c9dfb58d1526ep+6, 0x1.b09c77143393bp+6, 0x1.bafa7a85015c2p+6, 
0x1.c11b2a27f1b69p+6, 0x1.e6c73de1e2de8p+6, 0x1.d239873ffac1dp+6, 
0x1.ce2e297396d09p+6, 0x1.bc4e84ad794a7p+6, 0x1.d0f1151611ba4p+6, 
0x1.01a6126202539p+7, 0x1.f8c5dc8323359p+6, 0x1.27b52c386d2edp+7, 
0x1.0e1d3b29a1bap+7, 0x1.33e5983947497p+7, 0x1.914a89331a08cp+7, 
0x1.47d2bd5dc4007p+7, 0x1.61cb242070b8dp+7, 0x1.665547bedb728p+7, 
0x1.6672edbb59ddcp+7, 0x1.4b2c1b97353b5p+7, 0x1.3d39ed9dfdac7p+7, 
0x1.8ae2cfb762d84p+7, 0x1.b273f91e646f1p+7, 0x1.951837f7be122p+7, 
0x1.f40d3c579f234p+7, 0x1.240b8f68be2f8p+8, 0x1.0dd4560c7c0f4p+8, 
0x1.35e31e29b6b2bp+8, 0x1.3119e5082cf53p+8, 0x1.0470230fcf80ep+8, 
0x1.005a8f7db6e5p+8, 0x1.264089d27c393p+8, 0x1.17724095f2453p+8, 
0x1.bb209d6adf71fp+7, 0x1.1f2e8d32830a1p+7, 0x1.25926cc1ca3a5p+7, 
0x1.29c59ec700043p+7, 0x1.13205b5b70692p+7, 0x1.7f0412cf0f9d3p+6, 
0x1.b312a737110e4p+6, 0x1.d40f30e7ff584p+6, 0x1.24fef08cc575cp+7, 
0x1.2a40e92d55a3ap+7, 0x1.434022dd7a9ap+7, 0x1.49ff316e37154p+7, 
0x1.499c4bd33d295p+7, 0x1.d16e9dd7ecbb8p+6, 0x1.f070b1bbcf4e8p+6, 
0x1.97c58e64b2314p+6, 0x1.b466a26e54717p+6, 0x1.dab918a009f62p+6, 
0x1.f8e23076c050cp+6, 0x1.fe3ba0e842742p+6, 0x1.4c039b66f9336p+7, 
0x1.1d1837f7be122p+7, 0x1.1dfb7521144ccp+7, 0x1.3144dcca70d2p+7, 
0x1.37240dd3fe197p+7, 0x1.42e6d41b75a75p+7, 0x1.5c3cea28fe261p+7, 
0x1.69826d698fe69p+7, 0x1.8d31ad6451b93p+7, 0x1.9d4c0980b242p+7, 
0x1.afc52fc2656acp+7, 0x1.c243267c6b8b7p+7, 0x1.c083877ab3248p+7, 
0x1.cbff442c7fbadp+7, 0x1.d016f416bdb1ap+7, 0x1.daccb6a619daap+7, 
0x1.ebb9c64ba94bcp+7, 0x1.f9137f5a5332bp+7, 0x1.06436709fa54cp+8, 
0x1.07c85100a393fp+8, 0x1.093d5b24e9c45p+8, 0x1.ffe03b1d0c804p+7, 
0x1.0071fd5885d31p+8, 0x1.e6c142917507fp+7, 0x1.e2bcf6be37de9p+7, 
0x1.5ee074ea8da7fp+7, 0x1.6f3f6427c7c52p+7, 0x1.a878e496ededbp+7, 
0x1.b55a146a1a501p+7, 0x1.d90e81cb46badp+7, 0x1.01459934efcbdp+8, 
0x1.0de43fe5c91d1p+8, 0x1.2ac963ed0f627p+8, 0x1.44504ff43419ep+8, 
0x1.5fd41eff9f87fp+8, 0x1.6b00985f06f69p+8, 0x1.7361935fc3b4fp+8, 
0x1.6a793eb399f5ep+8, 0x1.63bf23571d1d4p+8, 0x1.6fc1fdcdf6988p+8, 
0x1.69805f06f6944p+8, 0x1.6bcbd1569f49p+8, 0x1.6864d2c386d2fp+8, 
0x1.5834c21e1d218p+8)), class = "data.frame", row.names = c(NA, 
-119L))
