structure(list(period_id = c("1995Q1", "1995Q2", "1995Q3", "1995Q4", 
"1996Q1", "1996Q2", "1996Q3", "1996Q4", "1997Q1", "1997Q2", "1997Q3", 
"1997Q4", "1998Q1", "1998Q2", "1998Q3", "1998Q4", "1999Q1", "1999Q2", 
"1999Q3", "1999Q4", "2000Q1", "2000Q2", "2000Q3", "2000Q4", "2001Q1", 
"2001Q2", "2001Q3", "2001Q4", "2002Q1", "2002Q2", "2002Q3", "2002Q4", 
"2003Q1", "2003Q2", "2003Q3", "2003Q4", "2004Q1", "2004Q2", "2004Q3", 
"2004Q4", "2005Q1", "2005Q2", "2005Q3", "2005Q4", "2006Q1", "2006Q2", 
"2006Q3", "2006Q4", "2007Q1", "2007Q2", "2007Q3", "2007Q4", "2008Q1", 
"2008Q2", "2008Q3", "2008Q4", "2009Q1", "2009Q2", "2009Q3", "2009Q4", 
"2010Q1", "2010Q2", "2010Q3", "2010Q4", "2011Q1", "2011Q2", "2011Q3", 
"2011Q4", "2012Q1", "2012Q2", "2012Q3", "2012Q4", "2013Q1", "2013Q2", 
"2013Q3", "2013Q4", "2014Q1", "2014Q2", "2014Q3", "2014Q4", "2015Q1", 
"2015Q2", "2015Q3", "2015Q4", "2016Q1", "2016Q2", "2016Q3", "2016Q4", 
"2017Q1", "2017Q2", "2017Q3", "2017Q4", "2018Q1", "2018Q2", "2018Q3", 
"2018Q4", "2019Q1", "2019Q2", "2019Q3", "2019Q4", "2020Q1", "2020Q2", 
"2020Q3", "2020Q4", "2021Q1", "2021Q2", "2021Q3", "2021Q4", "2022Q1", 
"2022Q2", "2022Q3", "2022Q4", "2023Q1", "2023Q2", "2023Q3", "2023Q4", 
"2024Q1", "2024Q2", "2024Q3", "2024Q4", "2025Q1", "2025Q2"), 
    value = c(NA, NA, NA, NA, 0x1.4de97edc7ef17p+7, 0x1.4a7ff3cf70154p+7, 
    0x1.50d7f51efb6ddp+7, 0x1.557147cfa26a2p+7, 0x1.67a7b04ee7c4ap+7, 
    0x1.65a93165d3997p+7, 0x1.661dcdd50a88fp+7, 0x1.687fcc5b8dc55p+7, 
    0x1.6181b7e0ac7dap+7, 0x1.5e149be8ff328p+7, 0x1.5db1bb2788dbp+7, 
    0x1.5f4e39d5e4a38p+7, 0x1.5130cc575c076p+7, 0x1.4ce190d173fb8p+7, 
    0x1.4e9f822bbecabp+7, 0x1.4f29d4f9c1f86p+7, 0x1.553a0902de00dp+7, 
    0x1.4b298aeb80edp+7, 0x1.4d5e3d1cc100ep+7, 0x1.5311d3aa369fdp+7, 
    0x1.54afa2cecc815p+7, 0x1.4e45a836eb4eap+7, 0x1.4e5e0b912dba5p+7, 
    0x1.567324a6a875dp+7, 0x1.7ee66c6de7642p+7, 0x1.846193d5347a6p+7, 
    0x1.7d10d0edc3bd6p+7, 0x1.82c4a03c4b09fp+7, 0x1.217df0f5a1017p+7, 
    0x1.1e4649d388a8bp+7, 0x1.205fb02d59d56p+7, 0x1.2029fab96f21fp+7, 
    0x1.690910a137f39p+7, 0x1.72aabde3fbbd8p+7, 0x1.7081dfb9389b5p+7, 
    0x1.766abcf91a32bp+7, 0x1.62c4467381d7ep+7, 0x1.65f2c4b4d056cp+7, 
    0x1.5f99f0e4da09dp+7, 0x1.59f5b078d92fbp+7, 0x1.574ab25b317fp+7, 
    0x1.56de07c4199fep+7, 0x1.58eafb5d03105p+7, 0x1.60f4e69f05ea2p+7, 
    0x1.7555582129457p+7, 0x1.71c0d002e2329p+7, 0x1.68761e4f765fep+7, 
    0x1.659f182235b4fp+7, 0x1.6b206940357a3p+7, 0x1.5c3d5a7d24181p+7, 
    0x1.6030a009f623p+7, 0x1.5b728b4bf8fcdp+7, 0x1.344f4a3400b89p+7, 
    0x1.41df48a159818p+7, 0x1.4e25f505d0fa6p+7, 0x1.4200f4b61fe22p+7, 
    0x1.35fb28b6d86ecp+7, 0x1.55810e23af31bp+7, 0x1.4ddfc0b135979p+7, 
    0x1.4653a96d4c33bp+7, 0x1.5e72c36544fe3p+7, 0x1.577714db59579p+7, 
    0x1.532ce59296702p+7, 0x1.55c6638433d6cp+7, 0x1.3c8554b8bef8dp+7, 
    0x1.36c8c64fdb09ap+7, 0x1.388983f91e647p+7, 0x1.39b0fb00bcbe6p+7, 
    0x1.2d17290abb44ep+7, 0x1.3604471b47842p+7, 0x1.3c80301a79fedp+7, 
    0x1.34a050bd87b57p+7, 0x1.417f2f33ca31ep+7, 0x1.2d4508d4bad7dp+7, 
    0x1.2b0bfee2c98e5p+7, 0x1.2af6b0318b934p+7, 0x1.538e6d7a56de3p+7, 
    0x1.682201eeed89p+7, 0x1.6bdaf251c193bp+7, 0x1.6b0c08fa7a85p+7, 
    0x1.5a4f623076c05p+7, 0x1.5aead0c3d2524p+7, 0x1.5c2689a88ace2p+7, 
    0x1.6317dd228566p+7, 0x1.4aa7a82e87d2cp+7, 0x1.445b0a6fc58acp+7, 
    0x1.4a344fa05143cp+7, 0x1.4828216c61523p+7, 0x1.6d02de657b84ep+7, 
    0x1.887c79702e664p+7, 0x1.88120afa2f05ap+7, 0x1.84fce39b456b4p+7, 
    0x1.72a5d7a99fa12p+7, 0x1.6d36957470eb2p+7, 0x1.6e5bf7ad4b274p+7, 
    0x1.71d8a6dacabc5p+7, 0x1.8f4d83a53b8e5p+7, 0x1.874f71001d5c3p+7, 
    0x1.8b68489d27c39p+7, 0x1.867164e8b7e4ep+7, 0x1.4d42ee84ad795p+7, 
    0x1.4cebb8a19c9d6p+7, 0x1.517d5219a847bp+7, 0x1.5b7078d92fb1ap+7, 
    0x1.5ff06fac6045cp+7, 0x1.5415b5b70691fp+7, 0x1.4f0f9a6b50b0fp+7, 
    0x1.47c5471715c64p+7, 0x1.44fce3de6149cp+7, 0x1.43467f6f4be83p+7, 
    0x1.3e12ad81adea9p+7, 0x1.5012e4d1a6506p+7, 0x1.4d109cc319c5ap+7, 
    0x1.3738ea7ce0fc3p+7, 0x1.38866c093d966p+7, 0x1.2c0b760bf5d79p+7, 
    0x1.3f423e7d13511p+7, 0x1.3952f2d7f950cp+7)), class = "data.frame", row.names = c(NA, 
-122L))
