structure(list(period_id = c("2018", "2019", "2020", "2021", 
"2022"), value = c(0x1.1577876640a6cp+13, 0x1.29578bae89ebap+13, 
0x1.15dc284cf073ap+13, 0x1.498ccb49e01dep+13, 0x1.85da8fb19e732p+13
)), class = "data.frame", row.names = c(NA, -5L))
