structure(list(period_id = c("1995Q1", "1995Q2", "1995Q3", "1995Q4", 
"1996Q1", "1996Q2", "1996Q3", "1996Q4", "1997Q1", "1997Q2", "1997Q3", 
"1997Q4", "1998Q1", "1998Q2", "1998Q3", "1998Q4", "1999Q1", "1999Q2", 
"1999Q3", "1999Q4", "2000Q1", "2000Q2", "2000Q3", "2000Q4", "2001Q1", 
"2001Q2", "2001Q3", "2001Q4", "2002Q1", "2002Q2", "2002Q3", "2002Q4", 
"2003Q1", "2003Q2", "2003Q3", "2003Q4", "2004Q1", "2004Q2", "2004Q3", 
"2004Q4", "2005Q1", "2005Q2", "2005Q3", "2005Q4", "2006Q1", "2006Q2", 
"2006Q3", "2006Q4", "2007Q1", "2007Q2", "2007Q3", "2007Q4", "2008Q1", 
"2008Q2", "2008Q3", "2008Q4", "2009Q1", "2009Q2", "2009Q3", "2009Q4", 
"2010Q1", "2010Q2", "2010Q3", "2010Q4", "2011Q1", "2011Q2", "2011Q3", 
"2011Q4", "2012Q1", "2012Q2", "2012Q3", "2012Q4", "2013Q1", "2013Q2", 
"2013Q3", "2013Q4", "2014Q1", "2014Q2", "2014Q3", "2014Q4", "2015Q1", 
"2015Q2", "2015Q3", "2015Q4", "2016Q1", "2016Q2", "2016Q3", "2016Q4", 
"2017Q1", "2017Q2", "2017Q3", "2017Q4", "2018Q1", "2018Q2", "2018Q3", 
"2018Q4", "2019Q1", "2019Q2", "2019Q3", "2019Q4", "2020Q1", "2020Q2", 
"2020Q3", "2020Q4", "2021Q1", "2021Q2", "2021Q3", "2021Q4", "2022Q1", 
"2022Q2", "2022Q3", "2022Q4", "2023Q1", "2023Q2", "2023Q3", "2023Q4", 
"2024Q1", "2024Q2", "2024Q3", "2024Q4", "2025Q1", "2025Q2"), 
    value = c(0x1.643015d701d9fp+10, 0x1.7bcd4a72ead92p+10, 0x1.9651e939eadd6p+10, 
    0x1.a2735db3397ddp+10, 0x1.b22d8d10f51adp+10, 0x1.b3d580d3cff65p+10, 
    0x1.bb9dc2a023209p+10, 0x1.cb85ae1049236p+10, 0x1.d75450ca1cef2p+10, 
    0x1.edc6e16d6dc1ap+10, 0x1.f2d33f748a15ap+10, 0x1.01a5beff19503p+11, 
    0x1.06660bb4d4888p+11, 0x1.088bcd5f99c39p+11, 0x1.14e058fd5cb79p+11, 
    0x1.1b4768c26139p+11, 0x1.292fd3aa369fdp+11, 0x1.34cd31d2e0e3p+11, 
    0x1.349fac2374795p+11, 0x1.3acaf61aa3f03p+11, 0x1.43e3ddfc9ff93p+11, 
    0x1.3ed348abd5dc4p+11, 0x1.4ba44da4ce81p+11, 0x1.52a774c09c3cep+11, 
    0x1.5aa76d288ce7p+11, 0x1.68504c8de2ac3p+11, 0x1.6a52b341e14bep+11, 
    0x1.753c93532e7b4p+11, 0x1.82d4596851223p+11, 0x1.837e4a16a4873p+11, 
    0x1.8e8552e946801p+11, 0x1.99b2a90cd423ep+11, 0x1.a09de770bd018p+11, 
    0x1.ab510b34e7686p+11, 0x1.b94d8b71b8aap+11, 0x1.bb70fda836eb5p+11, 
    0x1.bd7e170f7b9ep+11, 0x1.c6a43b5bf6a0ep+11, 0x1.d0b9263d816adp+11, 
    0x1.d20be2d40aaebp+11, 0x1.d3c3c8c5004fbp+11, 0x1.e0f6a2ee4191ap+11, 
    0x1.d87888398a655p+11, 0x1.e96643b70ef56p+11, 0x1.e7766ce9a2c67p+11, 
    0x1.efa7d360d0247p+11, 0x1.ecaab09635611p+11, 0x1.fbf5882f0e0a8p+11, 
    0x1.07da2cacd184cp+12, 0x1.0fc68636b0963p+12, 0x1.175cebdd334c6p+12, 
    0x1.1e8646f587d7p+12, 0x1.2679640c8472cp+12, 0x1.2d2c455970b4ap+12, 
    0x1.2ea319b2c40d1p+12, 0x1.27fa97abb8801p+12, 0x1.29eca6d04e619p+12, 
    0x1.2b1e1be8ff328p+12, 0x1.34493c126a65dp+12, 0x1.379a57ff9b563p+12, 
    0x1.361db4cc25072p+12, 0x1.3762cf1b25f63p+12, 0x1.3ae42dbf8b9bbp+12, 
    0x1.3ea96ccb3a259p+12, 0x1.3f2c68e4fb97cp+12, 0x1.4192c6cca2db6p+12, 
    0x1.45b9cc8bc9cd4p+12, 0x1.43aec70867ad9p+12, 0x1.442e868b9fdbdp+12, 
    0x1.41bc183947497p+12, 0x1.3f2d199bb2789p+12, 0x1.3dcb451dabe27p+12, 
    0x1.3a715fc9ff92fp+12, 0x1.3a4e38d60a633p+12, 0x1.3a470a009f623p+12, 
    0x1.3d046473471f8p+12, 0x1.3db06b1704ff4p+12, 0x1.3d9cd435ac8a3p+12, 
    0x1.3de3938bcdffp+12, 0x1.3e03423a6ce36p+12, 0x1.406edd1a21ea3p+12, 
    0x1.40ef010a569b1p+12, 0x1.410ba146a1a5p+12, 0x1.4119a1272c94bp+12, 
    0x1.43800475e6363p+12, 0x1.48c43c5260f5ep+12, 0x1.4e0831b584b1bp+12, 
    0x1.524d39af1886ep+12, 0x1.564825f0f5a1p+12, 0x1.5940feb7cbb3dp+12, 
    0x1.5d42742bb6673p+12, 0x1.62e1dc4545847p+12, 0x1.66cf4a558ea7dp+12, 
    0x1.6cab7ec02f2fap+12, 0x1.70592e08f2171p+12, 0x1.7902198394749p+12, 
    0x1.8046abdd334c6p+12, 0x1.857ca64c2f838p+12, 0x1.8b25accf6be38p+12, 
    0x1.8bad54046412dp+12, 0x1.74da4080f98fap+12, 0x1.5710135fc3b4fp+12, 
    0x1.850a4112ba16ep+12, 0x1.5cd23688bda94p+12, 0x1.77d31cc426352p+12, 
    0x1.9206e83b1d0c8p+12, 0x1.afac4d801b435p+12, 0x1.c2965d66adb4p+12, 
    0x1.c1dbc9f1f1498p+12, 0x1.e4e389b52007ep+12, 0x1.ed98bc7714339p+12, 
    0x1.f9a2e9aa1d756p+12, 0x1.00a5a05d52c17p+13, 0x1.03ceb0121683p+13, 
    0x1.0716ef3a14cecp+13, 0x1.0949e69a4df48p+13, 0x1.0a6eb0b849881p+13, 
    0x1.0d13835ce1826p+13, 0x1.0edcf315d701ep+13, 0x1.11d7c0e1719f8p+13, 
    0x1.15de9124d099ep+13, 0x1.192616bb12902p+13)), class = "data.frame", row.names = c(NA, 
-122L))
