structure(list(period_id = c("2008", "2009", "2010", "2011", 
"2012", "2013", "2014", "2015", "2016", "2017", "2018", "2019", 
"2020", "2021", "2022", "2023"), value = c(0x1.2003p+17, 0x1.7ccfp+16, 
0x1.626p+16, 0x1.232p+17, 0x1.95b98p+17, 0x1.37a28p+17, 0x1.125ep+17, 
0x1.9325p+16, 0x1.5b5ap+16, 0x1.b1dcc51eb851fp+16, 0x1.050699999999ap+17, 
0x1.0df08p+17, 0x1.82f58p+17, 0x1.810d8p+17, 0x1.495c8p+17, 0x1.456p+17
)), class = "data.frame", row.names = c(NA, -16L))
