structure(list(period_id = c("1995Q1", "1995Q2", "1995Q3", "1995Q4", 
"1996Q1", "1996Q2", "1996Q3", "1996Q4", "1997Q1", "1997Q2", "1997Q3", 
"1997Q4", "1998Q1", "1998Q2", "1998Q3", "1998Q4", "1999Q1", "1999Q2", 
"1999Q3", "1999Q4", "2000Q1", "2000Q2", "2000Q3", "2000Q4", "2001Q1", 
"2001Q2", "2001Q3", "2001Q4", "2002Q1", "2002Q2", "2002Q3", "2002Q4", 
"2003Q1", "2003Q2", "2003Q3", "2003Q4", "2004Q1", "2004Q2", "2004Q3", 
"2004Q4", "2005Q1", "2005Q2", "2005Q3", "2005Q4", "2006Q1", "2006Q2", 
"2006Q3", "2006Q4", "2007Q1", "2007Q2", "2007Q3", "2007Q4", "2008Q1", 
"2008Q2", "2008Q3", "2008Q4", "2009Q1", "2009Q2", "2009Q3", "2009Q4", 
"2010Q1", "2010Q2", "2010Q3", "2010Q4", "2011Q1", "2011Q2", "2011Q3", 
"2011Q4", "2012Q1", "2012Q2", "2012Q3", "2012Q4", "2013Q1", "2013Q2", 
"2013Q3", "2013Q4", "2014Q1", "2014Q2", "2014Q3", "2014Q4", "2015Q1", 
"2015Q2", "2015Q3", "2015Q4", "2016Q1", "2016Q2", "2016Q3", "2016Q4", 
"2017Q1", "2017Q2", "2017Q3", "2017Q4", "2018Q1", "2018Q2", "2018Q3", 
"2018Q4", "2019Q1", "2019Q2", "2019Q3", "2019Q4", "2020Q1", "2020Q2", 
"2020Q3", "2020Q4", "2021Q1", "2021Q2", "2021Q3", "2021Q4", "2022Q1", 
"2022Q2", "2022Q3", "2022Q4", "2023Q1", "2023Q2", "2023Q3", "2023Q4", 
"2024Q1", "2024Q2", "2024Q3", "2024Q4", "2025Q1", "2025Q2"), 
    value = c(0x1.37dbf15a4acf3p+9, 0x1.407b043e5321ep+9, 0x1.4a10b94d94079p+9, 
    0x1.51c6e28672757p+9, 0x1.5f72ef566490ap+9, 0x1.6ab58e8ea39c5p+9, 
    0x1.7e39135979182p+9, 0x1.8e3d9da9c9928p+9, 0x1.99bd5371971c1p+9, 
    0x1.adfb5d2d01c0dp+9, 0x1.b31011b1d92b8p+9, 0x1.c7b2eb67c287p+9, 
    0x1.d2eb5e9e1b08ap+9, 0x1.dd904ba0e8427p+9, 0x1.eb0d657fb6998p+9, 
    0x1.f2408d3ae685ep+9, 0x1.fe2942a23bff9p+9, 0x1.0404558644524p+10, 
    0x1.0b86b5c39bcbap+10, 0x1.12c887db2b346p+10, 0x1.1961b2f661f19p+10, 
    0x1.2103923a29c78p+10, 0x1.28981d14e3bcdp+10, 0x1.32b8ec2ce464ap+10, 
    0x1.3ecd9389b52p+10, 0x1.49c2813016484p+10, 0x1.551e9b8cb8e08p+10, 
    0x1.5ab58b8ae31d7p+10, 0x1.6301d66277c46p+10, 0x1.6aa82528ae74fp+10, 
    0x1.6f6a718a86d72p+10, 0x1.7814d5a187a4ap+10, 0x1.7f4890752da98p+10, 
    0x1.876c893b7d849p+10, 0x1.8ffecd0353719p+10, 0x1.9c73807789a46p+10, 
    0x1.a209044f1a198p+10, 0x1.a4b3c925785f9p+10, 0x1.a993d0f627393p+10, 
    0x1.a3b34a7b4e54fp+10, 0x1.a97a99285a922p+10, 0x1.acef48beb5b2dp+10, 
    0x1.b23421a719b4ep+10, 0x1.be26b4edb2f66p+10, 0x1.c42758a761028p+10, 
    0x1.d24a1248d7e02p+10, 0x1.dfc14f26aec07p+10, 0x1.ee08009b30729p+10, 
    0x1.fcbd9b6f5caf3p+10, 0x1.0472ca70d1fa3p+11, 0x1.08591ccfaeff6p+11, 
    0x1.0b3340af1cb8ap+11, 0x1.0d192cabc5155p+11, 0x1.0e90a28bb0a2dp+11, 
    0x1.11cf5694ccab4p+11, 0x1.f9afe92923e5cp+10, 0x1.c8b83c21187e8p+10, 
    0x1.c69d275ab7dc8p+10, 0x1.c66f63305100ap+10, 0x1.c9f1cfa26a22bp+10, 
    0x1.cb06af251c194p+10, 0x1.d18b4b599aa61p+10, 0x1.d64d06af46aa1p+10, 
    0x1.d8a1a52ef911dp+10, 0x1.e95f88c60cbf3p+10, 0x1.ee68cd9e83e42p+10, 
    0x1.f0182ee84ad79p+10, 0x1.f3244e160d888p+10, 0x1.f21c286727568p+10, 
    0x1.efe18b588e369p+10, 0x1.f20af72f76e61p+10, 0x1.f56482c2bd7f5p+10, 
    0x1.f856708aac96dp+10, 0x1.fe59afa2f05a7p+10, 0x1.007b9fafc8bp+11, 
    0x1.035f2dd590c0bp+11, 0x1.06bd844284dfdp+11, 0x1.09bf86c43f5f9p+11, 
    0x1.0d488b28522eap+11, 0x1.0fc8f2da122fbp+11, 0x1.1261fa0945f9ep+11, 
    0x1.1461173fb7a5fp+11, 0x1.175c8f92af9a9p+11, 0x1.1a061633482bfp+11, 
    0x1.1cb989dadfb5p+11, 0x1.21500b45ae6p+11, 0x1.244789d8c6d61p+11, 
    0x1.277f1919ac797p+11, 0x1.2f4a32d2bb235p+11, 0x1.34003167ec786p+11, 
    0x1.3b70b402d16b9p+11, 0x1.4249d0fa58f71p+11, 0x1.4407b2f87ad08p+11, 
    0x1.48c7d08f648c7p+11, 0x1.4af7a6edaa92ep+11, 0x1.50101b23dd54ep+11, 
    0x1.574e7d3f5b5fap+11, 0x1.5d1471cda2b5ap+11, 0x1.65b6a3422467cp+11, 
    0x1.666ffdf3b645ap+11, 0x1.6cc92b6f19935p+11, 0x1.2ad0c92ddbdb6p+11, 
    0x1.64e5020c49ba6p+11, 0x1.6677e38a7e73ap+11, 0x1.65215e8b3b32p+11, 
    0x1.6a7bfd06bbdbep+11, 0x1.74a4cbbe4473dp+11, 0x1.80cd02795703fp+11, 
    0x1.6b95ea39c51dbp+11, 0x1.79af045dc8323p+11, 0x1.ac6d64b44a1f1p+11, 
    0x1.8cfd9873ffac2p+11, 0x1.dcd38d5e8d541p+11, 0x1.d8398d002e233p+11, 
    0x1.d2dffea3df6dcp+11, 0x1.d0e475360d024p+11, 0x1.d9dc37f7be122p+11, 
    0x1.d727990d173fbp+11, 0x1.da88c6de76428p+11, 0x1.dc0ea18def417p+11, 
    0x1.d9a7a1c8a7a42p+11, 0x1.dc5a25204af92p+11)), class = "data.frame", row.names = c(NA, 
-122L))
