structure(list(period_id = c("2000", "2001", "2002", "2003", 
"2004", "2005", "2006", "2007", "2008", "2009", "2010", "2011", 
"2012", "2013", "2014", "2015", "2016", "2017", "2018", "2019", 
"2020", "2021", "2022"), value = c(0x1.582656bca5376p+8, 0x1.33ac0746455ebp+8, 
0x1.1b7f43b70ef56p+8, 0x1.dd943a2163fddp+7, 0x1.37386317268d3p+8, 
0x1.123b9b456b442p+8, 0x1.4cd96e158750cp+8, 0x1.a042c1c1d6cf8p+8, 
0x1.f52bc18b502acp+8, 0x1.4100d60a63305p+8, 0x1.0d7f6a50d6b23p+8, 
0x1.13599146e4c0ep+8, 0x1.2f1477ab32485p+8, 0x1.176a7afa72218p+8, 
0x1.397f3226c3b92p+8, 0x1.4ce17c4e2f38p+8, 0x1.6b1e7913e8145p+8, 
0x1.94703b81b64ep+8, 0x1.833ab40f66a55p+8, 0x1.b5e6ba27ae9abp+8, 
0x1.e0bcdbf0563edp+8, 0x1.d2dce06530058p+8, 0x1.023b2f23033a4p+9
)), class = "data.frame", row.names = c(NA, -23L))
