structure(list(period_id = c("2008Q1", "2008Q2", "2008Q3", "2008Q4", 
"2009Q1", "2009Q2", "2009Q3", "2009Q4", "2010Q1", "2010Q2", "2010Q3", 
"2010Q4", "2011Q1", "2011Q2", "2011Q3", "2011Q4", "2012Q1", "2012Q2", 
"2012Q3", "2012Q4", "2013Q1", "2013Q2", "2013Q3", "2013Q4", "2014Q1", 
"2014Q2", "2014Q3", "2014Q4", "2015Q1", "2015Q2", "2015Q3", "2015Q4", 
"2016Q1", "2016Q2", "2016Q3", "2016Q4", "2017Q1", "2017Q2", "2017Q3", 
"2017Q4", "2018Q1", "2018Q2", "2018Q3", "2018Q4", "2019Q1", "2019Q2", 
"2019Q3", "2019Q4", "2020Q1", "2020Q2", "2020Q3", "2020Q4", "2021Q1", 
"2021Q2", "2021Q3", "2021Q4", "2022Q1", "2022Q2", "2022Q3", "2022Q4", 
"2023Q1", "2023Q2", "2023Q3", "2023Q4", "2024Q1", "2024Q2", "2024Q3", 
"2024Q4", "2025Q1"), value = c(0x1.1b33333333333p+6, 0x1.1d33333333333p+6, 
0x1.2466666666666p+6, 0x1.2p+6, 0x1.1ap+6, 0x1.1eccccccccccdp+6, 
0x1.24p+6, 0x1.20ccccccccccdp+6, 0x1.1ep+6, 0x1.1eccccccccccdp+6, 
0x1.1d9999999999ap+6, 0x1.1d9999999999ap+6, 0x1.1733333333333p+6, 
0x1.18p+6, 0x1.1accccccccccdp+6, 0x1.1accccccccccdp+6, 0x1.1866666666666p+6, 
0x1.1666666666666p+6, 0x1.1b9999999999ap+6, 0x1.1c66666666666p+6, 
0x1.1933333333333p+6, 0x1.199999999999ap+6, 0x1.1d9999999999ap+6, 
0x1.1866666666666p+6, 0x1.18ccccccccccdp+6, 0x1.1d33333333333p+6, 
0x1.1d9999999999ap+6, 0x1.1b9999999999ap+6, 0x1.1a66666666666p+6, 
0x1.20ccccccccccdp+6, 0x1.24p+6, 0x1.1d33333333333p+6, 0x1.1ap+6, 
0x1.1f9999999999ap+6, 0x1.1eccccccccccdp+6, 0x1.22p+6, 0x1.2466666666666p+6, 
0x1.279999999999ap+6, 0x1.2cccccccccccdp+6, 0x1.2accccccccccdp+6, 
0x1.28ccccccccccdp+6, 0x1.2c66666666666p+6, 0x1.2f33333333333p+6, 
0x1.2cccccccccccdp+6, 0x1.2cp+6, 0x1.2eccccccccccdp+6, 0x1.2eccccccccccdp+6, 
0x1.2a66666666666p+6, 0x1.2cp+6, 0x1.279999999999ap+6, 0x1.2accccccccccdp+6, 
0x1.2b9999999999ap+6, 0x1.2133333333333p+6, 0x1.2cccccccccccdp+6, 
0x1.339999999999ap+6, 0x1.2f33333333333p+6, 0x1.2f33333333333p+6, 
0x1.319999999999ap+6, 0x1.34p+6, 0x1.2e66666666666p+6, 0x1.28ccccccccccdp+6, 
0x1.2eccccccccccdp+6, 0x1.2e66666666666p+6, 0x1.2d9999999999ap+6, 
0x1.3133333333333p+6, 0x1.2f33333333333p+6, 0x1.2f9999999999ap+6, 
0x1.2ep+6, 0x1.2eccccccccccdp+6)), class = "data.frame", row.names = c(NA, 
-69L))
