structure(list(period_id = c("1995Q1", "1995Q2", "1995Q3", "1995Q4", 
"1996Q1", "1996Q2", "1996Q3", "1996Q4", "1997Q1", "1997Q2", "1997Q3", 
"1997Q4", "1998Q1", "1998Q2", "1998Q3", "1998Q4", "1999Q1", "1999Q2", 
"1999Q3", "1999Q4", "2000Q1", "2000Q2", "2000Q3", "2000Q4", "2001Q1", 
"2001Q2", "2001Q3", "2001Q4", "2002Q1", "2002Q2", "2002Q3", "2002Q4", 
"2003Q1", "2003Q2", "2003Q3", "2003Q4", "2004Q1", "2004Q2", "2004Q3", 
"2004Q4", "2005Q1", "2005Q2", "2005Q3", "2005Q4", "2006Q1", "2006Q2", 
"2006Q3", "2006Q4", "2007Q1", "2007Q2", "2007Q3", "2007Q4", "2008Q1", 
"2008Q2", "2008Q3", "2008Q4", "2009Q1", "2009Q2", "2009Q3", "2009Q4", 
"2010Q1", "2010Q2", "2010Q3", "2010Q4", "2011Q1", "2011Q2", "2011Q3", 
"2011Q4", "2012Q1", "2012Q2", "2012Q3", "2012Q4", "2013Q1", "2013Q2", 
"2013Q3", "2013Q4", "2014Q1", "2014Q2", "2014Q3", "2014Q4", "2015Q1", 
"2015Q2", "2015Q3", "2015Q4", "2016Q1", "2016Q2", "2016Q3", "2016Q4", 
"2017Q1", "2017Q2", "2017Q3", "2017Q4", "2018Q1", "2018Q2", "2018Q3", 
"2018Q4", "2019Q1", "2019Q2", "2019Q3", "2019Q4", "2020Q1", "2020Q2", 
"2020Q3", "2020Q4", "2021Q1", "2021Q2", "2021Q3", "2021Q4", "2022Q1", 
"2022Q2", "2022Q3", "2022Q4", "2023Q1", "2023Q2", "2023Q3", "2023Q4", 
"2024Q1", "2024Q2", "2024Q3"), value = c(NA, NA, NA, NA, NA, 
NA, NA, NA, NA, NA, NA, NA, NA, NA, NA, NA, NA, NA, NA, NA, NA, 
NA, NA, NA, NA, NA, NA, NA, NA, NA, NA, NA, NA, NA, NA, NA, 0x1.d315810624dd3p+9, 
0x1.d2f2b020c49bap+9, 0x1.d2e95810624ddp+9, 0x1.d272d0e560419p+9, 
0x1.d0c47ae147ae1p+9, 0x1.d0b53f7ced917p+9, 0x1.d00189374bc6ap+9, 
0x1.d0cb439581062p+9, 0x1.d2a83126e978dp+9, 0x1.d447ef9db22d1p+9, 
0x1.d73374bc6a7fp+9, 0x1.da1d4fdf3b646p+9, 0x1.df0189374bc6ap+9, 
0x1.e29604189374cp+9, 0x1.e69c6a7ef9db2p+9, 0x1.e9ee147ae147bp+9, 
0x1.eca04189374bcp+9, 0x1.efbf5c28f5c29p+9, 0x1.f176e978d4fdfp+9, 
0x1.f1f9ba5e353f8p+9, 0x1.f007ef9db22d1p+9, 0x1.ecbced916872bp+9, 
0x1.e9c72b020c49cp+9, 0x1.e6eb22d0e5604p+9, 0x1.e4ee76c8b4396p+9, 
0x1.e27e560418937p+9, 0x1.e08bc6a7ef9dbp+9, 0x1.dd7810624dd2fp+9, 
0x1.daa4189374bc7p+9, 0x1.da3851eb851ecp+9, 0x1.d9524dd2f1aap+9, 
0x1.d82p+9, 0x1.d9b78d4fdf3b6p+9, 0x1.d822f1a9fbe77p+9, 0x1.d594bc6a7ef9ep+9, 
0x1.d34624dd2f1aap+9, 0x1.d2da1cac08312p+9, 0x1.d049374bc6a7fp+9, 
0x1.d17872b020c4ap+9, 0x1.d30020c49ba5ep+9, 0x1.d19e76c8b4396p+9, 
0x1.d4347ae147ae1p+9, 0x1.d409db22d0e56p+9, 0x1.d7722d0e56042p+9, 
0x1.d88ced916872bp+9, 0x1.d9d6e978d4fdfp+9, 0x1.dcc1a9fbe76c9p+9, 
0x1.ddeac083126e9p+9, 0x1.e007ef9db22d1p+9, 0x1.e388f5c28f5c3p+9, 
0x1.e64d0e5604189p+9, 0x1.e8fc6a7ef9db2p+9, 0x1.eb8126e978d5p+9, 
0x1.efbba5e353f7dp+9, 0x1.f36ed916872bp+9, 0x1.f7feb851eb852p+9, 
0x1.fcfc6a7ef9db2p+9, 0x1.00a52f1a9fbe7p+10, 0x1.01996872b020cp+10, 
0x1.04079db22d0e5p+10, 0x1.0538p+10, 0x1.0640a3d70a3d7p+10, 0x1.083d2f1a9fbe7p+10, 
0x1.08c73b645a1cbp+10, 0x1.098fbe76c8b44p+10, 0x1.03e4bc6a7ef9ep+10, 
0x1.04c4ac083126fp+10, 0x1.055ef9db22d0ep+10, 0x1.064bd70a3d70ap+10, 
0x1.08523d70a3d71p+10, 0x1.0a4a7ef9db22dp+10, 0x1.0c24ed916872bp+10, 
0x1.0ef624dd2f1aap+10, 0x1.1034bc6a7ef9ep+10, 0x1.112f8d4fdf3b6p+10, 
0x1.1266e978d4fdfp+10, 0x1.1474fdf3b645ap+10, 0x1.1567ae147ae14p+10, 
0x1.15ebc6a7ef9dbp+10, 0x1.16b4395810625p+10, 0x1.15b116872b021p+10, 
0x1.14a9374bc6a7fp+10, 0x1.146bd70a3d70ap+10)), class = "data.frame", row.names = c(NA, 
-119L))
