structure(list(period_id = c("2010Q1", "2010Q2", "2010Q3", "2010Q4", 
"2011Q1", "2011Q2", "2011Q3", "2011Q4", "2012Q1", "2012Q2", "2012Q3", 
"2012Q4", "2013Q1", "2013Q2", "2013Q3", "2013Q4", "2014Q1", "2014Q2", 
"2014Q3", "2014Q4", "2015Q1", "2015Q2", "2015Q3", "2015Q4", "2016Q1", 
"2016Q2", "2016Q3", "2016Q4", "2017Q1", "2017Q2", "2017Q3", "2017Q4", 
"2018Q1", "2018Q2", "2018Q3", "2018Q4", "2019Q1", "2019Q2", "2019Q3", 
"2019Q4", "2020Q1", "2020Q2", "2020Q3", "2020Q4", "2021Q1", "2021Q2", 
"2021Q3", "2021Q4", "2022Q1", "2022Q2", "2022Q3", "2022Q4", "2023Q1", 
"2023Q2", "2023Q3", "2023Q4", "2024Q1", "2024Q2", "2024Q3", "2024Q4"
), value = c(0x1.6f55ad2p+27, 0x1.8e544p+27, 0x1.5c81212p+27, 
0x1.729e054p+27, 0x1.5ac266ep+27, 0x1.602b266p+27, 0x1.522f4d6p+27, 
0x1.753a464p+27, 0x1.b4be94ep+27, 0x1.ce8589ep+27, 0x1.7e9c8d8p+27, 
0x1.a49b18p+27, 0x1.6806056p+27, 0x1.999cd7ap+27, 0x1.2772e22p+27, 
0x1.433d8ap+27, 0x1.41b7096p+27, 0x1.8c00b64p+27, 0x1.695da8ap+27, 
0x1.be96756p+27, 0x1.8b6cf08p+27, 0x1.d0d044cp+27, 0x1.d0b2608p+27, 
0x1.046f8a3p+28, 0x1.f58f324p+27, 0x1.30d24dcp+28, 0x1.fec261cp+27, 
0x1.285f127p+28, 0x1.3fc18ecp+28, 0x1.61a9feep+28, 0x1.2686e15p+28, 
0x1.4bec72fp+28, 0x1.49cbc94p+28, 0x1.3bfa7d1p+28, 0x1.2438e6ap+28, 
0x1.815a21cp+28, 0x1.332e886p+28, 0x1.4dcaac7p+28, 0x1.479f8b9p+28, 
0x1.5c5381dp+28, 0x1.13524ebp+28, 0x1.b68b99ep+27, 0x1.5313114p+28, 
0x1.3a9499ap+28, 0x1.3ce8941147ae1p+28, 0x1.d4704e975c28fp+28, 
0x1.829c27ca66666p+28, 0x1.b16e2c5ae147bp+28, 0x1.ae9a95b147ae1p+28, 
0x1.ca0582e8f5c29p+28, 0x1.7ca469170a3d7p+28, 0x1.6af10da851eb8p+28, 
0x1.7aba17a99999ap+28, 0x1.7ee3aed19999ap+28, 0x1.4d0c72f666666p+28, 
0x1.94cb99319999ap+28, 0x1.44a73d2p+28, 0x1.408f605p+28, 0x1.119d249p+28, 
0x1.67f0b8ap+28)), class = "data.frame", row.names = c(NA, -60L
))
