structure(list(period_id = c("1995Q1", "1995Q2", "1995Q3", "1995Q4", 
"1996Q1", "1996Q2", "1996Q3", "1996Q4", "1997Q1", "1997Q2", "1997Q3", 
"1997Q4", "1998Q1", "1998Q2", "1998Q3", "1998Q4", "1999Q1", "1999Q2", 
"1999Q3", "1999Q4", "2000Q1", "2000Q2", "2000Q3", "2000Q4", "2001Q1", 
"2001Q2", "2001Q3", "2001Q4", "2002Q1", "2002Q2", "2002Q3", "2002Q4", 
"2003Q1", "2003Q2", "2003Q3", "2003Q4", "2004Q1", "2004Q2", "2004Q3", 
"2004Q4", "2005Q1", "2005Q2", "2005Q3", "2005Q4", "2006Q1", "2006Q2", 
"2006Q3", "2006Q4", "2007Q1", "2007Q2", "2007Q3", "2007Q4", "2008Q1", 
"2008Q2", "2008Q3", "2008Q4", "2009Q1", "2009Q2", "2009Q3", "2009Q4", 
"2010Q1", "2010Q2", "2010Q3", "2010Q4", "2011Q1", "2011Q2", "2011Q3", 
"2011Q4", "2012Q1", "2012Q2", "2012Q3", "2012Q4", "2013Q1", "2013Q2", 
"2013Q3", "2013Q4", "2014Q1", "2014Q2", "2014Q3", "2014Q4", "2015Q1", 
"2015Q2", "2015Q3", "2015Q4", "2016Q1", "2016Q2", "2016Q3", "2016Q4", 
"2017Q1", "2017Q2", "2017Q3", "2017Q4", "2018Q1", "2018Q2", "2018Q3", 
"2018Q4", "2019Q1", "2019Q2", "2019Q3", "2019Q4", "2020Q1", "2020Q2", 
"2020Q3", "2020Q4", "2021Q1", "2021Q2", "2021Q3", "2021Q4", "2022Q1", 
"2022Q2", "2022Q3", "2022Q4", "2023Q1", "2023Q2", "2023Q3", "2023Q4", 
"2024Q1", "2024Q2", "2024Q3", "2024Q4", "2025Q1"), value = c(0x1.37dbf15a4acf3p+9, 
0x1.407b043e5321ep+9, 0x1.4a10b94d94079p+9, 0x1.51c6e28672757p+9, 
0x1.5f72ef566490ap+9, 0x1.6ab58e8ea39c5p+9, 0x1.7e39135979182p+9, 
0x1.8e3d9da9c9928p+9, 0x1.99bd5371971c1p+9, 0x1.adfb5d2d01c0dp+9, 
0x1.b31011b1d92b8p+9, 0x1.c7b2eb67c287p+9, 0x1.d2eb5e9e1b08ap+9, 
0x1.dd904ba0e8427p+9, 0x1.eb0d657fb6998p+9, 0x1.f2408d3ae685ep+9, 
0x1.fe2942a23bff9p+9, 0x1.0404558644524p+10, 0x1.0b86b5c39bcbap+10, 
0x1.12c887db2b346p+10, 0x1.1961b2f661f19p+10, 0x1.2103923a29c78p+10, 
0x1.28981d14e3bcdp+10, 0x1.32b8ec2ce464ap+10, 0x1.3ecd9389b52p+10, 
0x1.49c2813016484p+10, 0x1.551e9b8cb8e08p+10, 0x1.5ab58b8ae31d7p+10, 
0x1.6301d66277c46p+10, 0x1.6aa82528ae74fp+10, 0x1.6f6a718a86d72p+10, 
0x1.7814d5a187a4ap+10, 0x1.7f4890752da98p+10, 0x1.876c893b7d849p+10, 
0x1.8ffecd0353719p+10, 0x1.9c73807789a46p+10, 0x1.a209044f1a198p+10, 
0x1.a4b3c925785f9p+10, 0x1.a993d0f627393p+10, 0x1.a3b34a7b4e54fp+10, 
0x1.a97a99285a922p+10, 0x1.acef48beb5b2dp+10, 0x1.b23421a719b4ep+10, 
0x1.be26b4edb2f66p+10, 0x1.c42758a761028p+10, 0x1.d24a1248d7e02p+10, 
0x1.dfc14f26aec07p+10, 0x1.ee08009b30729p+10, 0x1.fcbd9b6f5caf3p+10, 
0x1.0472ca70d1fa3p+11, 0x1.08591ccfaeff6p+11, 0x1.0b3340af1cb8ap+11, 
0x1.0d192cabc5155p+11, 0x1.0e90a28bb0a2dp+11, 0x1.11cf5694ccab4p+11, 
0x1.f9afe92923e5cp+10, 0x1.c8b83c21187e8p+10, 0x1.c69d275ab7dc8p+10, 
0x1.c66f63305100ap+10, 0x1.c9f1cfa26a22bp+10, 0x1.cb20d6451b93p+10, 
0x1.d19539e6ab9b2p+10, 0x1.d64892ccf6be3p+10, 0x1.d8a4bc27631b6p+10, 
0x1.e95e9e16d6dc2p+10, 0x1.ee66c382a12f9p+10, 0x1.f0233825e13b2p+10, 
0x1.f31db317efe0dp+10, 0x1.f21da0d77b7c8p+10, 0x1.eff4be37de93ap+10, 
0x1.f213199780baap+10, 0x1.f565f0068db8cp+10, 0x1.f860129cbab65p+10, 
0x1.fe51e2cdc011dp+10, 0x1.0081ceb13dfb1p+11, 0x1.03632593a2df9p+11, 
0x1.06bed72de43eep+11, 0x1.09c33ae89eba7p+11, 0x1.0d47fef5a964fp+11, 
0x1.0fcb70fe047d4p+11, 0x1.12632f4f0d845p+11, 0x1.14668e0c9d9d3p+11, 
0x1.175dd1f601798p+11, 0x1.1a085fe111277p+11, 0x1.1cc02e147ae14p+11, 
0x1.214ba30984e4p+11, 0x1.244a505f28848p+11, 0x1.278edaf6c69b6p+11, 
0x1.2f44891c08744p+11, 0x1.340ad5e071c54p+11, 0x1.3b70f59ccfafp+11, 
0x1.423cb458cd20bp+11, 0x1.44124d1c7de51p+11, 0x1.48c4a89b951c6p+11, 
0x1.4b04508d4bad8p+11, 0x1.501b22a0a9585p+11, 0x1.574f6ed8904f7p+11, 
0x1.5d271fec99f1bp+11, 0x1.65a2972ef0ae5p+11, 0x1.667b341398634p+11, 
0x1.6c9f74a1272c9p+11, 0x1.2af62f294dd72p+11, 0x1.64e83b57c4e2fp+11, 
0x1.6665dfd8adabap+11, 0x1.653ddcc20d563p+11, 0x1.6a956bce8533bp+11, 
0x1.74a3953dea466p+11, 0x1.80845857afea4p+11, 0x1.6bd842a023209p+11, 
0x1.79967e49b1facp+11, 0x1.acabd1fe64f55p+11, 0x1.8ca05add9c27fp+11, 
0x1.dd362f9ca5bd9p+11, 0x1.d833373083559p+11, 0x1.d2e70cbaf965bp+11, 
0x1.d0e9a7cbf6e3fp+11, 0x1.da56b0e3cd9a5p+11, 0x1.d5f65119ce076p+11, 
0x1.da294ee9dd7edp+11, 0x1.dc494e4ead0c4p+11, 0x1.da5f489f40a28p+11
)), class = "data.frame", row.names = c(NA, -121L))
