structure(list(period_id = c("1994Q1", "1994Q2", "1994Q3", "1994Q4", 
"1995Q1", "1995Q2", "1995Q3", "1995Q4", "1996Q1", "1996Q2", "1996Q3", 
"1996Q4", "1997Q1", "1997Q2", "1997Q3", "1997Q4", "1998Q1", "1998Q2", 
"1998Q3", "1998Q4", "1999Q1", "1999Q2", "1999Q3", "1999Q4", "2000Q1", 
"2000Q2", "2000Q3", "2000Q4", "2001Q1", "2001Q2", "2001Q3", "2001Q4", 
"2002Q1", "2002Q2", "2002Q3", "2002Q4", "2003Q1", "2003Q2", "2003Q3", 
"2003Q4", "2004Q1", "2004Q2", "2004Q3", "2004Q4", "2005Q1", "2005Q2", 
"2005Q3", "2005Q4", "2006Q1", "2006Q2", "2006Q3", "2006Q4", "2007Q1", 
"2007Q2", "2007Q3", "2007Q4", "2008Q1", "2008Q2", "2008Q3", "2008Q4", 
"2009Q1", "2009Q2", "2009Q3", "2009Q4", "2010Q1", "2010Q2", "2010Q3", 
"2010Q4", "2011Q1", "2011Q2", "2011Q3", "2011Q4", "2012Q1", "2012Q2", 
"2012Q3", "2012Q4", "2013Q1", "2013Q2", "2013Q3", "2013Q4", "2014Q1", 
"2014Q2", "2014Q3", "2014Q4", "2015Q1", "2015Q2", "2015Q3", "2015Q4", 
"2016Q1", "2016Q2", "2016Q3", "2016Q4", "2017Q1", "2017Q2", "2017Q3", 
"2017Q4", "2018Q1", "2018Q2", "2018Q3", "2018Q4", "2019Q1", "2019Q2", 
"2019Q3", "2019Q4", "2020Q1", "2020Q2", "2020Q3", "2020Q4", "2021Q1", 
"2021Q2", "2021Q3", "2021Q4", "2022Q1", "2022Q2", "2022Q3", "2022Q4", 
"2023Q1", "2023Q2", "2023Q3", "2023Q4", "2024Q1", "2024Q2", "2024Q3", 
"2024Q4"), value = c(0x1.4cfb69984a0e4p+6, 0x1.54017ebaf1023p+6, 
0x1.5f9441355475ap+6, 0x1.69e74538ef34dp+6, 0x1.7745657fb6998p+6, 
0x1.80ca1b5c7cd8ap+6, 0x1.7c60e410b630bp+6, 0x1.72288a47ecfeap+6, 
0x1.66798201cd5fap+6, 0x1.6983fe5c91d15p+6, 0x1.6ceb702602c91p+6, 
0x1.69dd66277c45dp+6, 0x1.6d2703afb7e91p+6, 0x1.75d8c0053e2d6p+6, 
0x1.748641b328b6ep+6, 0x1.70cfe1da7b0b4p+6, 0x1.78a3a7daa4fcap+6, 
0x1.8229bf9c62a1bp+6, 0x1.819559b3d07c8p+6, 0x1.839681ecd4aa1p+6, 
0x1.82ce0221426fep+6, 0x1.7cf9210385c68p+6, 0x1.7f6083126e979p+6, 
0x1.84460fe47991cp+6, 0x1.81e1205bc01a3p+6, 0x1.7f31de69ad42cp+6, 
0x1.7dddd97f62b6bp+6, 0x1.7f3a58f7121abp+6, 0x1.7e6fa2f05a709p+6, 
0x1.7e39b66f9335dp+6, 0x1.7fd4bc6a7ef9ep+6, 0x1.8210068db8bacp+6, 
0x1.842af4f0d844dp+6, 0x1.84bfb15b573ebp+6, 0x1.868059210385cp+6, 
0x1.83cb9f559b3dp+6, 0x1.86d72474538efp+6, 0x1.8947620ee8d11p+6, 
0x1.89aa2339c0ebfp+6, 0x1.870e72da122fbp+6, 0x1.862c985f06f69p+6, 
0x1.85947064ece9ap+6, 0x1.8557635e7429ap+6, 0x1.83194855da273p+6, 
0x1.81299ae924f22p+6, 0x1.82591148fd9fdp+6, 0x1.83b6fa82e87d3p+6, 
0x1.8272b7fe08afp+6, 0x1.8043c4b09e98ep+6, 0x1.83716db0dd83p+6, 
0x1.84b8476f2a5a4p+6, 0x1.82f8c7e28240bp+6, 0x1.818ad03d9a954p+6, 
0x1.86605e5f30e8p+6, 0x1.8839652bd3c36p+6, 0x1.89fbd273d5babp+6, 
0x1.89efbfc6540ccp+6, 0x1.8c54d1633482cp+6, 0x1.8adceaf251c19p+6, 
0x1.8c652e72da123p+6, 0x1.930c764adff82p+6, 0x1.94789374bc6a8p+6, 
0x1.91b00bcbe61dp+6, 0x1.91fe718a86d72p+6, 0x1.8f268b19a415fp+6, 
0x1.93c4fca42aed1p+6, 0x1.9232b55ef1fdep+6, 0x1.8fc5bc01a36e3p+6, 
0x1.8cc7ae147ae14p+6, 0x1.8ef5d78811b1ep+6, 0x1.8dabf0995aaf8p+6, 
0x1.91b0a3d70a3d7p+6, 0x1.8ea1a0cf1800ap+6, 0x1.920ab367a0f91p+6, 
0x1.8f555c52e72dap+6, 0x1.9146594af4f0ep+6, 0x1.90a6bce8533b1p+6, 
0x1.92c385c67dfe3p+6, 0x1.93e137f38c543p+6, 0x1.93c5b6c3760bfp+6, 
0x1.9269b52007dd4p+6, 0x1.954e219652bd4p+6, 0x1.9404ab606b7aap+6, 
0x1.940d1e108c3f4p+6, 0x1.91c47c30d306ap+6, 0x1.8f9443d46b26cp+6, 
0x1.8f23a29c779a7p+6, 0x1.8f84fca42aed1p+6, 0x1.8e4fb549f9485p+6, 
0x1.8fc4cad57bc7fp+6, 0x1.8ec219652bd3cp+6, 0x1.8fb234eb9a177p+6, 
0x1.8f02e33eff195p+6, 0x1.8e2f2cf95d4e9p+6, 0x1.8c8f9db22d0e5p+6, 
0x1.8e8447c30d307p+6, 0x1.8eb4801f75105p+6, 0x1.902a400fba882p+6, 
0x1.8dde15ca6ca04p+6, 0x1.8f989df1172efp+6, 0x1.8f21f4b1ee243p+6, 
0x1.91275a31a4bdcp+6, 0x1.91686ad2dcb14p+6, 0x1.911adea897636p+6, 
0x1.90c52934acaffp+6, 0x1.8cefb549f9485p+6, 0x1.8ef31b9b66f93p+6, 
0x1.8eef1fddebd9p+6, 0x1.8a6aed1394318p+6, 0x1.8b64cad57bc7fp+6, 
0x1.8b8a8198f1d3fp+6, 0x1.8cf7928e0c9dap+6, 0x1.88f449129889p+6, 
0x1.8c543e963dc48p+6, 0x1.8f91633482be9p+6, 0x1.8ab883ba3443dp+6, 
0x1.8a117d6b65a9bp+6, 0x1.8c98cfbfc6541p+6, 0x1.901de939eadd6p+6, 
0x1.8f734acaff6d3p+6, 0x1.8b36d86ec17ecp+6, 0x1.8bc299d883ba3p+6, 
0x1.8a413d31b9b67p+6, 0x1.8a86c4c5974e6p+6)), class = "data.frame", row.names = c(NA, 
-124L))
