structure(list(period_id = c("1995Q1", "1995Q2", "1995Q3", "1995Q4", 
"1996Q1", "1996Q2", "1996Q3", "1996Q4", "1997Q1", "1997Q2", "1997Q3", 
"1997Q4", "1998Q1", "1998Q2", "1998Q3", "1998Q4", "1999Q1", "1999Q2", 
"1999Q3", "1999Q4", "2000Q1", "2000Q2", "2000Q3", "2000Q4", "2001Q1", 
"2001Q2", "2001Q3", "2001Q4", "2002Q1", "2002Q2", "2002Q3", "2002Q4", 
"2003Q1", "2003Q2", "2003Q3", "2003Q4", "2004Q1", "2004Q2", "2004Q3", 
"2004Q4", "2005Q1", "2005Q2", "2005Q3", "2005Q4", "2006Q1", "2006Q2", 
"2006Q3", "2006Q4", "2007Q1", "2007Q2", "2007Q3", "2007Q4", "2008Q1", 
"2008Q2", "2008Q3", "2008Q4", "2009Q1", "2009Q2", "2009Q3", "2009Q4", 
"2010Q1", "2010Q2", "2010Q3", "2010Q4", "2011Q1", "2011Q2", "2011Q3", 
"2011Q4", "2012Q1", "2012Q2", "2012Q3", "2012Q4", "2013Q1", "2013Q2", 
"2013Q3", "2013Q4", "2014Q1", "2014Q2", "2014Q3", "2014Q4", "2015Q1", 
"2015Q2", "2015Q3", "2015Q4", "2016Q1", "2016Q2", "2016Q3", "2016Q4", 
"2017Q1", "2017Q2", "2017Q3", "2017Q4", "2018Q1", "2018Q2", "2018Q3", 
"2018Q4", "2019Q1", "2019Q2", "2019Q3", "2019Q4", "2020Q1", "2020Q2", 
"2020Q3", "2020Q4", "2021Q1", "2021Q2", "2021Q3", "2021Q4", "2022Q1", 
"2022Q2", "2022Q3", "2022Q4", "2023Q1", "2023Q2", "2023Q3", "2023Q4", 
"2024Q1", "2024Q2", "2024Q3", "2024Q4", "2025Q1", "2025Q2", "2025Q3"
), value = c(NA, NA, NA, NA, 0x1.24cbcf6dfc5cep+12, 0x1.211bb8e1932d7p+12, 
0x1.24db8d5629d84p+12, 0x1.246262a2c2374p+12, 0x1.27a970c4588ap+12, 
0x1.2eefe4851a869p+12, 0x1.2dda51819d239p+12, 0x1.2f1b9d56f32bep+12, 
0x1.2e8989e34330dp+12, 0x1.316d534acaff7p+12, 0x1.384bc9be8ff32p+12, 
0x1.3de785510d38dp+12, 0x1.427cc38f36695p+12, 0x1.4e1127674d163p+12, 
0x1.46b09dfeb8d82p+12, 0x1.4944212b5e52ap+12, 0x1.4ac65d92b7fe1p+12, 
0x1.4616bf9d6f113p+12, 0x1.4b9dde679463dp+12, 0x1.4ad63f66e86c6p+12, 
0x1.4dfd44d87725p+12, 0x1.52d3ea8438088p+12, 0x1.5119b72f76e61p+12, 
0x1.541134a87e38fp+12, 0x1.55df0d8a979e1p+12, 0x1.57e8397353b4bp+12, 
0x1.5a11acfd8f0c7p+12, 0x1.5cd43d0d0678cp+12, 0x1.5e33349adc8fcp+12, 
0x1.65120d9945b6cp+12, 0x1.6878ceef1bac3p+12, 0x1.6924d3f6c269ap+12, 
0x1.6a446fcbd5561p+12, 0x1.6dd7d61804d98p+12, 0x1.733e13c46d82cp+12, 
0x1.757644b3c3e75p+12, 0x1.75d24cfd08d4cp+12, 0x1.7b0a338b47c74p+12, 
0x1.759469984a0e4p+12, 0x1.7cffb40d4dc66p+12, 0x1.7f027b6fe2e6fp+12, 
0x1.7f8cd94af4f0ep+12, 0x1.7d274ed6fda83p+12, 0x1.83bb3dc69f8c2p+12, 
0x1.8c7a62ccb3a26p+12, 0x1.916c70cbaf966p+12, 0x1.99e9b77f27fe5p+12, 
0x1.9a52dbc98a223p+12, 0x1.9da5d2b90a783p+12, 0x1.a1ba29a4df48p+12, 
0x1.a2904a7b4e54fp+12, 0x1.a5c6741bfbdf1p+12, 0x1.a6a2a773e24ffp+12, 
0x1.a8de5cb252cep+12, 0x1.ae83e5a89b952p+12, 0x1.ae3077be121eep+12, 
0x1.aca4bdcf0307fp+12, 0x1.ad2c769878317p+12, 0x1.ae16177fae361p+12, 
0x1.af807ec02f2fap+12, 0x1.ae7df202107b8p+12, 0x1.acc583e8576cdp+12, 
0x1.b66da6b50b0f2p+12, 0x1.a9d195b573eabp+12, 0x1.b387fdd872f34p+12, 
0x1.a3570c8366517p+12, 0x1.a08498ba40d91p+12, 0x1.9cb32d4c33b54p+12, 
0x1.9958c711d798ep+12, 0x1.9811c7faa044bp+12, 0x1.96e3bd6a593a3p+12, 
0x1.9744ef6c69b5ap+12, 0x1.98f94852b4d8cp+12, 0x1.98d84f4f93bc1p+12, 
0x1.9a208aa433509p+12, 0x1.9c21b0ef56649p+12, 0x1.9f126310dbf05p+12, 
0x1.a269c9949e881p+12, 0x1.a6d380a5accd5p+12, 0x1.a48e25269596p+12, 
0x1.ade34f4b61fe2p+12, 0x1.b16c55193708bp+12, 0x1.b44b020b3d4aep+12, 
0x1.b62337c243dcdp+12, 0x1.b85156c2efd44p+12, 0x1.ba93db5d89481p+12, 
0x1.bcdf4477ff152p+12, 0x1.c0b2eb37867f1p+12, 0x1.c360f44d44567p+12, 
0x1.c7cda21c8a7a4p+12, 0x1.cbd94c8abd5dcp+12, 0x1.d17958644523fp+12, 
0x1.d87c95e8d5411p+12, 0x1.db39ab12d3416p+12, 0x1.df8fa556d19dfp+12, 
0x1.e05079ecf638p+12, 0x1.e1860f08461fap+12, 0x1.b4b2a99a62ed3p+12, 
0x1.e382a5d9e40c8p+12, 0x1.bbd37136a401p+12, 0x1.e6b56ea422899p+12, 
0x1.ebc68816f0069p+12, 0x1.042219fb1e18fp+13, 0x1.05b418f47304p+13, 
0x1.051ad003eea21p+13, 0x1.05204c258d584p+13, 0x1.042a17b17ce53p+13, 
0x1.03cc29435ac8ap+13, 0x1.03be077574f72p+13, 0x1.04d293e2d6239p+13, 
0x1.0728f7b9e061p+13, 0x1.0a61de060fe48p+13, 0x1.0ee51254e6e22p+13, 
0x1.10bf9bf0dc769p+13, 0x1.1310a53da72a8p+13, 0x1.13dbbf11f926cp+13, 
0x1.13d9c84d76ab6p+13, 0x1.1493b5208e15p+13, 0x1.1464b5f138bcep+13
)), class = "data.frame", row.names = c(NA, -123L))
