structure(list(period_id = c("1995Q1", "1995Q2", "1995Q3", "1995Q4", 
"1996Q1", "1996Q2", "1996Q3", "1996Q4", "1997Q1", "1997Q2", "1997Q3", 
"1997Q4", "1998Q1", "1998Q2", "1998Q3", "1998Q4", "1999Q1", "1999Q2", 
"1999Q3", "1999Q4", "2000Q1", "2000Q2", "2000Q3", "2000Q4", "2001Q1", 
"2001Q2", "2001Q3", "2001Q4", "2002Q1", "2002Q2", "2002Q3", "2002Q4", 
"2003Q1", "2003Q2", "2003Q3", "2003Q4", "2004Q1", "2004Q2", "2004Q3", 
"2004Q4", "2005Q1", "2005Q2", "2005Q3", "2005Q4", "2006Q1", "2006Q2", 
"2006Q3", "2006Q4", "2007Q1", "2007Q2", "2007Q3", "2007Q4", "2008Q1", 
"2008Q2", "2008Q3", "2008Q4", "2009Q1", "2009Q2", "2009Q3", "2009Q4", 
"2010Q1", "2010Q2", "2010Q3", "2010Q4", "2011Q1", "2011Q2", "2011Q3", 
"2011Q4", "2012Q1", "2012Q2", "2012Q3", "2012Q4", "2013Q1", "2013Q2", 
"2013Q3", "2013Q4", "2014Q1", "2014Q2", "2014Q3", "2014Q4", "2015Q1", 
"2015Q2", "2015Q3", "2015Q4", "2016Q1", "2016Q2", "2016Q3", "2016Q4", 
"2017Q1", "2017Q2", "2017Q3", "2017Q4", "2018Q1", "2018Q2", "2018Q3", 
"2018Q4", "2019Q1", "2019Q2", "2019Q3", "2019Q4", "2020Q1", "2020Q2", 
"2020Q3", "2020Q4", "2021Q1", "2021Q2", "2021Q3", "2021Q4", "2022Q1", 
"2022Q2", "2022Q3", "2022Q4", "2023Q1", "2023Q2", "2023Q3", "2023Q4", 
"2024Q1", "2024Q2", "2024Q3", "2024Q4"), value = c(0x1.dfe26fc58ab93p+7, 
0x1.f44b9b66f9336p+7, 0x1.fab1f1cfbb949p+7, 0x1.1299a122fad6dp+8, 
0x1.0c91388a8b08ep+8, 0x1.2bf2eec7c957dp+8, 0x1.2e83d5ed06fefp+8, 
0x1.24968dda48b65p+8, 0x1.30d66dbd72bcbp+8, 0x1.46c35fc3b4f61p+8, 
0x1.66bec7c957cd4p+8, 0x1.6010ad2567989p+8, 0x1.8c29d81f10668p+8, 
0x1.7d56950fc71d6p+8, 0x1.96fe83a109d06p+8, 0x1.aaf07304039acp+8, 
0x1.c7c6bd3c36113p+8, 0x1.09988a6117721p+9, 0x1.bfafedc7ef178p+8, 
0x1.e0b0007570c56p+8, 0x1.f3603a96d4c34p+8, 0x1.db799578a2a91p+8, 
0x1.044b531550ca2p+9, 0x1.00201f7d73c92p+9, 0x1.10b08869c66d3p+9, 
0x1.138be42e1262p+9, 0x1.24079d5e4a383p+9, 0x1.0cd202645e4e7p+9, 
0x1.0ee1ca18bd662p+9, 0x1.147902ababeadp+9, 0x1.10ccb1dd5d3ddp+9, 
0x1.24631a543f1c7p+9, 0x1.22706ab9b23ddp+9, 0x1.36ac784a9478dp+9, 
0x1.3cd23df6db941p+9, 0x1.4537efae7924bp+9, 0x1.5a80d538ac19p+9, 
0x1.58ebdef8487bap+9, 0x1.5c46ae3a3a8e7p+9, 0x1.62622541d8e86p+9, 
0x1.52b18d4fdf3b6p+9, 0x1.5d7d5592d98bfp+9, 0x1.6edfd1bb4916dp+9, 
0x1.9c69097c80842p+9, 0x1.9a060e1f7d73dp+9, 0x1.9d24d3f1843c4p+9, 
0x1.d1933d188f43p+9, 0x1.f4de86bdf4c2bp+9, 0x1.d292c6cdaf4aep+9, 
0x1.f3451f03d145ep+9, 0x1.f68963c31df76p+9, 0x1.dbcf7763e4abep+9, 
0x1.f60e1908e581dp+9, 0x1.1022cd184c272p+10, 0x1.07b68beb5b2d5p+10, 
0x1.c1f88b32ce896p+9, 0x1.6c24fd199bb28p+9, 0x1.5e5067dfe32ap+9, 
0x1.5dad992c8c5p+9, 0x1.4e956c050bd88p+9, 0x1.16f849e44fa05p+9, 
0x1.364c49ecb31c2p+9, 0x1.3b705fa658c4cp+9, 0x1.5fdff0a1be2b5p+9, 
0x1.651adb2702a35p+9, 0x1.6a354e3369b9dp+9, 0x1.6fbfad3a604e2p+9, 
0x1.61e455b035bd5p+9, 0x1.50e8e9899bf59p+9, 0x1.43dd2ccf6be38p+9, 
0x1.3c55c9cd3e0bdp+9, 0x1.31f4450acc0bep+9, 0x1.86994e981387ap+9, 
0x1.710ef4adbc665p+9, 0x1.58f153dea465ap+9, 0x1.5500538ef34d7p+9, 
0x1.55dd6a055757dp+9, 0x1.4c58ab7995ee1p+9, 0x1.4e8b41d084e83p+9, 
0x1.4b832e40852b5p+9, 0x1.516b3db7f1737p+9, 0x1.58420f9096bbap+9, 
0x1.63e868986fcdfp+9, 0x1.6e6dddc1e7968p+9, 0x1.708ab841248d8p+9, 
0x1.7aa0b5bb384fdp+9, 0x1.8388bc5154867p+9, 0x1.8d4c923e5b856p+9, 
0x1.9a21c68661ae7p+9, 0x1.a88de53a81dc1p+9, 0x1.b0e5655e28aa4p+9, 
0x1.c1828027d88c2p+9, 0x1.d0c1fbefd0071p+9, 0x1.dcd1b506dd69dp+9, 
0x1.e68c1882adc4dp+9, 0x1.efb856c508b33p+9, 0x1.eb2c30ec31162p+9, 
0x1.eabeb3354c122p+9, 0x1.ef6d7518b0d0fp+9, 0x1.e8eebfe3b03e2p+9, 
0x1.9ea468f4b61fep+9, 0x1.792a9fb6134cep+9, 0x1.c24b1676640a7p+9, 
0x1.d05d71971c10dp+9, 0x1.ed3f10129cbabp+9, 0x1.073634ce3de61p+10, 
0x1.132ad9018e758p+10, 0x1.255b3c46d82bap+10, 0x1.2d2cc343b70efp+10, 
0x1.37ee567125dd1p+10, 0x1.42724549b62c7p+10, 0x1.40f30c9107faap+10, 
0x1.47b9b8bef8cebp+10, 0x1.45cf705857affp+10, 0x1.4347bf4cb1898p+10, 
0x1.480e77c45cbbcp+10, 0x1.45e4e358298ccp+10, 0x1.403e33226c3b9p+10, 
0x1.391496af038e3p+10, 0x1.30c4e71cda2b6p+10)), class = "data.frame", row.names = c(NA, 
-120L))
