structure(list(period_id = c("1995Q1", "1995Q2", "1995Q3", "1995Q4", 
"1996Q1", "1996Q2", "1996Q3", "1996Q4", "1997Q1", "1997Q2", "1997Q3", 
"1997Q4", "1998Q1", "1998Q2", "1998Q3", "1998Q4", "1999Q1", "1999Q2", 
"1999Q3", "1999Q4", "2000Q1", "2000Q2", "2000Q3", "2000Q4", "2001Q1", 
"2001Q2", "2001Q3", "2001Q4", "2002Q1", "2002Q2", "2002Q3", "2002Q4", 
"2003Q1", "2003Q2", "2003Q3", "2003Q4", "2004Q1", "2004Q2", "2004Q3", 
"2004Q4", "2005Q1", "2005Q2", "2005Q3", "2005Q4", "2006Q1", "2006Q2", 
"2006Q3", "2006Q4", "2007Q1", "2007Q2", "2007Q3", "2007Q4", "2008Q1", 
"2008Q2", "2008Q3", "2008Q4", "2009Q1", "2009Q2", "2009Q3", "2009Q4", 
"2010Q1", "2010Q2", "2010Q3", "2010Q4", "2011Q1", "2011Q2", "2011Q3", 
"2011Q4", "2012Q1", "2012Q2", "2012Q3", "2012Q4", "2013Q1", "2013Q2", 
"2013Q3", "2013Q4", "2014Q1", "2014Q2", "2014Q3", "2014Q4", "2015Q1", 
"2015Q2", "2015Q3", "2015Q4", "2016Q1", "2016Q2", "2016Q3", "2016Q4", 
"2017Q1", "2017Q2", "2017Q3", "2017Q4", "2018Q1", "2018Q2", "2018Q3", 
"2018Q4", "2019Q1", "2019Q2", "2019Q3", "2019Q4", "2020Q1", "2020Q2", 
"2020Q3", "2020Q4", "2021Q1", "2021Q2", "2021Q3", "2021Q4", "2022Q1", 
"2022Q2", "2022Q3", "2022Q4", "2023Q1", "2023Q2", "2023Q3", "2023Q4", 
"2024Q1", "2024Q2", "2024Q3", "2024Q4"), value = c(NA, NA, NA, 
NA, 0x1.4de97edc7ef17p+7, 0x1.4a7ff3cf70154p+7, 0x1.50d7f51efb6ddp+7, 
0x1.557147cfa26a2p+7, 0x1.67a7b04ee7c4ap+7, 0x1.65a93165d3997p+7, 
0x1.661dcdd50a88fp+7, 0x1.687fcc5b8dc55p+7, 0x1.6181b7e0ac7dap+7, 
0x1.5e149be8ff328p+7, 0x1.5db1bb2788dbp+7, 0x1.5f4e39d5e4a38p+7, 
0x1.5130cc575c076p+7, 0x1.4ce190d173fb8p+7, 0x1.4e9f822bbecabp+7, 
0x1.4f29d4f9c1f86p+7, 0x1.553a0902de00dp+7, 0x1.4b298aeb80edp+7, 
0x1.4d5e3d1cc100ep+7, 0x1.5311d3aa369fdp+7, 0x1.54afa2cecc815p+7, 
0x1.4e45a836eb4eap+7, 0x1.4e5e0b912dba5p+7, 0x1.567324a6a875dp+7, 
0x1.7ee66c6de7642p+7, 0x1.846193d5347a6p+7, 0x1.7d10d0edc3bd6p+7, 
0x1.82c4a03c4b09fp+7, 0x1.217df0f5a1017p+7, 0x1.1e4649d388a8bp+7, 
0x1.205fb02d59d56p+7, 0x1.2029fab96f21fp+7, 0x1.690910a137f39p+7, 
0x1.72aabde3fbbd8p+7, 0x1.7081dfb9389b5p+7, 0x1.766abcf91a32bp+7, 
0x1.62c4467381d7ep+7, 0x1.65f2c4b4d056cp+7, 0x1.5f99f0e4da09dp+7, 
0x1.59f5b078d92fbp+7, 0x1.574ab25b317fp+7, 0x1.56de07c4199fep+7, 
0x1.58eafb5d03105p+7, 0x1.60f4e69f05ea2p+7, 0x1.7555582129457p+7, 
0x1.71c0d002e2329p+7, 0x1.68761e4f765fep+7, 0x1.659f182235b4fp+7, 
0x1.6b206940357a3p+7, 0x1.5c3d5a7d24181p+7, 0x1.6030a009f623p+7, 
0x1.5b728b4bf8fcdp+7, 0x1.344f4a3400b89p+7, 0x1.41df48a159818p+7, 
0x1.4e25f505d0fa6p+7, 0x1.4200f4b61fe22p+7, 0x1.35d0c26139p+7, 
0x1.55dfd028a1dfcp+7, 0x1.4de0a71de69adp+7, 0x1.46213dd97f62bp+7, 
0x1.5e317acc4ef89p+7, 0x1.5809a60d4562ep+7, 0x1.5331f59ccfafp+7, 
0x1.5579e03f70585p+7, 0x1.3c586e3b46fdfp+7, 0x1.372c3b2dd377ep+7, 
0x1.389220bc382a1p+7, 0x1.396a5dd095af3p+7, 0x1.2d09b3aeee957p+7, 
0x1.364ad7d7c2ca1p+7, 0x1.3c860e0eb67c3p+7, 0x1.344e65e02ea96p+7, 
0x1.419b1704ff434p+7, 0x1.2d7bd76ee73e7p+7, 0x1.2b08583621fbp+7, 
0x1.2a9aaeafab53dp+7, 0x1.53b87b784662cp+7, 0x1.684b0ab2e1694p+7, 
0x1.6bdfb2edfe75cp+7, 0x1.6ac8f7db6e504p+7, 0x1.5a79feeb2d0a2p+7, 
0x1.5aefe4bcad9aep+7, 0x1.5c2582ba5a038p+7, 0x1.62e89df1172efp+7, 
0x1.4aed7add15f03p+7, 0x1.4448d0aaa7dedp+7, 0x1.4a23ea91d9b1bp+7, 
0x1.47f08c1db0143p+7, 0x1.6d6c3009b3073p+7, 0x1.885678c0053e3p+7, 
0x1.87fbe7f2c300ap+7, 0x1.84d05814940bcp+7, 0x1.733afcce1c582p+7, 
0x1.6cde937d1fe65p+7, 0x1.6e2c152b0a6fcp+7, 0x1.71bbc81908e58p+7, 
0x1.9019df1172ef1p+7, 0x1.86cb37a80cf9ep+7, 0x1.8b2682f944242p+7, 
0x1.86632b346130ap+7, 0x1.4e5076c050bd8p+7, 0x1.4c3452a411c2ap+7, 
0x1.510f59253543bp+7, 0x1.5b514b7b28955p+7, 0x1.616e6559f6ec6p+7, 
0x1.5343e920c069ep+7, 0x1.4e70da3c21188p+7, 0x1.47755c74751cep+7, 
0x1.46fa05ff1d81fp+7, 0x1.4251253543aebp+7, 0x1.3d4476af89c5ep+7, 
0x1.4f8a369fcf3dcp+7, 0x1.4fa2d72ffd1ddp+7, 0x1.36200c0f01fb8p+7, 
0x1.37890385c67ep+7, 0x1.2b40aed99cbefp+7)), class = "data.frame", row.names = c(NA, 
-120L))
