structure(list(period_id = c("1995Q1", "1995Q2", "1995Q3", "1995Q4", 
"1996Q1", "1996Q2", "1996Q3", "1996Q4", "1997Q1", "1997Q2", "1997Q3", 
"1997Q4", "1998Q1", "1998Q2", "1998Q3", "1998Q4", "1999Q1", "1999Q2", 
"1999Q3", "1999Q4", "2000Q1", "2000Q2", "2000Q3", "2000Q4", "2001Q1", 
"2001Q2", "2001Q3", "2001Q4", "2002Q1", "2002Q2", "2002Q3", "2002Q4", 
"2003Q1", "2003Q2", "2003Q3", "2003Q4", "2004Q1", "2004Q2", "2004Q3", 
"2004Q4", "2005Q1", "2005Q2", "2005Q3", "2005Q4", "2006Q1", "2006Q2", 
"2006Q3", "2006Q4", "2007Q1", "2007Q2", "2007Q3", "2007Q4", "2008Q1", 
"2008Q2", "2008Q3", "2008Q4", "2009Q1", "2009Q2", "2009Q3", "2009Q4", 
"2010Q1", "2010Q2", "2010Q3", "2010Q4", "2011Q1", "2011Q2", "2011Q3", 
"2011Q4", "2012Q1", "2012Q2", "2012Q3", "2012Q4", "2013Q1", "2013Q2", 
"2013Q3", "2013Q4", "2014Q1", "2014Q2", "2014Q3", "2014Q4", "2015Q1", 
"2015Q2", "2015Q3", "2015Q4", "2016Q1", "2016Q2", "2016Q3", "2016Q4", 
"2017Q1", "2017Q2", "2017Q3", "2017Q4", "2018Q1", "2018Q2", "2018Q3", 
"2018Q4", "2019Q1", "2019Q2", "2019Q3", "2019Q4", "2020Q1", "2020Q2", 
"2020Q3", "2020Q4", "2021Q1", "2021Q2", "2021Q3", "2021Q4", "2022Q1", 
"2022Q2", "2022Q3", "2022Q4", "2023Q1", "2023Q2", "2023Q3", "2023Q4", 
"2024Q1", "2024Q2", "2024Q3", "2024Q4", "2025Q1"), value = c(NA, 
NA, NA, NA, 0x1.3fc1105186db5p+10, 0x1.43f5aa60913a5p+10, 0x1.49c22e48e8a72p+10, 
0x1.485961b6d43dp+10, 0x1.52a8eb2d0a244p+10, 0x1.7331ceee0f3cbp+10, 
0x1.778bc4ef88b97p+10, 0x1.7a15402d16b98p+10, 0x1.83c71eb4202dap+10, 
0x1.8539e25c810a5p+10, 0x1.89d0c7c5260f6p+10, 0x1.9e608e5c4eb57p+10, 
0x1.ab591da37ef5bp+10, 0x1.f21c59f2ba9d2p+10, 0x1.a95613e81450fp+10, 
0x1.bae40589acbc9p+10, 0x1.ca62b94d94079p+10, 0x1.c36897a24894cp+10, 
0x1.ce6cc254a3c64p+10, 0x1.d16af5946c333p+10, 0x1.cdd9d91ab8e8fp+10, 
0x1.d060a21a719b5p+10, 0x1.dfbb003686a4dp+10, 0x1.d3f8897635e74p+10, 
0x1.ce9c486f049aap+10, 0x1.cb35b3dd11be7p+10, 0x1.d173584f4c6e7p+10, 
0x1.e2a3d31fcd24ep+10, 0x1.e0bda17b0f6adp+10, 0x1.ef8cd4f9c1f86p+10, 
0x1.f1b0e770bd018p+10, 0x1.f748acbc8c0cfp+10, 0x1.0502c4a4095f2p+11, 
0x1.011ee516db0dep+11, 0x1.092a8ce2d1f1dp+11, 0x1.04408bed740c4p+11, 
0x1.03da92ea52ef9p+11, 0x1.0eaf5faa8a82ap+11, 0x1.0d7ac8ecd8dbdp+11, 
0x1.180fa6c5d206dp+11, 0x1.197ae5d3996fbp+11, 0x1.20a0d460aa64cp+11, 
0x1.2e237b7c7820ap+11, 0x1.3f4d3b85e80bfp+11, 0x1.415847368ad69p+11, 
0x1.4c9dbe20ccff2p+11, 0x1.55d69d798d8a9p+11, 0x1.53637ab96f21fp+11, 
0x1.7491b0b178b37p+11, 0x1.7704566277c46p+11, 0x1.6c27200e27e0fp+11, 
0x1.3de0328522ea1p+11, 0x1.2a45995cc857fp+11, 0x1.1adb711d798d9p+11, 
0x1.14e28a19c9d5ap+11, 0x1.017dc2e33eff2p+11, 0x1.edc04b167ec78p+10, 
0x1.e3ce8a5482385p+10, 0x1.d5c80214ad363p+10, 0x1.d171feb8d8234p+10, 
0x1.c990fb6dca07fp+10, 0x1.c6eaa7d24180dp+10, 0x1.c283b65ecc3e3p+10, 
0x1.bee995cc857f3p+10, 0x1.a906a63f9a49cp+10, 0x1.a5ff42bf9830ep+10, 
0x1.a88ebf1e8e608p+10, 0x1.8b817d028a1ep+10, 0x1.b127209edbf8cp+10, 
0x1.ad291a8ac5c14p+10, 0x1.aad4864cb5bb4p+10, 0x1.b5d060aa64c3p+10, 
0x1.b55f04a72ead9p+10, 0x1.b747c63ae2542p+10, 0x1.b9c35510d38cep+10, 
0x1.a691c27631b58p+10, 0x1.ad13d590c0adp+10, 0x1.ae1d916440f24p+10, 
0x1.b043cb252ce03p+10, 0x1.b52bd72ffd1ddp+10, 0x1.8e970ba1f4b1fp+10, 
0x1.9fa23682730c6p+10, 0x1.aa4f72e275ab8p+10, 0x1.b2442c881e471p+10, 
0x1.bb4dacbc8c0cfp+10, 0x1.c4c1d6e47dc38p+10, 0x1.c9382f901083ep+10, 
0x1.e24e09741d085p+10, 0x1.e45d7c1bda512p+10, 0x1.f3667318fc505p+10, 
0x1.03137b28954a8p+11, 0x1.09c09d883ba34p+11, 0x1.0cb5e3305100ap+11, 
0x1.0ea10c1333b97p+11, 0x1.0b89b6049ecb3p+11, 0x1.05ddcad362e9p+11, 
0x1.f4a6953dea466p+10, 0x1.c3c8c47a17f41p+10, 0x1.ff3a77a2cecc8p+10, 
0x1.035edb3397ddp+11, 0x1.0c678ad03d9a9p+11, 0x1.114d2682b6284p+11, 
0x1.18cf0ad46f588p+11, 0x1.20c0311e85fdp+11, 0x1.1f27ae147ae14p+11, 
0x1.1f5170cbaf966p+11, 0x1.26629ca18bd66p+11, 0x1.22e4f00474d9cp+11, 
0x1.2a3d70d844d01p+11, 0x1.2ce1d0e347629p+11, 0x1.305c4b1ee2435p+11, 
0x1.2c637cfc3f812p+11, 0x1.29fc1a0f0a5fp+11, 0x1.2556904f6dfc6p+11, 
0x1.1b4e7f3493858p+11, 0x1.1c9283dbc2331p+11, 0x1.19ca4044284ep+11
)), class = "data.frame", row.names = c(NA, -121L))
