structure(list(period_id = c("1995Q1", "1995Q2", "1995Q3", "1995Q4", 
"1996Q1", "1996Q2", "1996Q3", "1996Q4", "1997Q1", "1997Q2", "1997Q3", 
"1997Q4", "1998Q1", "1998Q2", "1998Q3", "1998Q4", "1999Q1", "1999Q2", 
"1999Q3", "1999Q4", "2000Q1", "2000Q2", "2000Q3", "2000Q4", "2001Q1", 
"2001Q2", "2001Q3", "2001Q4", "2002Q1", "2002Q2", "2002Q3", "2002Q4", 
"2003Q1", "2003Q2", "2003Q3", "2003Q4", "2004Q1", "2004Q2", "2004Q3", 
"2004Q4", "2005Q1", "2005Q2", "2005Q3", "2005Q4", "2006Q1", "2006Q2", 
"2006Q3", "2006Q4", "2007Q1", "2007Q2", "2007Q3", "2007Q4", "2008Q1", 
"2008Q2", "2008Q3", "2008Q4", "2009Q1", "2009Q2", "2009Q3", "2009Q4", 
"2010Q1", "2010Q2", "2010Q3", "2010Q4", "2011Q1", "2011Q2", "2011Q3", 
"2011Q4", "2012Q1", "2012Q2", "2012Q3", "2012Q4", "2013Q1", "2013Q2", 
"2013Q3", "2013Q4", "2014Q1", "2014Q2", "2014Q3", "2014Q4", "2015Q1", 
"2015Q2", "2015Q3", "2015Q4", "2016Q1", "2016Q2", "2016Q3", "2016Q4", 
"2017Q1", "2017Q2", "2017Q3", "2017Q4", "2018Q1", "2018Q2", "2018Q3", 
"2018Q4", "2019Q1", "2019Q2", "2019Q3", "2019Q4", "2020Q1", "2020Q2", 
"2020Q3", "2020Q4", "2021Q1", "2021Q2", "2021Q3", "2021Q4", "2022Q1", 
"2022Q2", "2022Q3", "2022Q4", "2023Q1", "2023Q2", "2023Q3", "2023Q4", 
"2024Q1", "2024Q2", "2024Q3"), value = c(0x1.02c1379fa97e1p+8, 
0x1.25b43be6601bdp+8, 0x1.43b244d87725p+8, 0x1.2f643925bb7b7p+8, 
0x1.2dec8754f3776p+8, 0x1.5c72cf52b90a8p+8, 0x1.90e4c660a2014p+8, 
0x1.63ce49d388a8bp+8, 0x1.4a15bae46cfc8p+8, 0x1.8cb9ebfa8f7dbp+8, 
0x1.baa21b2a27f1bp+8, 0x1.8b00f8c64fdb1p+8, 0x1.6e88d5e8d5411p+8, 
0x1.89dfaa582dbe8p+8, 0x1.d3bb5935fc3b5p+8, 0x1.7d9dec0b56755p+8, 
0x1.5cf610adcd2d4p+8, 0x1.91a03968d759fp+8, 0x1.c747bc3c5bd0ep+8, 
0x1.93df0574b407p+8, 0x1.7ec861522a6f4p+8, 0x1.c79d4866a11edp+8, 
0x1.15b90196d8f5p+9, 0x1.dc5f8cfbfc654p+8, 0x1.ca6f57b41bfbep+8, 
0x1.0b6608fa7a85p+9, 0x1.44264fe36d224p+9, 0x1.0980a70d1fa33p+9, 
0x1.f1d689a88ace2p+8, 0x1.31be4c61d8623p+9, 0x1.6ba18ed1bf7adp+9, 
0x1.33be55c0fcb4fp+9, 0x1.0889f8f47304p+9, 0x1.44ab38e6d15adp+9, 
0x1.80a256de3326ap+9, 0x1.44a17060bb2bcp+9, 0x1.306daa3f034b1p+9, 
0x1.6a87ef39085f5p+9, 0x1.bacb0f94c8798p+9, 0x1.739f15e7c8d19p+9, 
0x1.5214817763e4bp+9, 0x1.905b0574b407p+9, 0x1.ff4ebdec5f395p+9, 
0x1.9a498f81e8a2fp+9, 0x1.76a9ac0c62e4dp+9, 0x1.bbb3606b7aa26p+9, 
0x1.152b7a0b5ed8dp+10, 0x1.c25c47baa9b4ap+9, 0x1.c7a6f75d9a0f1p+9, 
0x1.07452328f9f45p+10, 0x1.40b7297396d09p+10, 0x1.067d3ef284168p+10, 
0x1.13f4d08d4bad8p+10, 0x1.472cddb1209eep+10, 0x1.6727c87980f56p+10, 
0x1.3d918f14db595p+10, 0x1.f09b526d8b1ddp+9, 0x1.11aa58d5842b7p+10, 
0x1.3be1f6837f7bep+10, 0x1.1c6775104d552p+10, 0x1.fa8b9c065b63dp+9, 
0x1.1e4934373f317p+10, 0x1.59da3b81b64ep+10, 0x1.2cd2e35c5b4abp+10, 
0x1.0b547903211cbp+10, 0x1.31b59b56323bcp+10, 0x1.69459df1172efp+10, 
0x1.3a0755ef1fddfp+10, 0x1.172e1819d2392p+10, 0x1.3810f761cbccfp+10, 
0x1.7acefbb517a46p+10, 0x1.42cb85c67dfe3p+10, 0x1.1e6a88ca3e7d1p+10, 
0x1.4b31ca3619978p+10, 0x1.8b80a2014727ep+10, 0x1.47e9609dcf894p+10, 
0x1.2ab73ee1bd1eep+10, 0x1.63a9e01de2691p+10, 0x1.a1080620ab713p+10, 
0x1.63f16b0963561p+10, 0x1.3a96b4aa9717ep+10, 0x1.697f614df8b15p+10, 
0x1.af242f9ca5bd9p+10, 0x1.7be37867f0aa2p+10, 0x1.58638a009f623p+10, 
0x1.828c7df19d66bp+10, 0x1.d4b22f1ed17c6p+10, 0x1.a9bfb16c1e365p+10, 
0x1.84b81f601797dp+10, 0x1.bd93ba493c89fp+10, 0x1.0bfb589efd86bp+11, 
0x1.db716c7219221p+10, 0x1.a2796390c9108p+10, 0x1.e6f378af3e469p+10, 
0x1.21116c2efd439p+11, 0x1.0df8491d14e3cp+11, 0x1.bfdaccea28fe2p+10, 
0x1.0f403d6a593a3p+11, 0x1.2f0288feac42fp+11, 0x1.17ddfd6d7e88ap+11, 
0x1.c2150225742ddp+10, 0x1.6ab1372e6a769p+10, 0x1.ccb5a87a072d2p+10, 
0x1.d2c45892684cfp+10, 0x1.8c9e2eb1c432dp+10, 0x1.d82f76683c298p+10, 
0x1.384a435efa616p+11, 0x1.335d8d21bc127p+11, 0x1.0c76221ea3593p+11, 
0x1.5afbd2e0e3044p+11, 0x1.a0f60d5410f95p+11, 0x1.6a2c9ac9afe1ep+11, 
0x1.3fa73d145d851p+11, 0x1.6f614918e325dp+11, 0x1.9e3902730c671p+11, 
0x1.783e1f926c7ebp+11, 0x1.3c9e00ae10492p+11, 0x1.739c9b0ccbc06p+11, 
0x1.bfa30305d95ddp+11)), class = "data.frame", row.names = c(NA, 
-119L))
