structure(list(period_id = c("1995Q1", "1995Q2", "1995Q3", "1995Q4", 
"1996Q1", "1996Q2", "1996Q3", "1996Q4", "1997Q1", "1997Q2", "1997Q3", 
"1997Q4", "1998Q1", "1998Q2", "1998Q3", "1998Q4", "1999Q1", "1999Q2", 
"1999Q3", "1999Q4", "2000Q1", "2000Q2", "2000Q3", "2000Q4", "2001Q1", 
"2001Q2", "2001Q3", "2001Q4", "2002Q1", "2002Q2", "2002Q3", "2002Q4", 
"2003Q1", "2003Q2", "2003Q3", "2003Q4", "2004Q1", "2004Q2", "2004Q3", 
"2004Q4", "2005Q1", "2005Q2", "2005Q3", "2005Q4", "2006Q1", "2006Q2", 
"2006Q3", "2006Q4", "2007Q1", "2007Q2", "2007Q3", "2007Q4", "2008Q1", 
"2008Q2", "2008Q3", "2008Q4", "2009Q1", "2009Q2", "2009Q3", "2009Q4", 
"2010Q1", "2010Q2", "2010Q3", "2010Q4", "2011Q1", "2011Q2", "2011Q3", 
"2011Q4", "2012Q1", "2012Q2", "2012Q3", "2012Q4", "2013Q1", "2013Q2", 
"2013Q3", "2013Q4", "2014Q1", "2014Q2", "2014Q3", "2014Q4", "2015Q1", 
"2015Q2", "2015Q3", "2015Q4", "2016Q1", "2016Q2", "2016Q3", "2016Q4", 
"2017Q1", "2017Q2", "2017Q3", "2017Q4", "2018Q1", "2018Q2", "2018Q3", 
"2018Q4", "2019Q1", "2019Q2", "2019Q3", "2019Q4", "2020Q1", "2020Q2", 
"2020Q3", "2020Q4", "2021Q1", "2021Q2", "2021Q3", "2021Q4", "2022Q1", 
"2022Q2", "2022Q3", "2022Q4", "2023Q1", "2023Q2", "2023Q3", "2023Q4", 
"2024Q1", "2024Q2", "2024Q3", "2024Q4"), value = c(0x1.18f3ef416bdb2p+9, 
0x1.20d53e468cac5p+9, 0x1.2e25c0229a5ecp+9, 0x1.3e6ebd66277c4p+9, 
0x1.4609313be22e6p+9, 0x1.523eefed63455p+9, 0x1.583385e80bed7p+9, 
0x1.616c1a8262457p+9, 0x1.6e6255c0fcb4fp+9, 0x1.7c0aad4f5903ap+9, 
0x1.8dfec0f01fb83p+9, 0x1.938d9a2834d27p+9, 0x1.9bfc9717df19dp+9, 
0x1.9f51f77292c49p+9, 0x1.a3f4ffda4052dp+9, 0x1.ae91f91e646f1p+9, 
0x1.bc4615db3397ep+9, 0x1.ca2f1cb89d6aep+9, 0x1.d6476262cba73p+9, 
0x1.e307f8a0902dep+9, 0x1.f26be9856a37bp+9, 0x1.fc2565ba6efc3p+9, 
0x1.05cb4738a3b58p+10, 0x1.0ebc6f9767903p+10, 0x1.14d61f9f01b86p+10, 
0x1.2180cbaf965b2p+10, 0x1.299f132724313p+10, 0x1.30c816c1e364cp+10, 
0x1.353e9b8023a6dp+10, 0x1.376bded288ce7p+10, 0x1.3c5818b934699p+10, 
0x1.42cd32ebe596dp+10, 0x1.4c5528522ea1p+10, 0x1.53928605681edp+10, 
0x1.590137542a23cp+10, 0x1.5c02a459103c9p+10, 0x1.5b4f966be7afap+10, 
0x1.5fae91b823c86p+10, 0x1.614ba077036cap+10, 0x1.65945b9a5a89cp+10, 
0x1.6e77b69984a0ep+10, 0x1.705103c8e25c8p+10, 0x1.765d5e99e94abp+10, 
0x1.7ac05a921ccd9p+10, 0x1.7b36a63736cdfp+10, 0x1.7e413a3a8e714p+10, 
0x1.827e8bb4d4888p+10, 0x1.840df52fc2657p+10, 0x1.8cfce12620254p+10, 
0x1.9b1ed0247021dp+10, 0x1.a636dcfcc5b8ep+10, 0x1.b9ab76e6106abp+10, 
0x1.c618964a59c06p+10, 0x1.cd4dfb9bed30fp+10, 0x1.d41ad041cc533p+10, 
0x1.cf1e566490a35p+10, 0x1.d4a1d1c3ac92ap+10, 0x1.db570dd3fe197p+10, 
0x1.e38bd7d3910c3p+10, 0x1.f1fdafb7e91p+10, 0x1.f559a0cae642cp+10, 
0x1.fffc73abc947p+10, 0x1.046d639b456b4p+11, 0x1.07181695d91acp+11, 
0x1.09f990b630a91p+11, 0x1.0d603bbe878fbp+11, 0x1.0edb49107faap+11, 
0x1.13d4eeaa6d267p+11, 0x1.17baba450acc1p+11, 0x1.18251e108c3f4p+11, 
0x1.1880d260f5e42p+11, 0x1.16ab48d3ae686p+11, 0x1.13b54463065f9p+11, 
0x1.10dc731098d47p+11, 0x1.104efe8ab4fa5p+11, 0x1.10ffd8dde7a74p+11, 
0x1.129bf8c436fc1p+11, 0x1.1104d73215fccp+11, 0x1.0f9e3660e51d2p+11, 
0x1.0ec1eb074a772p+11, 0x1.0c71a9563a9f4p+11, 0x1.0ced3910c2c5ep+11, 
0x1.0cbdaac753e7p+11, 0x1.0ba343c3a42f2p+11, 0x1.0b708eda22f6ap+11, 
0x1.0e5f3d4f15e7dp+11, 0x1.11267da61e0c6p+11, 0x1.11b73517a4617p+11, 
0x1.15080f53c579fp+11, 0x1.1574c028e4fb9p+11, 0x1.15e07049a9974p+11, 
0x1.1bb669b5a63fap+11, 0x1.2037d002e2329p+11, 0x1.2329b8194c016p+11, 
0x1.28e833721d53dp+11, 0x1.2d8eae7b3d8ep+11, 0x1.313ef292c4934p+11, 
0x1.399888aefb2abp+11, 0x1.3c55e5eaab042p+11, 0x1.38ee808637bdp+11, 
0x1.33fa22db61bbp+11, 0x1.0ca7764cf8d71p+11, 0x1.2d0abc968943ep+11, 
0x1.1ca0f02602c91p+11, 0x1.28be09dcf894p+11, 0x1.363dc0f451761p+11, 
0x1.45ea3480a5acdp+11, 0x1.54e2b3636f3b2p+11, 0x1.64ac2b2e1693cp+11, 
0x1.8b9345a8155d6p+11, 0x1.969bd436b8f9bp+11, 0x1.9d9824441787p+11, 
0x1.96a0d7d3910c3p+11, 0x1.963380ffda405p+11, 0x1.9842e64b2314p+11, 
0x1.95fa48605681fp+11, 0x1.9da5c0fcb4f1ep+11, 0x1.9b1990a137f39p+11, 
0x1.94d1ba5c1c609p+11, 0x1.939da20791c4cp+11)), class = "data.frame", row.names = c(NA, 
-120L))
