structure(list(period_id = c("1995Q1", "1995Q2", "1995Q3", "1995Q4", 
"1996Q1", "1996Q2", "1996Q3", "1996Q4", "1997Q1", "1997Q2", "1997Q3", 
"1997Q4", "1998Q1", "1998Q2", "1998Q3", "1998Q4", "1999Q1", "1999Q2", 
"1999Q3", "1999Q4", "2000Q1", "2000Q2", "2000Q3", "2000Q4", "2001Q1", 
"2001Q2", "2001Q3", "2001Q4", "2002Q1", "2002Q2", "2002Q3", "2002Q4", 
"2003Q1", "2003Q2", "2003Q3", "2003Q4", "2004Q1", "2004Q2", "2004Q3", 
"2004Q4", "2005Q1", "2005Q2", "2005Q3", "2005Q4", "2006Q1", "2006Q2", 
"2006Q3", "2006Q4", "2007Q1", "2007Q2", "2007Q3", "2007Q4", "2008Q1", 
"2008Q2", "2008Q3", "2008Q4", "2009Q1", "2009Q2", "2009Q3", "2009Q4", 
"2010Q1", "2010Q2", "2010Q3", "2010Q4", "2011Q1", "2011Q2", "2011Q3", 
"2011Q4", "2012Q1", "2012Q2", "2012Q3", "2012Q4", "2013Q1", "2013Q2", 
"2013Q3", "2013Q4", "2014Q1", "2014Q2", "2014Q3", "2014Q4", "2015Q1", 
"2015Q2", "2015Q3", "2015Q4", "2016Q1", "2016Q2", "2016Q3", "2016Q4", 
"2017Q1", "2017Q2", "2017Q3", "2017Q4", "2018Q1", "2018Q2", "2018Q3", 
"2018Q4", "2019Q1", "2019Q2", "2019Q3", "2019Q4", "2020Q1", "2020Q2", 
"2020Q3", "2020Q4", "2021Q1", "2021Q2", "2021Q3", "2021Q4", "2022Q1", 
"2022Q2", "2022Q3", "2022Q4", "2023Q1", "2023Q2", "2023Q3", "2023Q4", 
"2024Q1", "2024Q2", "2024Q3", "2024Q4"), value = c(0x1.1d853a604e1e7p+8, 
0x1.22df6ff3ade22p+8, 0x1.24918cc144029p+8, 0x1.392250b52439ap+8, 
0x1.4eb3631b584b2p+8, 0x1.591bbe22e5de1p+8, 0x1.670b9a9da597dp+8, 
0x1.6f494a90470a8p+8, 0x1.7112e3d5fdcdfp+8, 0x1.8a0e487336588p+8, 
0x1.888d22856605fp+8, 0x1.97cbc5ef62f9dp+8, 0x1.9b753fc0096ffp+8, 
0x1.89289d6adf71fp+8, 0x1.9a7170b49e01ep+8, 0x1.8b156c2efd439p+8, 
0x1.8a02e1049236p+8, 0x1.907e63d816acfp+8, 0x1.8cda91b823c86p+8, 
0x1.a330a42aed139p+8, 0x1.b2d25aee631f9p+8, 0x1.c5e833e78e193p+8, 
0x1.df9cb039ef0f1p+8, 0x1.f024b0af5fd48p+8, 0x1.064028fe260b3p+9, 
0x1.0a08c54bcf0b7p+9, 0x1.156e9d30270f4p+9, 0x1.14d45471715c6p+9, 
0x1.1fa4c6a3bddfdp+9, 0x1.2fb322749f0e5p+9, 0x1.357f58d9b5e96p+9, 
0x1.3fc6661283904p+9, 0x1.3356bc05d52c1p+9, 0x1.432fdd6e04c06p+9, 
0x1.4678560c7c0f4p+9, 0x1.51cb950b955f8p+9, 0x1.60a758d1526d9p+9, 
0x1.6a56d130df9bep+9, 0x1.7647f034b0e1bp+9, 0x1.83e8ce703afb8p+9, 
0x1.86324fa05143cp+9, 0x1.91bd244a6223ep+9, 0x1.af4e68f4b61fep+9, 
0x1.ae7285985ad54p+9, 0x1.ac8899392189cp+9, 0x1.bd18782906898p+9, 
0x1.d73981c714fcep+9, 0x1.db9abfa0945fap+9, 0x1.00e6b04ab606bp+10, 
0x1.07053311a543fp+10, 0x1.14723810e8859p+10, 0x1.155c42784a948p+10, 
0x1.347e09b30728fp+10, 0x1.461d4a2fcefaap+10, 0x1.39ad316a05575p+10, 
0x1.4bc1feda66128p+10, 0x1.1563dc981beb2p+10, 0x1.12aa9491f2dc3p+10, 
0x1.14e54dcebfec1p+10, 0x1.257334267839dp+10, 0x1.1f35c24c404a7p+10, 
0x1.22c5801711948p+10, 0x1.2ca56e008e9b4p+10, 0x1.32a5860999dcbp+10, 
0x1.32c689bd8383bp+10, 0x1.37e7e1b8ed1bfp+10, 0x1.37a5c24c404a7p+10, 
0x1.3dd450b52439ap+10, 0x1.40cb172ef0ae5p+10, 0x1.3db38b71b8aap+10, 
0x1.465007fed2029p+10, 0x1.4795e1719f7f9p+10, 0x1.49b9816aceaafp+10, 
0x1.4fe12cd7cf5f5p+10, 0x1.549d2f37fbefdp+10, 0x1.4d3bce4a7b4e5p+10, 
0x1.5871fcfc3f812p+10, 0x1.682374256bca5p+10, 0x1.67fb79cc74b84p+10, 
0x1.68209d8c6d613p+10, 0x1.6a732c7fbacb4p+10, 0x1.6f3f8eb463498p+10, 
0x1.762bffd60e94fp+10, 0x1.7da42352eb5f6p+10, 0x1.8c1f2795703f3p+10, 
0x1.89a1474107315p+10, 0x1.98ede4d5d80e5p+10, 0x1.a8de6af038e2ap+10, 
0x1.c04fad8e43244p+10, 0x1.c50cb0f6ad70ep+10, 0x1.d5531aef6f8fp+10, 
0x1.d69403e20ccffp+10, 0x1.e67a752977c89p+10, 0x1.edaa22ccb3a26p+10, 
0x1.fc8d4024b33dbp+10, 0x1.08b4899e0e736p+11, 0x1.064ae9424e593p+11, 
0x1.12085f0b28523p+11, 0x1.0b92c896dd26bp+11, 0x1.1097c0852b4d9p+11, 
0x1.08cc9e03f7058p+11, 0x1.6e44d330941c8p+10, 0x1.9787198f1d3edp+10, 
0x1.c5ae620253975p+10, 0x1.d29bb0b7c3505p+10, 0x1.dc73dac68a937p+10, 
0x1.13ffda250f84p+11, 0x1.2cad8cb6c7a7dp+11, 0x1.3b960a88effe3p+11, 
0x1.5d07580c308ffp+11, 0x1.6e91c5974e65cp+11, 0x1.6435c1094a2bap+11, 
0x1.7731d011904b4p+11, 0x1.7245342aa9f7bp+11, 0x1.6b69874c8ffb9p+11, 
0x1.727b53f1843c4p+11, 0x1.7598ba55d1c3bp+11, 0x1.795af2799a1fdp+11, 
0x1.8a9b36d655e29p+11, 0x1.8f616d0b30b5bp+11)), class = "data.frame", row.names = c(NA, 
-120L))
