structure(list(period_id = c("1995Q1", "1995Q2", "1995Q3", "1995Q4", 
"1996Q1", "1996Q2", "1996Q3", "1996Q4", "1997Q1", "1997Q2", "1997Q3", 
"1997Q4", "1998Q1", "1998Q2", "1998Q3", "1998Q4", "1999Q1", "1999Q2", 
"1999Q3", "1999Q4", "2000Q1", "2000Q2", "2000Q3", "2000Q4", "2001Q1", 
"2001Q2", "2001Q3", "2001Q4", "2002Q1", "2002Q2", "2002Q3", "2002Q4", 
"2003Q1", "2003Q2", "2003Q3", "2003Q4", "2004Q1", "2004Q2", "2004Q3", 
"2004Q4", "2005Q1", "2005Q2", "2005Q3", "2005Q4", "2006Q1", "2006Q2", 
"2006Q3", "2006Q4", "2007Q1", "2007Q2", "2007Q3", "2007Q4", "2008Q1", 
"2008Q2", "2008Q3", "2008Q4", "2009Q1", "2009Q2", "2009Q3", "2009Q4", 
"2010Q1", "2010Q2", "2010Q3", "2010Q4", "2011Q1", "2011Q2", "2011Q3", 
"2011Q4", "2012Q1", "2012Q2", "2012Q3", "2012Q4", "2013Q1", "2013Q2", 
"2013Q3", "2013Q4", "2014Q1", "2014Q2", "2014Q3", "2014Q4", "2015Q1", 
"2015Q2", "2015Q3", "2015Q4", "2016Q1", "2016Q2", "2016Q3", "2016Q4", 
"2017Q1", "2017Q2", "2017Q3", "2017Q4", "2018Q1", "2018Q2", "2018Q3", 
"2018Q4", "2019Q1", "2019Q2", "2019Q3", "2019Q4", "2020Q1", "2020Q2", 
"2020Q3", "2020Q4", "2021Q1", "2021Q2", "2021Q3", "2021Q4", "2022Q1", 
"2022Q2", "2022Q3", "2022Q4", "2023Q1", "2023Q2", "2023Q3", "2023Q4", 
"2024Q1", "2024Q2", "2024Q3", "2024Q4", "2025Q1"), value = c(0x1.c91466559f6ecp+9, 
0x1.b9d7a77e5eaabp+9, 0x1.c13c16616b54ep+9, 0x1.d9f7d20f2becfp+9, 
0x1.f460616b54e2bp+9, 0x1.084547f562175p+10, 0x1.0ad0382e44b6fp+10, 
0x1.11501719f7f8dp+10, 0x1.19349dcf893fbp+10, 0x1.3363b673c4f3cp+10, 
0x1.42e8e9ccb7d41p+10, 0x1.55310008637bdp+10, 0x1.5add6fc158fb4p+10, 
0x1.607430a91537ap+10, 0x1.60a41600f345p+10, 0x1.628f2b7baecdp+10, 
0x1.5a39b37867f0bp+10, 0x1.61d113404ea4bp+10, 0x1.79a99e5e24788p+10, 
0x1.8fb6b20fb224bp+10, 0x1.ad7ab4aa9717ep+10, 0x1.cf82ec8d5c747p+10, 
0x1.e9643d640e9d5p+10, 0x1.072ce38eb0319p+11, 0x1.10169531550cap+11, 
0x1.1462516fc9bc7p+11, 0x1.17ec003686a4dp+11, 0x1.179d4628027d9p+11, 
0x1.2c9b627bf61aap+11, 0x1.33531ab29e4d6p+11, 0x1.3af0d434a01acp+11, 
0x1.3f114b74ddf87p+11, 0x1.4022d44135547p+11, 0x1.4070bb384fd2ap+11, 
0x1.4b691c219eb64p+11, 0x1.510840cc78e9fp+11, 0x1.5b1d7f9f87f02p+11, 
0x1.741d5d8f92afap+11, 0x1.87f52231832fdp+11, 0x1.8e2a096dd26b7p+11, 
0x1.97da2da122fadp+11, 0x1.ac4bf3c0c1fc9p+11, 0x1.c0d37dfc19c17p+11, 
0x1.d83968af81627p+11, 0x1.ec989c1d6cf85p+11, 0x1.01e7a3bff8a8fp+12, 
0x1.0a0cbdf19d66bp+12, 0x1.1e1f9f2778141p+12, 0x1.2891895d0b73dp+12, 
0x1.311050efdc9c5p+12, 0x1.3cac0ec95bffp+12, 0x1.3ac1e975afaf8p+12, 
0x1.46550eb24a6a8p+12, 0x1.41cecf4e874c9p+12, 0x1.4239e5215768ap+12, 
0x1.1d7b3b57c4e2fp+12, 0x1.f2cfda33bd9cbp+11, 0x1.ef13df3d7d391p+11, 
0x1.f7f3dbbe0157fp+11, 0x1.030da81344806p+12, 0x1.0c0e31b79d90ap+12, 
0x1.1e5a0c964628p+12, 0x1.29375fc6da448p+12, 0x1.2da826c3b927dp+12, 
0x1.406a343958106p+12, 0x1.48fa17603925cp+12, 0x1.4b442a27f1b69p+12, 
0x1.4cc2b4c09c3cep+12, 0x1.4a6b478d92fb2p+12, 0x1.4e6039a7c17a9p+12, 
0x1.4d29d12663411p+12, 0x1.507928027d88cp+12, 0x1.4ef8d9bd4067dp+12, 
0x1.5137aa4ca4f44p+12, 0x1.543a5ac57e23fp+12, 0x1.58d6d4690de09p+12, 
0x1.592029424e593p+12, 0x1.5b5d4c61d8623p+12, 0x1.6bba0ce3de615p+12, 
0x1.749a1feeb2d0ap+12, 0x1.6e6c2ea3161a2p+12, 0x1.70590154c985fp+12, 
0x1.778684567125ep+12, 0x1.7b3dc2070b8dp+12, 0x1.7e4fca85caafcp+12, 
0x1.7f6c32de43ed9p+12, 0x1.85d703c07ee0bp+12, 0x1.911b84f2ae07ep+12, 
0x1.aa7cbfbbd7b2p+12, 0x1.b0e861986b9c3p+12, 0x1.c2f0caa00192ap+12, 
0x1.d5a7c69835159p+12, 0x1.d4c58270f3882p+12, 0x1.e20a00789613dp+12, 
0x1.e5efd455219a8p+12, 0x1.f25feafff36acp+12, 0x1.f76abda836eb5p+12, 
0x1.f97652f09d8c7p+12, 0x1.f4866098915bep+12, 0x1.f11a90c804103p+12, 
0x1.eb171096bb98cp+12, 0x1.878b56f32bdc2p+12, 0x1.d3af1a836eb4fp+12, 
0x1.eda05b951c5c5p+12, 0x1.0320dfe8ee6b8p+13, 0x1.0afd2f2734f83p+13, 
0x1.0d3111fddebd9p+13, 0x1.2b97b58e21965p+13, 0x1.3460817b95a29p+13, 
0x1.49557cd1c7de5p+13, 0x1.57ed99bfdf7e8p+13, 0x1.53c1e8f9f44d4p+13, 
0x1.5358125e56cd7p+13, 0x1.4949b01eabbcbp+13, 0x1.32322611fd588p+13, 
0x1.43a6eb6f9fcb1p+13, 0x1.491f37542a23cp+13, 0x1.4799cfcd67fd4p+13, 
0x1.4faa1e2a3cea7p+13, 0x1.4ac7baf3a14cfp+13, 0x1.4cbce549b62c7p+13
)), class = "data.frame", row.names = c(NA, -121L))
