structure(list(period_id = c("1995Q1", "1995Q2", "1995Q3", "1995Q4", 
"1996Q1", "1996Q2", "1996Q3", "1996Q4", "1997Q1", "1997Q2", "1997Q3", 
"1997Q4", "1998Q1", "1998Q2", "1998Q3", "1998Q4", "1999Q1", "1999Q2", 
"1999Q3", "1999Q4", "2000Q1", "2000Q2", "2000Q3", "2000Q4", "2001Q1", 
"2001Q2", "2001Q3", "2001Q4", "2002Q1", "2002Q2", "2002Q3", "2002Q4", 
"2003Q1", "2003Q2", "2003Q3", "2003Q4", "2004Q1", "2004Q2", "2004Q3", 
"2004Q4", "2005Q1", "2005Q2", "2005Q3", "2005Q4", "2006Q1", "2006Q2", 
"2006Q3", "2006Q4", "2007Q1", "2007Q2", "2007Q3", "2007Q4", "2008Q1", 
"2008Q2", "2008Q3", "2008Q4", "2009Q1", "2009Q2", "2009Q3", "2009Q4", 
"2010Q1", "2010Q2", "2010Q3", "2010Q4", "2011Q1", "2011Q2", "2011Q3", 
"2011Q4", "2012Q1", "2012Q2", "2012Q3", "2012Q4", "2013Q1", "2013Q2", 
"2013Q3", "2013Q4", "2014Q1", "2014Q2", "2014Q3", "2014Q4", "2015Q1", 
"2015Q2", "2015Q3", "2015Q4", "2016Q1", "2016Q2", "2016Q3", "2016Q4", 
"2017Q1", "2017Q2", "2017Q3", "2017Q4", "2018Q1", "2018Q2", "2018Q3", 
"2018Q4", "2019Q1", "2019Q2", "2019Q3", "2019Q4", "2020Q1", "2020Q2", 
"2020Q3", "2020Q4", "2021Q1", "2021Q2", "2021Q3", "2021Q4", "2022Q1", 
"2022Q2", "2022Q3", "2022Q4", "2023Q1", "2023Q2", "2023Q3", "2023Q4", 
"2024Q1", "2024Q2", "2024Q3"), value = c(0x1.21004d50ebaaep+10, 
0x1.482aeaf251c19p+10, 0x1.2c8f1d4738a3bp+10, 0x1.5518aef2c7326p+10, 
0x1.48d529563a9f4p+10, 0x1.779b820e62995p+10, 0x1.64987e1fc08fap+10, 
0x1.79c3379746024p+10, 0x1.73fc78c0053e3p+10, 0x1.b3249c1b54196p+10, 
0x1.accf9628cbd12p+10, 0x1.c0a3f748a1598p+10, 0x1.cd865568e820ep+10, 
0x1.d8e9daf8df7a5p+10, 0x1.ccb7266fd651bp+10, 0x1.eca72dd377e1cp+10, 
0x1.c67301d9f4d38p+10, 0x1.1d59704bc2763p+11, 0x1.f2417dcbddb98p+10, 
0x1.19469ec4e7254p+11, 0x1.1d77667f90d9dp+11, 0x1.3801b39192642p+11, 
0x1.496fac0a4a05ep+11, 0x1.55429185cee18p+11, 0x1.47e4013448063p+11, 
0x1.669b93c68661bp+11, 0x1.6101a0ba1f4b2p+11, 0x1.63e95edd05293p+11, 
0x1.5fe4e1cde5d18p+11, 0x1.77c9a95a6c5d2p+11, 0x1.7e299a3b14a9p+11, 
0x1.9118adc2b0ea2p+11, 0x1.7dfe799c38b05p+11, 0x1.97ec24f440af2p+11, 
0x1.a2b63f78bbd38p+11, 0x1.b27f2734f82f5p+11, 0x1.a6c7d88a04d12p+11, 
0x1.f0719068986fdp+11, 0x1.f6ae521bc126ap+11, 0x1.08b2b52b90a78p+12, 
0x1.eab7c75c4a83bp+11, 0x1.0b1842f72b453p+12, 0x1.17bbc3b2dd378p+12, 
0x1.33c8bbcf4e875p+12, 0x1.248ce2888b546p+12, 0x1.31ee0fd3b29a2p+12, 
0x1.40aeb31e3a7dbp+12, 0x1.65b5e9d627bf6p+12, 0x1.5b9234f2f123cp+12, 
0x1.7587b52977c89p+12, 0x1.86dfba5093965p+12, 0x1.959138c436fc1p+12, 
0x1.83fa644fa0514p+12, 0x1.a673acc4ef88cp+12, 0x1.aa879b7f17375p+12, 
0x1.80cc0724b76f7p+12, 0x1.2947ee75ff60ap+12, 0x1.2ed4d59a30985p+12, 
0x1.497525ffa3b9bp+12, 0x1.50201ac57e23fp+12, 0x1.3e6457d7c2ca1p+12, 
0x1.635a954a7f801p+12, 0x1.73f8dc75818c6p+12, 0x1.8708fb352a844p+12, 
0x1.7e09eab25b318p+12, 0x1.92693213e3e29p+12, 0x1.99ca1718eb895p+12, 
0x1.949fca3832767p+12, 0x1.859e2839042d9p+12, 0x1.8926ba1c25d07p+12, 
0x1.8a1650a24463p+12, 0x1.8dbba0f0a5effp+12, 0x1.7ed0510f51acap+12, 
0x1.8b7e526634118p+12, 0x1.8aae0790b8499p+12, 0x1.988b9c422036p+12, 
0x1.8806a77a2cecdp+12, 0x1.922af4eb9a177p+12, 0x1.9a930c857f306p+12, 
0x1.a59ffcac8e68ep+12, 0x1.911df143393abp+12, 0x1.a3a3242aed139p+12, 
0x1.a5e7603a322afp+12, 0x1.aeb967bb2fec5p+12, 0x1.975c8ad256799p+12, 
0x1.b53a2fc7a3982p+12, 0x1.b6f50052d666bp+12, 0x1.ce131b3e1437cp+12, 
0x1.d8a31f79420b4p+12, 0x1.eca9036fc159p+12, 0x1.f232cb51372a4p+12, 
0x1.08e41fdcdf698p+13, 0x1.035232bd3c361p+13, 0x1.11933515054acp+13, 
0x1.104fdeb6390c9p+13, 0x1.215e7882278d1p+13, 0x1.13bab3586ca8ap+13, 
0x1.21a33e9531551p+13, 0x1.20b3e628027d9p+13, 0x1.1cf0650374ff8p+13, 
0x1.0d0760cb6c7a8p+13, 0x1.b192185058ddep+12, 0x1.f3eca4388ebccp+12, 
0x1.14136298cc144p+13, 0x1.12d1a3afb7e91p+13, 0x1.33e42317acc4fp+13, 
0x1.41bfc41aac53bp+13, 0x1.6d4e5d8622c45p+13, 0x1.7869ee7c49fd8p+13, 
0x1.a3f0cda448494p+13, 0x1.a53b3efb6dcap+13, 0x1.a6c1431055b8ap+13, 
0x1.86e7297bfa4c6p+13, 0x1.804efc896dd27p+13, 0x1.720b7193f6c27p+13, 
0x1.8685472756862p+13, 0x1.77712b81f969ep+13, 0x1.8f47c842fa509p+13, 
0x1.83b140713f078p+13)), class = "data.frame", row.names = c(NA, 
-119L))
