structure(list(period_id = c("2000M01", "2000M02", "2000M03", 
"2000M04", "2000M05", "2000M06", "2000M07", "2000M08", "2000M09", 
"2000M10", "2000M11", "2000M12", "2001M01", "2001M02", "2001M03", 
"2001M04", "2001M05", "2001M06", "2001M07", "2001M08", "2001M09", 
"2001M10", "2001M11", "2001M12", "2002M01", "2002M02", "2002M03", 
"2002M04", "2002M05", "2002M06", "2002M07", "2002M08", "2002M09", 
"2002M10", "2002M11", "2002M12", "2003M01", "2003M02", "2003M03", 
"2003M04", "2003M05", "2003M06", "2003M07", "2003M08", "2003M09", 
"2003M10", "2003M11", "2003M12", "2004M01", "2004M02", "2004M03", 
"2004M04", "2004M05", "2004M06", "2004M07", "2004M08", "2004M09", 
"2004M10", "2004M11", "2004M12", "2005M01", "2005M02", "2005M03", 
"2005M04", "2005M05", "2005M06", "2005M07", "2005M08", "2005M09", 
"2005M10", "2005M11", "2005M12", "2006M01", "2006M02", "2006M03", 
"2006M04", "2006M05", "2006M06", "2006M07", "2006M08", "2006M09", 
"2006M10", "2006M11", "2006M12", "2007M01", "2007M02", "2007M03", 
"2007M04", "2007M05", "2007M06", "2007M07", "2007M08", "2007M09", 
"2007M10", "2007M11", "2007M12", "2008M01", "2008M02", "2008M03", 
"2008M04", "2008M05", "2008M06", "2008M07", "2008M08", "2008M09", 
"2008M10", "2008M11", "2008M12", "2009M01", "2009M02", "2009M03", 
"2009M04", "2009M05", "2009M06", "2009M07", "2009M08", "2009M09", 
"2009M10", "2009M11", "2009M12", "2010M01", "2010M02", "2010M03", 
"2010M04", "2010M05", "2010M06", "2010M07", "2010M08", "2010M09", 
"2010M10", "2010M11", "2010M12", "2011M01", "2011M02", "2011M03", 
"2011M04", "2011M05", "2011M06", "2011M07", "2011M08", "2011M09", 
"2011M10", "2011M11", "2011M12", "2012M01", "2012M02", "2012M03", 
"2012M04", "2012M05", "2012M06", "2012M07", "2012M08", "2012M09", 
"2012M10", "2012M11", "2012M12", "2013M01", "2013M02", "2013M03", 
"2013M04", "2013M05", "2013M06", "2013M07", "2013M08", "2013M09", 
"2013M10", "2013M11", "2013M12", "2014M01", "2014M02", "2014M03", 
"2014M04", "2014M05", "2014M06", "2014M07", "2014M08", "2014M09", 
"2014M10", "2014M11", "2014M12", "2015M01", "2015M02", "2015M03", 
"2015M04", "2015M05", "2015M06", "2015M07", "2015M08", "2015M09", 
"2015M10", "2015M11", "2015M12", "2016M01", "2016M02", "2016M03", 
"2016M04", "2016M05", "2016M06", "2016M07", "2016M08", "2016M09", 
"2016M10", "2016M11", "2016M12", "2017M01", "2017M02", "2017M03", 
"2017M04", "2017M05", "2017M06", "2017M07", "2017M08", "2017M09", 
"2017M10", "2017M11", "2017M12", "2018M01", "2018M02", "2018M03", 
"2018M04", "2018M05", "2018M06", "2018M07", "2018M08", "2018M09", 
"2018M10", "2018M11", "2018M12", "2019M01", "2019M02", "2019M03", 
"2019M04", "2019M05", "2019M06", "2019M07", "2019M08", "2019M09", 
"2019M10", "2019M11", "2019M12", "2020M01", "2020M02", "2020M03", 
"2020M04", "2020M05", "2020M06", "2020M07", "2020M08", "2020M09", 
"2020M10", "2020M11", "2020M12", "2021M01", "2021M02", "2021M03", 
"2021M04", "2021M05", "2021M06", "2021M07", "2021M08", "2021M09", 
"2021M10", "2021M11", "2021M12", "2022M01", "2022M02", "2022M03", 
"2022M04", "2022M05", "2022M06", "2022M07", "2022M08", "2022M09", 
"2022M10", "2022M11", "2022M12", "2023M01", "2023M02", "2023M03", 
"2023M04", "2023M05", "2023M06", "2023M07", "2023M08", "2023M09", 
"2023M10", "2023M11", "2023M12", "2024M01", "2024M02", "2024M03", 
"2024M04", "2024M05", "2024M06", "2024M07", "2024M08", "2024M09", 
"2024M10", "2024M11", "2024M12", "2025M01", "2025M02", "2025M03", 
"2025M04", "2025M05", "2025M06", "2025M07"), value = c(0x1.45eb851eb851fp+5, 
0x1.4cp+5, 0x1.58b851eb851ecp+5, 0x1.5d9999999999ap+5, 0x1.5f9999999999ap+5, 
0x1.6fae147ae147bp+5, 0x1.7b5c28f5c28f6p+5, 0x1.75ae147ae147bp+5, 
0x1.8ca3d70a3d70ap+5, 0x1.91eb851eb851fp+5, 0x1.a15c28f5c28f6p+5, 
0x1.96a3d70a3d70ap+5, 0x1.8d9999999999ap+5, 0x1.9251eb851eb85p+5, 
0x1.9b5c28f5c28f6p+5, 0x1.9828f5c28f5c3p+5, 0x1.a99999999999ap+5, 
0x1.aef5c28f5c28fp+5, 0x1.ab1eb851eb852p+5, 0x1.a666666666666p+5, 
0x1.a6e147ae147aep+5, 0x1.a533333333333p+5, 0x1.a5eb851eb851fp+5, 
0x1.9bae147ae147bp+5, 0x1.9e7ae147ae148p+5, 0x1.a451eb851eb85p+5, 
0x1.a8b851eb851ecp+5, 0x1.ba3d70a3d70a4p+5, 0x1.b6f5c28f5c28fp+5, 
0x1.b31eb851eb852p+5, 0x1.b170a3d70a3d7p+5, 0x1.b4e147ae147aep+5, 
0x1.baf5c28f5c28fp+5, 0x1.be51eb851eb85p+5, 0x1.b851eb851eb85p+5, 
0x1.b5d70a3d70a3dp+5, 0x1.bef5c28f5c28fp+5, 0x1.c0147ae147ae1p+5, 
0x1.c1851eb851eb8p+5, 0x1.c27ae147ae148p+5, 0x1.be8f5c28f5c29p+5, 
0x1.bee147ae147aep+5, 0x1.c2147ae147ae1p+5, 0x1.c228f5c28f5c3p+5, 
0x1.c2ccccccccccdp+5, 0x1.c170a3d70a3d7p+5, 0x1.c4147ae147ae1p+5, 
0x1.c570a3d70a3d7p+5, 0x1.c51eb851eb852p+5, 0x1.c79999999999ap+5, 
0x1.cb70a3d70a3d7p+5, 0x1.cfeb851eb851fp+5, 0x1.dcccccccccccdp+5, 
0x1.dd47ae147ae14p+5, 0x1.e2b851eb851ecp+5, 0x1.e99999999999ap+5, 
0x1.ed70a3d70a3d7p+5, 0x1.f6e147ae147aep+5, 0x1.fe8f5c28f5c29p+5, 
0x1.f428f5c28f5c3p+5, 0x1.ef33333333333p+5, 0x1.f91eb851eb852p+5, 
0x1.fef5c28f5c28fp+5, 0x1.0747ae147ae14p+6, 0x1.05a3d70a3d70ap+6, 
0x1.09b851eb851ecp+6, 0x1.12147ae147ae1p+6, 0x1.14851eb851eb8p+6, 
0x1.219999999999ap+6, 0x1.1ff5c28f5c28fp+6, 0x1.1328f5c28f5c3p+6, 
0x1.1351eb851eb85p+6, 0x1.17f5c28f5c28fp+6, 0x1.1bb851eb851ecp+6, 
0x1.1a33333333333p+6, 0x1.22ae147ae147bp+6, 0x1.2b33333333333p+6, 
0x1.270a3d70a3d71p+6, 0x1.28a3d70a3d70ap+6, 0x1.2eae147ae147bp+6, 
0x1.2e51eb851eb85p+6, 0x1.1e7ae147ae148p+6, 0x1.1cccccccccccdp+6, 
0x1.1df5c28f5c28fp+6, 0x1.189999999999ap+6, 0x1.16a3d70a3d70ap+6, 
0x1.1fae147ae147bp+6, 0x1.2966666666666p+6, 0x1.30c28f5c28f5cp+6, 
0x1.31c28f5c28f5cp+6, 0x1.33ae147ae147bp+6, 0x1.2fccccccccccdp+6, 
0x1.2d147ae147ae1p+6, 0x1.2df5c28f5c28fp+6, 0x1.3a0a3d70a3d71p+6, 
0x1.3a0a3d70a3d71p+6, 0x1.429999999999ap+6, 0x1.3833333333333p+6, 
0x1.4466666666666p+6, 0x1.46eb851eb851fp+6, 0x1.551eb851eb852p+6, 
0x1.66f5c28f5c28fp+6, 0x1.6cccccccccccdp+6, 0x1.5da3d70a3d70ap+6, 
0x1.56eb851eb851fp+6, 0x1.4e147ae147ae1p+6, 0x1.35a3d70a3d70ap+6, 
0x1.239999999999ap+6, 0x1.2b51eb851eb85p+6, 0x1.34e147ae147aep+6, 
0x1.3570a3d70a3d7p+6, 0x1.37e147ae147aep+6, 0x1.3aa3d70a3d70ap+6, 
0x1.437ae147ae148p+6, 0x1.450a3d70a3d71p+6, 0x1.46b851eb851ecp+6, 
0x1.47e147ae147aep+6, 0x1.443d70a3d70a4p+6, 0x1.4e7ae147ae148p+6, 
0x1.4e1eb851eb852p+6, 0x1.5751eb851eb85p+6, 0x1.5aa3d70a3d70ap+6, 
0x1.5f9999999999ap+6, 0x1.66e147ae147aep+6, 0x1.6b70a3d70a3d7p+6, 
0x1.6c47ae147ae14p+6, 0x1.70c28f5c28f5cp+6, 0x1.705c28f5c28f6p+6, 
0x1.6eae147ae147bp+6, 0x1.711eb851eb852p+6, 0x1.711eb851eb852p+6, 
0x1.771eb851eb852p+6, 0x1.803d70a3d70a4p+6, 0x1.82b851eb851ecp+6, 
0x1.8528f5c28f5c3p+6, 0x1.89147ae147ae1p+6, 0x1.89a3d70a3d70ap+6, 
0x1.820a3d70a3d71p+6, 0x1.859999999999ap+6, 0x1.8ae147ae147aep+6, 
0x1.897ae147ae148p+6, 0x1.8f28f5c28f5c3p+6, 0x1.905c28f5c28f6p+6, 
0x1.911eb851eb852p+6, 0x1.9a8f5c28f5c29p+6, 0x1.a3c28f5c28f5cp+6, 
0x1.a928f5c28f5c3p+6, 0x1.ae70a3d70a3d7p+6, 0x1.a83d70a3d70a4p+6, 
0x1.a30a3d70a3d71p+6, 0x1.a366666666666p+6, 0x1.b1ccccccccccdp+6, 
0x1.bb5c28f5c28f6p+6, 0x1.b25c28f5c28f6p+6, 0x1.a747ae147ae14p+6, 
0x1.a6851eb851eb8p+6, 0x1.a8d70a3d70a3dp+6, 0x1.baae147ae147bp+6, 
0x1.b947ae147ae14p+6, 0x1.b533333333333p+6, 0x1.ad8f5c28f5c29p+6, 
0x1.ae5c28f5c28f6p+6, 0x1.b48f5c28f5c29p+6, 0x1.b6e147ae147aep+6, 
0x1.b77ae147ae148p+6, 0x1.b10a3d70a3d71p+6, 0x1.aeb851eb851ecp+6, 
0x1.b1d70a3d70a3dp+6, 0x1.adae147ae147bp+6, 0x1.ab9999999999ap+6, 
0x1.ac33333333333p+6, 0x1.ad9999999999ap+6, 0x1.bp+6, 0x1.b2147ae147ae1p+6, 
0x1.b333333333333p+6, 0x1.adf5c28f5c28fp+6, 0x1.abf5c28f5c28fp+6, 
0x1.ac28f5c28f5c3p+6, 0x1.aa5c28f5c28f6p+6, 0x1.a0147ae147ae1p+6, 
0x1.8e70a3d70a3d7p+6, 0x1.8deb851eb851fp+6, 0x1.940a3d70a3d71p+6, 
0x1.927ae147ae148p+6, 0x1.9a33333333333p+6, 0x1.9a5c28f5c28f6p+6, 
0x1.96d70a3d70a3dp+6, 0x1.93ae147ae147bp+6, 0x1.8a47ae147ae14p+6, 
0x1.893d70a3d70a4p+6, 0x1.865c28f5c28f6p+6, 0x1.8428f5c28f5c3p+6, 
0x1.78ccccccccccdp+6, 0x1.725c28f5c28f6p+6, 0x1.73a3d70a3d70ap+6, 
0x1.77f5c28f5c28fp+6, 0x1.7da3d70a3d70ap+6, 0x1.8366666666666p+6, 
0x1.82851eb851eb8p+6, 0x1.7cp+6, 0x1.80e147ae147aep+6, 0x1.815c28f5c28f6p+6, 
