structure(list(period_id = c("2005Q1", "2005Q2", "2005Q3", "2005Q4", 
"2006Q1", "2006Q2", "2006Q3", "2006Q4", "2007Q1", "2007Q2", "2007Q3", 
"2007Q4", "2008Q1", "2008Q2", "2008Q3", "2008Q4", "2009Q1", "2009Q2", 
"2009Q3", "2009Q4", "2010Q1", "2010Q2", "2010Q3", "2010Q4", "2011Q1", 
"2011Q2", "2011Q3", "2011Q4", "2012Q1", "2012Q2", "2012Q3", "2012Q4", 
"2013Q1", "2013Q2", "2013Q3", "2013Q4", "2014Q1", "2014Q2", "2014Q3", 
"2014Q4", "2015Q1", "2015Q2", "2015Q3", "2015Q4", "2016Q1", "2016Q2", 
"2016Q3", "2016Q4", "2017Q1", "2017Q2", "2017Q3", "2017Q4", "2018Q1", 
"2018Q2", "2018Q3", "2018Q4", "2019Q1", "2019Q2", "2019Q3", "2019Q4", 
"2020Q1", "2020Q2", "2020Q3", "2020Q4", "2021Q1", "2021Q2", "2021Q3", 
"2021Q4", "2022Q1", "2022Q2", "2022Q3", "2022Q4", "2023Q1", "2023Q2", 
"2023Q3", "2023Q4", "2024Q1", "2024Q2", "2024Q3", "2024Q4", "2025Q1"
), value = c(0x1.8f98ef7c243ddp+12, 0x1.c7fb2513b5bf7p+12, 0x1.c85fdcf13ceeap+12, 
0x1.d109416df3f96p+12, 0x1.af2617689ca19p+12, 0x1.ea90bc1eff9f8p+12, 
0x1.e5207141205bcp+12, 0x1.fe567254e6e22p+12, 0x1.e19c9ba0a5269p+12, 
0x1.0bb0210f94c88p+13, 0x1.0dd5a34c1a8acp+13, 0x1.18052f965b20cp+13, 
0x1.053614528283dp+13, 0x1.26369437c5693p+13, 0x1.26a533519bd4p+13, 
0x1.203aa2834d27p+13, 0x1.f50ed9e40c847p+12, 0x1.1653af4a558eap+13, 
0x1.140c328e0c9dap+13, 0x1.1af830c88a47fp+13, 0x1.ffcff13165d3ap+12, 
0x1.1795e290eed03p+13, 0x1.18b1d351159c5p+13, 0x1.1d887e321a2e8p+13, 
0x1.0d7e95b1422cdp+13, 0x1.1f1cff822bbedp+13, 0x1.1a9fa8858ff76p+13, 
0x1.1c2fa65f0f5a1p+13, 0x1.0a136ebf65dcp+13, 0x1.14e96584f4c6ep+13, 
0x1.14133127f5e85p+13, 0x1.1364a48b65237p+13, 0x1.01dc6e4217d28p+13, 
0x1.180ddebd09e13p+13, 0x1.16300c6cdaf4bp+13, 0x1.1c386bf8769ecp+13, 
0x1.0f0c0f74cd317p+13, 0x1.250dd84ba0e84p+13, 0x1.241be8e71476bp+13, 
0x1.221bbf9591cd2p+13, 0x1.112b3abead4f6p+13, 0x1.218eefe47991cp+13, 
0x1.27e205668c261p+13, 0x1.27fd195aaf79p+13, 0x1.1c6ef1244a622p+13, 
0x1.3001d2a497fa6p+13, 0x1.346afa7653437p+13, 0x1.35cbd49e01de2p+13, 
0x1.2efe10268900cp+13, 0x1.430fd4f1e4b45p+13, 0x1.4ecc1ed6ba8c6p+13, 
0x1.5465fe57d9dbbp+13, 0x1.45f0c90a350d3p+13, 0x1.59ca0807357e6p+13, 
0x1.664edc8fb86f4p+13, 0x1.6aa259e6ab9b2p+13, 0x1.5bedd0470a809p+13, 
0x1.6c77ca18bd662p+13, 0x1.7c46b9f4d37c1p+13, 0x1.7b71ac2a454dep+13, 
0x1.6328214b599aap+13, 0x1.4f8e4b228dc98p+13, 0x1.714f3ef6b5d46p+13, 
0x1.7e642146a1a5p+13, 0x1.69422eaf251c2p+13, 0x1.87cceab14ec2p+13, 
0x1.9e896a12f9011p+13, 0x1.a6c0340b34e77p+13, 0x1.89cb11476af8ap+13, 
0x1.ae9d68ce703bp+13, 0x1.c35157fe8ee6cp+13, 0x1.c3b77f609dcf9p+13, 
0x1.c690d1db445edp+13, 0x1.f30cd1f81a587p+13, 0x1.ef5701a8ac5c1p+13, 
0x1.fe393ebf22c02p+13, 0x1.e548cf7fcfc4p+13, 0x1.062e30b417ca2p+14, 
0x1.05275fc1df33p+14, 0x1.090c3da059a74p+14, 0x1.ef455ef177a7p+13
)), class = "data.frame", row.names = c(NA, -81L))
