structure(list(period_id = c("2000", "2001", "2002", "2003", 
"2004", "2005", "2006", "2007", "2008", "2009", "2010", "2011", 
"2012", "2013", "2014", "2015", "2016", "2017", "2018", "2019", 
"2020", "2021", "2022"), value = c(0x1.33da07f66e86cp+7, 0x1.260d946c332fp+7, 
0x1.7e5eb0318b934p+7, 0x1.7863779e9d0eap+7, 0x1.bebbb05faebc4p+7, 
0x1.060d1c2a02321p+8, 0x1.6ad4947064ecfp+8, 0x1.9915e17e34b94p+8, 
0x1.b57c763a19008p+8, 0x1.32dfa3b9ae0c1p+8, 0x1.b30e045baf534p+7, 
0x1.e211a36e2eb1cp+6, 0x1.0e33571d1d474p+7, 0x1.de7604e1e7104p+6, 
0x1.17d463065f959p+7, 0x1.56742352eb5f6p+7, 0x1.8b4de225fa659p+7, 
0x1.11671950331e4p+8, 0x1.023547bedb728p+8, 0x1.204d0a88effe3p+8, 
0x1.1b5756fb8f57fp+8, 0x1.6e9a5918a009fp+8, 0x1.b1421af7d30adp+8
)), class = "data.frame", row.names = c(NA, -23L))
