structure(list(period_id = c("1995Q1", "1995Q2", "1995Q3", "1995Q4", 
"1996Q1", "1996Q2", "1996Q3", "1996Q4", "1997Q1", "1997Q2", "1997Q3", 
"1997Q4", "1998Q1", "1998Q2", "1998Q3", "1998Q4", "1999Q1", "1999Q2", 
"1999Q3", "1999Q4", "2000Q1", "2000Q2", "2000Q3", "2000Q4", "2001Q1", 
"2001Q2", "2001Q3", "2001Q4", "2002Q1", "2002Q2", "2002Q3", "2002Q4", 
"2003Q1", "2003Q2", "2003Q3", "2003Q4", "2004Q1", "2004Q2", "2004Q3", 
"2004Q4", "2005Q1", "2005Q2", "2005Q3", "2005Q4", "2006Q1", "2006Q2", 
"2006Q3", "2006Q4", "2007Q1", "2007Q2", "2007Q3", "2007Q4", "2008Q1", 
"2008Q2", "2008Q3", "2008Q4", "2009Q1", "2009Q2", "2009Q3", "2009Q4", 
"2010Q1", "2010Q2", "2010Q3", "2010Q4", "2011Q1", "2011Q2", "2011Q3", 
"2011Q4", "2012Q1", "2012Q2", "2012Q3", "2012Q4", "2013Q1", "2013Q2", 
"2013Q3", "2013Q4", "2014Q1", "2014Q2", "2014Q3", "2014Q4", "2015Q1", 
"2015Q2", "2015Q3", "2015Q4", "2016Q1", "2016Q2", "2016Q3", "2016Q4", 
"2017Q1", "2017Q2", "2017Q3", "2017Q4", "2018Q1", "2018Q2", "2018Q3", 
"2018Q4", "2019Q1", "2019Q2", "2019Q3", "2019Q4", "2020Q1", "2020Q2", 
"2020Q3", "2020Q4", "2021Q1", "2021Q2", "2021Q3", "2021Q4", "2022Q1", 
"2022Q2", "2022Q3", "2022Q4", "2023Q1", "2023Q2", "2023Q3", "2023Q4", 
"2024Q1", "2024Q2", "2024Q3", "2024Q4", "2025Q1", "2025Q2"), 
    value = c(0x1.18f3ef416bdb2p+9, 0x1.20d53e468cac5p+9, 0x1.2e25c0229a5ecp+9, 
    0x1.3e6ebd66277c4p+9, 0x1.4609313be22e6p+9, 0x1.523eefed63455p+9, 
    0x1.583385e80bed7p+9, 0x1.616c1a8262457p+9, 0x1.6e6255c0fcb4fp+9, 
    0x1.7c0aad4f5903ap+9, 0x1.8dfec0f01fb83p+9, 0x1.938d9a2834d27p+9, 
    0x1.9bfc9717df19dp+9, 0x1.9f51f77292c49p+9, 0x1.a3f4ffda4052dp+9, 
    0x1.ae91f91e646f1p+9, 0x1.bc4615db3397ep+9, 0x1.ca2f1cb89d6aep+9, 
    0x1.d6476262cba73p+9, 0x1.e307f8a0902dep+9, 0x1.f26be9856a37bp+9, 
    0x1.fc2565ba6efc3p+9, 0x1.05cb4738a3b58p+10, 0x1.0ebc6f9767903p+10, 
    0x1.14d61f9f01b86p+10, 0x1.2180cbaf965b2p+10, 0x1.299f132724313p+10, 
    0x1.30c816c1e364cp+10, 0x1.353e9b8023a6dp+10, 0x1.376bded288ce7p+10, 
    0x1.3c5818b934699p+10, 0x1.42cd32ebe596dp+10, 0x1.4c5528522ea1p+10, 
    0x1.53928605681edp+10, 0x1.590137542a23cp+10, 0x1.5c02a459103c9p+10, 
    0x1.5b4f966be7afap+10, 0x1.5fae91b823c86p+10, 0x1.614ba077036cap+10, 
    0x1.65945b9a5a89cp+10, 0x1.6e77b69984a0ep+10, 0x1.705103c8e25c8p+10, 
    0x1.765d5e99e94abp+10, 0x1.7ac05a921ccd9p+10, 0x1.7b36a63736cdfp+10, 
    0x1.7e413a3a8e714p+10, 0x1.827e8bb4d4888p+10, 0x1.840df52fc2657p+10, 
    0x1.8cfce12620254p+10, 0x1.9b1ed0247021dp+10, 0x1.a636dcfcc5b8ep+10, 
    0x1.b9ab76e6106abp+10, 0x1.c618964a59c06p+10, 0x1.cd4dfb9bed30fp+10, 
    0x1.d41ad041cc533p+10, 0x1.cf1e566490a35p+10, 0x1.d4a1d1c3ac92ap+10, 
    0x1.db570dd3fe197p+10, 0x1.e38bd7d3910c3p+10, 0x1.f1fdafb7e91p+10, 
    0x1.f5a3a0663c75p+10, 0x1.ffc72ea0fd3b3p+10, 0x1.0448bccd0fe8bp+11, 
    0x1.07264382a12f9p+11, 0x1.09ebe175d13d7p+11, 0x1.0d6b5933e35c6p+11, 
    0x1.0eee57e23f24ep+11, 0x1.139815ebfa8f8p+11, 0x1.1788fe86833c6p+11, 
    0x1.17f779ebe9c88p+11, 0x1.1848ecd8dbcedp+11, 0x1.168634a44c7bp+11, 
    0x1.13966f0cfe154p+11, 0x1.10f846ef3d3a2p+11, 0x1.109b8fb43d89dp+11, 
    0x1.10d488c8259e2p+11, 0x1.1270f6b3bb83dp+11, 0x1.10f5a7829068ap+11, 
    0x1.0f98b8066c2adp+11, 0x1.0ed9849ecb31cp+11, 0x1.0c79e60e51d26p+11, 
    0x1.0cde371b8aap+11, 0x1.0c864fa69be0ap+11, 0x1.0bd8d8a548238p+11, 
    0x1.0b8cf51efb6ddp+11, 0x1.0e481d9f4d37cp+11, 0x1.1136a87e38ebp+11, 
    0x1.116c39ae0c176p+11, 0x1.14e8dfa00e27ep+11, 0x1.1582ffed20297p+11, 
    0x1.15d162d83c6c9p+11, 0x1.1b8543fa2ad3fp+11, 0x1.2023117f8444ap+11, 
    0x1.22fb1b2c40d0bp+11, 0x1.28ac67f0aa21ap+11, 0x1.2dcade0b4e11ep+11, 
    0x1.314c6d9dfdac7p+11, 0x1.397365b63d3e5p+11, 0x1.3be54d834091cp+11, 
    0x1.38cba1426fe72p+11, 0x1.34274acd184c2p+11, 0x1.0cc855043e532p+11, 
    0x1.2d1aed84d338fp+11, 0x1.1cc81422ccb3ap+11, 0x1.28b07bb949625p+11, 
    0x1.363e1392189bep+11, 0x1.45f8ab0ea1837p+11, 0x1.54b7623f24d9p+11, 
    0x1.64a3cedf6124p+11, 0x1.8bc47b45f17bep+11, 0x1.9602ae83a109dp+11, 
    0x1.9d3e06b15f89p+11, 0x1.96ad41f85d745p+11, 0x1.96121bcba3012p+11, 
    0x1.98b138f57f738p+11, 0x1.96575953586cbp+11, 0x1.9b8594ccab3eep+11, 
    0x1.997ea7e308787p+11, 0x1.961b89d0635a4p+11, 0x1.98d321ee67514p+11, 
    0x1.9eed8a0d349bfp+11, 0x1.a565a38da3c21p+11)), class = "data.frame", row.names = c(NA, 
-122L))
