structure(list(period_id = c("2005M01", "2005M02", "2005M03", 
"2005M04", "2005M05", "2005M06", "2005M07", "2005M08", "2005M09", 
"2005M10", "2005M11", "2005M12", "2006M01", "2006M02", "2006M03", 
"2006M04", "2006M05", "2006M06", "2006M07", "2006M08", "2006M09", 
"2006M10", "2006M11", "2006M12", "2007M01", "2007M02", "2007M03", 
"2007M04", "2007M05", "2007M06", "2007M07", "2007M08", "2007M09", 
"2007M10", "2007M11", "2007M12", "2008M01", "2008M02", "2008M03", 
"2008M04", "2008M05", "2008M06", "2008M07", "2008M08", "2008M09", 
"2008M10", "2008M11", "2008M12", "2009M01", "2009M02", "2009M03", 
"2009M04", "2009M05", "2009M06", "2009M07", "2009M08", "2009M09", 
"2009M10", "2009M11", "2009M12", "2010M01", "2010M02", "2010M03", 
"2010M04", "2010M05", "2010M06", "2010M07", "2010M08", "2010M09", 
"2010M10", "2010M11", "2010M12", "2011M01", "2011M02", "2011M03", 
"2011M04", "2011M05", "2011M06", "2011M07", "2011M08", "2011M09", 
"2011M10", "2011M11", "2011M12", "2012M01", "2012M02", "2012M03", 
"2012M04", "2012M05", "2012M06", "2012M07", "2012M08", "2012M09", 
"2012M10", "2012M11", "2012M12", "2013M01", "2013M02", "2013M03", 
"2013M04", "2013M05", "2013M06", "2013M07", "2013M08", "2013M09", 
"2013M10", "2013M11", "2013M12", "2014M01", "2014M02", "2014M03", 
"2014M04", "2014M05", "2014M06", "2014M07", "2014M08", "2014M09", 
"2014M10", "2014M11", "2014M12", "2015M01", "2015M02", "2015M03", 
"2015M04", "2015M05", "2015M06", "2015M07", "2015M08", "2015M09", 
"2015M10"), value = c(0x1.f695c28f5c28fp+9, 0x1.eb75c28f5c28fp+9, 
0x1.00ff5c28f5c29p+10, 0x1.fbecccccccccdp+9, 0x1.ff86666666666p+9, 
0x1.fb3999999999ap+9, 0x1.fa11eb851eb85p+9, 0x1.0598f5c28f5c3p+10, 
0x1.0448f5c28f5c3p+10, 0x1.0621eb851eb85p+10, 0x1.2a628f5c28f5cp+10, 
0x1.14470a3d70a3dp+10, 0x1.0a3a3d70a3d71p+10, 0x1.04a3333333333p+10, 
0x1.102p+10, 0x1.07c1eb851eb85p+10, 0x1.0feb851eb851fp+10, 0x1.0e9b851eb851fp+10, 
0x1.0a370a3d70a3dp+10, 0x1.13651eb851eb8p+10, 0x1.0fc28f5c28f5cp+10, 
0x1.16170a3d70a3dp+10, 0x1.4343d70a3d70ap+10, 0x1.2097ae147ae14p+10, 
0x1.1d9f5c28f5c29p+10, 0x1.1248f5c28f5c3p+10, 0x1.1d551eb851eb8p+10, 
0x1.1933333333333p+10, 0x1.1e7147ae147aep+10, 0x1.1c7a3d70a3d71p+10, 
0x1.1d3999999999ap+10, 0x1.23a851eb851ecp+10, 0x1.1d6cccccccccdp+10, 
0x1.295147ae147aep+10, 0x1.57770a3d70a3dp+10, 0x1.33d3d70a3d70ap+10, 
0x1.310eb851eb852p+10, 0x1.2ca28f5c28f5cp+10, 0x1.361e147ae147bp+10, 
0x1.379147ae147aep+10, 0x1.366cccccccccdp+10, 0x1.36e147ae147aep+10, 
0x1.3918f5c28f5c3p+10, 0x1.37f8f5c28f5c3p+10, 0x1.3ae851eb851ecp+10, 
0x1.3f4e147ae147bp+10, 0x1.5bd70a3d70a3dp+10, 0x1.46f70a3d70a3dp+10, 
0x1.3a23d70a3d70ap+10, 0x1.311999999999ap+10, 0x1.3d71eb851eb85p+10, 
0x1.3aep+10, 0x1.38e47ae147ae1p+10, 0x1.3c4eb851eb852p+10, 0x1.3e88f5c28f5c3p+10, 
0x1.3a5a3d70a3d71p+10, 0x1.3f8b851eb851fp+10, 0x1.43dd70a3d70a4p+10, 
0x1.62f0a3d70a3d7p+10, 0x1.4dfeb851eb852p+10, 0x1.43a6666666666p+10, 
0x1.3fa999999999ap+10, 0x1.581c28f5c28f6p+10, 0x1.5035c28f5c28fp+10, 
0x1.4bb999999999ap+10, 0x1.5103d70a3d70ap+10, 0x1.4f747ae147ae1p+10, 
0x1.50cd70a3d70a4p+10, 0x1.4f528f5c28f5cp+10, 0x1.50ee147ae147bp+10, 
0x1.765a3d70a3d71p+10, 0x1.5d1p+10, 0x1.52c7ae147ae14p+10, 0x1.5453333333333p+10, 
0x1.5e0eb851eb852p+10, 0x1.565f5c28f5c29p+10, 0x1.576b851eb851fp+10, 
0x1.58a5c28f5c28fp+10, 0x1.51cd70a3d70a4p+10, 0x1.5ba6666666666p+10, 
0x1.568f5c28f5c29p+10, 0x1.56e3d70a3d70ap+10, 0x1.803147ae147aep+10, 
0x1.5edd70a3d70a4p+10, 0x1.5adb851eb851fp+10, 0x1.5a2d70a3d70a4p+10, 
0x1.5f7851eb851ecp+10, 0x1.587999999999ap+10, 0x1.5d2999999999ap+10, 
0x1.55ad70a3d70a4p+10, 0x1.575e147ae147bp+10, 0x1.5c747ae147ae1p+10, 
0x1.52af5c28f5c29p+10, 0x1.5d4ae147ae148p+10, 0x1.7a728f5c28f5cp+10, 
0x1.5da3d70a3d70ap+10, 0x1.5d4851eb851ecp+10, 0x1.574cccccccccdp+10, 
0x1.5e3b851eb851fp+10, 0x1.5c8p+10, 0x1.5cbae147ae148p+10, 0x1.55bp+10, 
0x1.5b85c28f5c28fp+10, 0x1.5bc8f5c28f5c3p+10, 0x1.57e6666666666p+10, 
0x1.6011eb851eb85p+10, 0x1.7f7c28f5c28f6p+10, 0x1.64628f5c28f5cp+10, 
0x1.6355c28f5c28fp+10, 0x1.5f9e147ae147bp+10, 0x1.6290a3d70a3d7p+10, 
0x1.60b7ae147ae14p+10, 0x1.601999999999ap+10, 0x1.5dp+10, 0x1.63751eb851eb8p+10, 
0x1.5c43333333333p+10, 0x1.5d4999999999ap+10, 0x1.63b3d70a3d70ap+10, 
0x1.81551eb851eb8p+10, 0x1.6ae3333333333p+10, 0x1.6093d70a3d70ap+10, 
0x1.5e6p+10, 0x1.67ca3d70a3d71p+10, 0x1.635a3d70a3d71p+10, 0x1.5d0e147ae147bp+10, 
0x1.62270a3d70a3dp+10, 0x1.63070a3d70a3dp+10, 0x1.5e8ae147ae148p+10, 
0x1.5e5e147ae147bp+10, 0x1.63528f5c28f5cp+10)), class = "data.frame", row.names = c(NA, 
-130L))
