structure(list(period_id = c("1995Q1", "1995Q2", "1995Q3", "1995Q4", 
"1996Q1", "1996Q2", "1996Q3", "1996Q4", "1997Q1", "1997Q2", "1997Q3", 
"1997Q4", "1998Q1", "1998Q2", "1998Q3", "1998Q4", "1999Q1", "1999Q2", 
"1999Q3", "1999Q4", "2000Q1", "2000Q2", "2000Q3", "2000Q4", "2001Q1", 
"2001Q2", "2001Q3", "2001Q4", "2002Q1", "2002Q2", "2002Q3", "2002Q4", 
"2003Q1", "2003Q2", "2003Q3", "2003Q4", "2004Q1", "2004Q2", "2004Q3", 
"2004Q4", "2005Q1", "2005Q2", "2005Q3", "2005Q4", "2006Q1", "2006Q2", 
"2006Q3", "2006Q4", "2007Q1", "2007Q2", "2007Q3", "2007Q4", "2008Q1", 
"2008Q2", "2008Q3", "2008Q4", "2009Q1", "2009Q2", "2009Q3", "2009Q4", 
"2010Q1", "2010Q2", "2010Q3", "2010Q4", "2011Q1", "2011Q2", "2011Q3", 
"2011Q4", "2012Q1", "2012Q2", "2012Q3", "2012Q4", "2013Q1", "2013Q2", 
"2013Q3", "2013Q4", "2014Q1", "2014Q2", "2014Q3", "2014Q4", "2015Q1", 
"2015Q2", "2015Q3", "2015Q4", "2016Q1", "2016Q2", "2016Q3", "2016Q4", 
"2017Q1", "2017Q2", "2017Q3", "2017Q4", "2018Q1", "2018Q2", "2018Q3", 
"2018Q4", "2019Q1", "2019Q2", "2019Q3", "2019Q4", "2020Q1", "2020Q2", 
"2020Q3", "2020Q4", "2021Q1", "2021Q2", "2021Q3", "2021Q4", "2022Q1", 
"2022Q2", "2022Q3", "2022Q4", "2023Q1", "2023Q2", "2023Q3", "2023Q4", 
"2024Q1", "2024Q2", "2024Q3"), value = c(0x1.4e5c417870542p+7, 
0x1.75b48f7553693p+7, 0x1.716c1cc532a49p+7, 0x1.ef7c898f605abp+7, 
0x1.7b6b2096787cfp+7, 0x1.df68dcfcc5b8ep+7, 0x1.ce77b3b752114p+7, 
0x1.0d4d13404ea4bp+8, 0x1.d1cce746cb967p+7, 0x1.085015f45e0b5p+8, 
0x1.200fe8ee6b83p+8, 0x1.43bfaf42784a9p+8, 0x1.262f4091c0874p+8, 
0x1.26c8b9884c6a4p+8, 0x1.36cd6b228dc98p+8, 0x1.8220d2a1f8e3bp+8, 
0x1.50885729b280fp+8, 0x1.a7bae642bf983p+8, 0x1.654718eb89507p+8, 
0x1.c38d4df8b1572p+8, 0x1.61044bc27631bp+8, 0x1.7054b9cb6848cp+8, 
0x1.86cc8b545c78ap+8, 0x1.cce917c5ef63p+8, 0x1.8d0dcdd50a88fp+8, 
0x1.af6b588e368f1p+8, 0x1.bdbbf0dc768ep+8, 0x1.e1194f9c1f85dp+8, 
0x1.84bf65881a155p+8, 0x1.b2f4e38a7e73ap+8, 0x1.9d77b6dca07f6p+8, 
0x1.04e79463cfb33p+9, 0x1.9e4538cda6e76p+8, 0x1.d07dfd8adab9fp+8, 
0x1.dff0780fdc161p+8, 0x1.1d7119934efccp+9, 0x1.be787e9d94d0ep+8, 
0x1.0227d56f32bdcp+9, 0x1.f15c7d2c7b891p+8, 0x1.31fcec0f88334p+9, 
0x1.c3e6854477ff1p+8, 0x1.0602a00192a73p+9, 0x1.14710e6f2e8cp+9, 
0x1.6968e6299524cp+9, 0x1.1155240746456p+9, 0x1.3264980b24207p+9, 
0x1.44ececb74ddf8p+9, 0x1.9e507cc7d1bb5p+9, 0x1.2c7482d7b634ep+9, 
0x1.500697204295ap+9, 0x1.4bd7019f3c70dp+9, 0x1.9101a437824d5p+9, 
0x1.53b31e9f27781p+9, 0x1.8631a4f00ef13p+9, 0x1.7138054ef459ep+9, 
0x1.86787a398201dp+9, 0x1.0a9f640639d5ep+9, 0x1.12391b36bd2b7p+9, 
0x1.0798107314ca9p+9, 0x1.2eefa3e39f773p+9, 0x1.a6f7ecbb7f9d7p+8, 
0x1.02d2a960b6fap+9, 0x1.e4515347a5b1p+8, 0x1.3f8aa925fe975p+9, 
0x1.049ab6d00b45bp+9, 0x1.1a7a475e6362ap+9, 0x1.0ed632e3821afp+9, 
0x1.3482ccbc05d53p+9, 0x1.048f41205bc02p+9, 0x1.0774b239a38fcp+9, 
0x1.f8ac6573215fdp+8, 0x1.1695fa4c61d86p+9, 0x1.38f4fecdd0d8dp+9, 
0x1.3770e6299524cp+9, 0x1.0c1dab430f495p+9, 0x1.18a5b7952d235p+9, 
0x1.046bd00f776c5p+9, 0x1.055aad601ffb5p+9, 0x1.f71cea39c51dbp+8, 
0x1.0bd95b8993922p+9, 0x1.f516f5caf2d8p+8, 0x1.02388259e1f3ap+9, 
0x1.01e9dd334c5dap+9, 0x1.1b11f034b0e1bp+9, 0x1.0020c97d8cf3ap+9, 
0x1.143c385404641p+9, 0x1.06c248e8a71dep+9, 0x1.2d7f2c40d0aaap+9, 
0x1.1ff706a2b1705p+9, 0x1.3d626c5d206c8p+9, 0x1.2b58307f23cc9p+9, 
0x1.540064c2f837bp+9, 0x1.501094bbe4474p+9, 0x1.60955b8130165p+9, 
0x1.552f7a0b5ed8dp+9, 0x1.7222c9afe1da8p+9, 0x1.6d82fe79ee02ap+9, 
0x1.718e6ef3d3a1dp+9, 0x1.6b7083126e979p+9, 0x1.6dc79f2ba9d1fp+9, 
0x1.4e3143f1c7582p+9, 0x1.27c0b018611fdp+9, 0x1.4a0034fc610f1p+9, 
0x1.5dc74f82f5126p+9, 0x1.7fbaca600b029p+9, 0x1.9cd73a1d323ffp+9, 
0x1.8e88ad9ad85ep+9, 0x1.ad4967c286f8bp+9, 0x1.ca1cbfc2224eep+9, 
0x1.c9f9da9435ac9p+9, 0x1.c2ce41dd1a21fp+9, 0x1.adc2dc1a47a9ep+9, 
0x1.fd444fd2a62aap+9, 0x1.e7550446b69dbp+9, 0x1.bed253f39d1b3p+9, 
0x1.c41062ed35222p+9, 0x1.f97f31c219eb6p+9, 0x1.dc4b5d9a0f0a6p+9, 
0x1.b80a1ee675148p+9)), class = "data.frame", row.names = c(NA, 
-119L))
