structure(list(period_id = c("1995Q1", "1995Q2", "1995Q3", "1995Q4", 
"1996Q1", "1996Q2", "1996Q3", "1996Q4", "1997Q1", "1997Q2", "1997Q3", 
"1997Q4", "1998Q1", "1998Q2", "1998Q3", "1998Q4", "1999Q1", "1999Q2", 
"1999Q3", "1999Q4", "2000Q1", "2000Q2", "2000Q3", "2000Q4", "2001Q1", 
"2001Q2", "2001Q3", "2001Q4", "2002Q1", "2002Q2", "2002Q3", "2002Q4", 
"2003Q1", "2003Q2", "2003Q3", "2003Q4", "2004Q1", "2004Q2", "2004Q3", 
"2004Q4", "2005Q1", "2005Q2", "2005Q3", "2005Q4", "2006Q1", "2006Q2", 
"2006Q3", "2006Q4", "2007Q1", "2007Q2", "2007Q3", "2007Q4", "2008Q1", 
"2008Q2", "2008Q3", "2008Q4", "2009Q1", "2009Q2", "2009Q3", "2009Q4", 
"2010Q1", "2010Q2", "2010Q3", "2010Q4", "2011Q1", "2011Q2", "2011Q3", 
"2011Q4", "2012Q1", "2012Q2", "2012Q3", "2012Q4", "2013Q1", "2013Q2", 
"2013Q3", "2013Q4", "2014Q1", "2014Q2", "2014Q3", "2014Q4", "2015Q1", 
"2015Q2", "2015Q3", "2015Q4", "2016Q1", "2016Q2", "2016Q3", "2016Q4", 
"2017Q1", "2017Q2", "2017Q3", "2017Q4", "2018Q1", "2018Q2", "2018Q3", 
"2018Q4", "2019Q1", "2019Q2", "2019Q3", "2019Q4", "2020Q1", "2020Q2", 
"2020Q3", "2020Q4", "2021Q1", "2021Q2", "2021Q3", "2021Q4", "2022Q1", 
"2022Q2", "2022Q3", "2022Q4", "2023Q1", "2023Q2", "2023Q3", "2023Q4", 
"2024Q1", "2024Q2", "2024Q3", "2024Q4", "2025Q1"), value = c(0x1.1d853a604e1e7p+8, 
0x1.22df6ff3ade22p+8, 0x1.24918cc144029p+8, 0x1.392250b52439ap+8, 
0x1.4eb3631b584b2p+8, 0x1.591bbe22e5de1p+8, 0x1.670b9a9da597dp+8, 
0x1.6f494a90470a8p+8, 0x1.7112e3d5fdcdfp+8, 0x1.8a0e487336588p+8, 
0x1.888d22856605fp+8, 0x1.97cbc5ef62f9dp+8, 0x1.9b753fc0096ffp+8, 
0x1.89289d6adf71fp+8, 0x1.9a7170b49e01ep+8, 0x1.8b156c2efd439p+8, 
0x1.8a02e1049236p+8, 0x1.907e63d816acfp+8, 0x1.8cda91b823c86p+8, 
0x1.a330a42aed139p+8, 0x1.b2d25aee631f9p+8, 0x1.c5e833e78e193p+8, 
0x1.df9cb039ef0f1p+8, 0x1.f024b0af5fd48p+8, 0x1.064028fe260b3p+9, 
0x1.0a08c54bcf0b7p+9, 0x1.156e9d30270f4p+9, 0x1.14d45471715c6p+9, 
0x1.1fa4c6a3bddfdp+9, 0x1.2fb322749f0e5p+9, 0x1.357f58d9b5e96p+9, 
0x1.3fc6661283904p+9, 0x1.3356bc05d52c1p+9, 0x1.432fdd6e04c06p+9, 
0x1.4678560c7c0f4p+9, 0x1.51cb950b955f8p+9, 0x1.60a758d1526d9p+9, 
0x1.6a56d130df9bep+9, 0x1.7647f034b0e1bp+9, 0x1.83e8ce703afb8p+9, 
0x1.86324fa05143cp+9, 0x1.91bd244a6223ep+9, 0x1.af4e68f4b61fep+9, 
0x1.ae7285985ad54p+9, 0x1.ac8899392189cp+9, 0x1.bd18782906898p+9, 
0x1.d73981c714fcep+9, 0x1.db9abfa0945fap+9, 0x1.00e6b04ab606bp+10, 
0x1.07053311a543fp+10, 0x1.14723810e8859p+10, 0x1.155c42784a948p+10, 
0x1.347e09b30728fp+10, 0x1.461d4a2fcefaap+10, 0x1.39ad316a05575p+10, 
0x1.4bc1feda66128p+10, 0x1.1563dc981beb2p+10, 0x1.12aa9491f2dc3p+10, 
0x1.14e54dcebfec1p+10, 0x1.257334267839dp+10, 0x1.1f3d88a8b08ddp+10, 
0x1.22c78eda22f6ap+10, 0x1.2ca81cc532a49p+10, 0x1.32a968943e1p+10, 
0x1.32d49ed7c6fbdp+10, 0x1.37ed77318fc5p+10, 0x1.37adeb28d8666p+10, 
0x1.3dda83e425aeep+10, 0x1.40d75dbfceb79p+10, 0x1.3dbb2d1287c2p+10, 
0x1.465cb8561d43p+10, 0x1.4796b5f1bef4ap+10, 0x1.49c3b37867f0bp+10, 
0x1.4feed8c6d612cp+10, 0x1.54ad749f0e4dap+10, 0x1.4d36fb3743633p+10, 
0x1.587b2fcac8e69p+10, 0x1.68342a9930be1p+10, 0x1.680c4f50a02b8p+10, 
0x1.681e21294573ap+10, 0x1.6a817d41743e9p+10, 0x1.6f48ff4ba51ap+10, 
0x1.7637d887ebf23p+10, 0x1.7da6958537e2cp+10, 0x1.8c3813d31b9b6p+10, 
0x1.89a5864020818p+10, 0x1.98f59378ee286p+10, 0x1.a8e233721d53dp+10, 
0x1.c06ed330941c8p+10, 0x1.c514536501e26p+10, 0x1.d559da61e0c5bp+10, 
0x1.d69b32c1f42bbp+10, 0x1.e6955ee99a62fp+10, 0x1.edb86e8af8162p+10, 
0x1.fc8cb2d4d4025p+10, 0x1.08bb46f587d7p+11, 0x1.06593b9f127f6p+11, 
0x1.1214df9bdc6ap+11, 0x1.0b8cb82c2bd7fp+11, 0x1.109c086df82b2p+11, 
0x1.08e33d145d851p+11, 0x1.6e56639d5e4a4p+10, 0x1.977381beb1811p+10, 
0x1.c5a092d1287c2p+10, 0x1.d2eb95208e15p+10, 0x1.dc9107b784663p+10, 
0x1.13e91511dffc5p+11, 0x1.2c7dfa15db339p+11, 0x1.3bf95e80bed74p+11, 
0x1.5d2ab44c37e6fp+11, 0x1.6e63aba16e7a3p+11, 0x1.63b9c4e93e1cap+11, 
0x1.7808ce746cb96p+11, 0x1.727663369b9d8p+11, 0x1.6b0f03968d75ap+11, 
0x1.718a2b1b36bd3p+11, 0x1.771b2012599edp+11, 0x1.79a5362c77575p+11, 
0x1.89df11a975afbp+11, 0x1.8db8185f06f69p+11, 0x1.8c12c8909289ep+11
)), class = "data.frame", row.names = c(NA, -121L))
