structure(list(period_id = c("1995Q1", "1995Q2", "1995Q3", "1995Q4", 
"1996Q1", "1996Q2", "1996Q3", "1996Q4", "1997Q1", "1997Q2", "1997Q3", 
"1997Q4", "1998Q1", "1998Q2", "1998Q3", "1998Q4", "1999Q1", "1999Q2", 
"1999Q3", "1999Q4", "2000Q1", "2000Q2", "2000Q3", "2000Q4", "2001Q1", 
"2001Q2", "2001Q3", "2001Q4", "2002Q1", "2002Q2", "2002Q3", "2002Q4", 
"2003Q1", "2003Q2", "2003Q3", "2003Q4", "2004Q1", "2004Q2", "2004Q3", 
"2004Q4", "2005Q1", "2005Q2", "2005Q3", "2005Q4", "2006Q1", "2006Q2", 
"2006Q3", "2006Q4", "2007Q1", "2007Q2", "2007Q3", "2007Q4", "2008Q1", 
"2008Q2", "2008Q3", "2008Q4", "2009Q1", "2009Q2", "2009Q3", "2009Q4", 
"2010Q1", "2010Q2", "2010Q3", "2010Q4", "2011Q1", "2011Q2", "2011Q3", 
"2011Q4", "2012Q1", "2012Q2", "2012Q3", "2012Q4", "2013Q1", "2013Q2", 
"2013Q3", "2013Q4", "2014Q1", "2014Q2", "2014Q3", "2014Q4", "2015Q1", 
"2015Q2", "2015Q3", "2015Q4", "2016Q1", "2016Q2", "2016Q3", "2016Q4", 
"2017Q1", "2017Q2", "2017Q3", "2017Q4", "2018Q1", "2018Q2", "2018Q3", 
"2018Q4", "2019Q1", "2019Q2", "2019Q3", "2019Q4", "2020Q1", "2020Q2", 
"2020Q3", "2020Q4", "2021Q1", "2021Q2", "2021Q3", "2021Q4", "2022Q1", 
"2022Q2", "2022Q3", "2022Q4", "2023Q1", "2023Q2", "2023Q3", "2023Q4", 
"2024Q1", "2024Q2", "2024Q3"), value = c(0x1.c91466559f6ecp+9, 
0x1.b9d7a77e5eaabp+9, 0x1.c13c16616b54ep+9, 0x1.d9f7d20f2becfp+9, 
0x1.f460616b54e2bp+9, 0x1.084547f562175p+10, 0x1.0ad0382e44b6fp+10, 
0x1.11501719f7f8dp+10, 0x1.19349dcf893fbp+10, 0x1.3363b673c4f3cp+10, 
0x1.42e8e9ccb7d41p+10, 0x1.55310008637bdp+10, 0x1.5add6fc158fb4p+10, 
0x1.607430a91537ap+10, 0x1.60a41600f345p+10, 0x1.628f2b7baecdp+10, 
0x1.5a39b37867f0bp+10, 0x1.61d113404ea4bp+10, 0x1.79a99e5e24788p+10, 
0x1.8fb6b20fb224bp+10, 0x1.ad7ab4aa9717ep+10, 0x1.cf82ec8d5c747p+10, 
0x1.e9643d640e9d5p+10, 0x1.072ce38eb0319p+11, 0x1.10169531550cap+11, 
0x1.1462516fc9bc7p+11, 0x1.17ec003686a4dp+11, 0x1.179d4628027d9p+11, 
0x1.2c9b627bf61aap+11, 0x1.33531ab29e4d6p+11, 0x1.3af0d434a01acp+11, 
0x1.3f114b74ddf87p+11, 0x1.4022d44135547p+11, 0x1.4070bb384fd2ap+11, 
0x1.4b691c219eb64p+11, 0x1.510840cc78e9fp+11, 0x1.5b1d7f9f87f02p+11, 
0x1.741d5d8f92afap+11, 0x1.87f52231832fdp+11, 0x1.8e2a096dd26b7p+11, 
0x1.97da2da122fadp+11, 0x1.ac4bf3c0c1fc9p+11, 0x1.c0d37dfc19c17p+11, 
0x1.d83968af81627p+11, 0x1.ec989c1d6cf85p+11, 0x1.01e7a3bff8a8fp+12, 
0x1.0a0cbdf19d66bp+12, 0x1.1e1f9f2778141p+12, 0x1.2891895d0b73dp+12, 
0x1.311050efdc9c5p+12, 0x1.3cac0ec95bffp+12, 0x1.3ac1e975afaf8p+12, 
0x1.46550eb24a6a8p+12, 0x1.41cecf4e874c9p+12, 0x1.4239e5215768ap+12, 
0x1.1d7b3b57c4e2fp+12, 0x1.f2cfda33bd9cbp+11, 0x1.ef13df3d7d391p+11, 
0x1.f7f3dbbe0157fp+11, 0x1.030da81344806p+12, 0x1.0bf856d0917d7p+12, 
0x1.1e7034e874c9p+12, 0x1.297a973a79789p+12, 0x1.2db6dea465a57p+12, 
0x1.40620f605ab3bp+12, 0x1.492cec0b56755p+12, 0x1.4babc051c9f73p+12, 
0x1.4c58bb0e5e679p+12, 0x1.4a4252f5dbb9dp+12, 0x1.4e37c4f3ba776p+12, 
0x1.4d645669ced0bp+12, 0x1.500d670e2c12bp+12, 0x1.4ea10d2f5dbbap+12, 
0x1.513d9b1960fa1p+12, 0x1.54a5d56b00ffep+12, 0x1.586784a72ead9p+12, 
0x1.58f52888b545cp+12, 0x1.5b63acdf266bap+12, 0x1.6c2e0189374bcp+12, 
0x1.74540c89b0ee5p+12, 0x1.6e3e38151a438p+12, 0x1.70600e3369b9dp+12, 
0x1.783394823854p+12, 0x1.7b5dca159817cp+12, 0x1.7dc4e369fcf3ep+12, 
0x1.7fddc3a647fdcp+12, 0x1.8656ae83a109dp+12, 0x1.9095c7c30d307p+12, 
0x1.aa6fb5ec80c74p+12, 0x1.b0f18ddc61954p+12, 0x1.c348963ed0f62p+12, 
0x1.d4c849613d31cp+12, 0x1.d4754a697aedep+12, 0x1.e1d27a0a52696p+12, 
0x1.e6516b430f495p+12, 0x1.f1b4cd2b2bfdbp+12, 0x1.f6cdc7d4e0978p+12, 
0x1.f982aebc408d9p+12, 0x1.f533b3721d53dp+12, 0x1.f06cc488c60ccp+12, 
0x1.ead38b242070cp+12, 0x1.8795a23d0bfa1p+12, 0x1.d495a0c38f367p+12, 
0x1.edbcbeae5bc88p+12, 0x1.02f218cf398e9p+13, 0x1.0b2984a515ceap+13, 
0x1.0db838ed1bf7bp+13, 0x1.2ba6d0e0a84bep+13, 0x1.3452276ea4229p+13, 
0x1.498ca852b4d8cp+13, 0x1.586e38ef34d6ap+13, 0x1.5343db2fec56dp+13, 
0x1.5346aac215b9ap+13, 0x1.495401f85d745p+13, 0x1.3271885985ad5p+13, 
0x1.42ffb7ebaf102p+13, 0x1.4715faa1d755cp+13, 0x1.465184be40421p+13, 
0x1.4d9c521144cbep+13)), class = "data.frame", row.names = c(NA, 
-119L))
