structure(list(period_id = c("1995Q1", "1995Q2", "1995Q3", "1995Q4", 
"1996Q1", "1996Q2", "1996Q3", "1996Q4", "1997Q1", "1997Q2", "1997Q3", 
"1997Q4", "1998Q1", "1998Q2", "1998Q3", "1998Q4", "1999Q1", "1999Q2", 
"1999Q3", "1999Q4", "2000Q1", "2000Q2", "2000Q3", "2000Q4", "2001Q1", 
"2001Q2", "2001Q3", "2001Q4", "2002Q1", "2002Q2", "2002Q3", "2002Q4", 
"2003Q1", "2003Q2", "2003Q3", "2003Q4", "2004Q1", "2004Q2", "2004Q3", 
"2004Q4", "2005Q1", "2005Q2", "2005Q3", "2005Q4", "2006Q1", "2006Q2", 
"2006Q3", "2006Q4", "2007Q1", "2007Q2", "2007Q3", "2007Q4", "2008Q1", 
"2008Q2", "2008Q3", "2008Q4", "2009Q1", "2009Q2", "2009Q3", "2009Q4", 
"2010Q1", "2010Q2", "2010Q3", "2010Q4", "2011Q1", "2011Q2", "2011Q3", 
"2011Q4", "2012Q1", "2012Q2", "2012Q3", "2012Q4", "2013Q1", "2013Q2", 
"2013Q3", "2013Q4", "2014Q1", "2014Q2", "2014Q3", "2014Q4", "2015Q1", 
"2015Q2", "2015Q3", "2015Q4", "2016Q1", "2016Q2", "2016Q3", "2016Q4", 
"2017Q1", "2017Q2", "2017Q3", "2017Q4", "2018Q1", "2018Q2", "2018Q3", 
"2018Q4", "2019Q1", "2019Q2", "2019Q3", "2019Q4", "2020Q1", "2020Q2", 
"2020Q3", "2020Q4", "2021Q1", "2021Q2", "2021Q3", "2021Q4", "2022Q1", 
"2022Q2", "2022Q3", "2022Q4", "2023Q1", "2023Q2", "2023Q3", "2023Q4", 
"2024Q1", "2024Q2", "2024Q3"), value = c(0x1.1d853a604e1e7p+8, 
0x1.22df6ff3ade22p+8, 0x1.24918cc144029p+8, 0x1.392250b52439ap+8, 
0x1.4eb3631b584b2p+8, 0x1.591bbe22e5de1p+8, 0x1.670b9a9da597dp+8, 
0x1.6f494a90470a8p+8, 0x1.7112e3d5fdcdfp+8, 0x1.8a0e487336588p+8, 
0x1.888d22856605fp+8, 0x1.97cbc5ef62f9dp+8, 0x1.9b753fc0096ffp+8, 
0x1.89289d6adf71fp+8, 0x1.9a7170b49e01ep+8, 0x1.8b156c2efd439p+8, 
0x1.8a02e1049236p+8, 0x1.907e63d816acfp+8, 0x1.8cda91b823c86p+8, 
0x1.a330a42aed139p+8, 0x1.b2d25aee631f9p+8, 0x1.c5e833e78e193p+8, 
0x1.df9cb039ef0f1p+8, 0x1.f024b0af5fd48p+8, 0x1.064028fe260b3p+9, 
0x1.0a08c54bcf0b7p+9, 0x1.156e9d30270f4p+9, 0x1.14d45471715c6p+9, 
0x1.1fa4c6a3bddfdp+9, 0x1.2fb322749f0e5p+9, 0x1.357f58d9b5e96p+9, 
0x1.3fc6661283904p+9, 0x1.3356bc05d52c1p+9, 0x1.432fdd6e04c06p+9, 
0x1.4678560c7c0f4p+9, 0x1.51cb950b955f8p+9, 0x1.60a758d1526d9p+9, 
0x1.6a56d130df9bep+9, 0x1.7647f034b0e1bp+9, 0x1.83e8ce703afb8p+9, 
0x1.86324fa05143cp+9, 0x1.91bd244a6223ep+9, 0x1.af4e68f4b61fep+9, 
0x1.ae7285985ad54p+9, 0x1.ac8899392189cp+9, 0x1.bd18782906898p+9, 
0x1.d73981c714fcep+9, 0x1.db9abfa0945fap+9, 0x1.00e6b04ab606bp+10, 
0x1.07053311a543fp+10, 0x1.14723810e8859p+10, 0x1.155c42784a948p+10, 
0x1.347e09b30728fp+10, 0x1.461d4a2fcefaap+10, 0x1.39ad316a05575p+10, 
0x1.4bc1feda66128p+10, 0x1.1563dc981beb2p+10, 0x1.12aa9491f2dc3p+10, 
0x1.14e54dcebfec1p+10, 0x1.257334267839dp+10, 0x1.1f37b67c286f9p+10, 
0x1.22c384ad794a7p+10, 0x1.2ca519157abb9p+10, 0x1.32a604c48adefp+10, 
0x1.32c9ec41dd1a2p+10, 0x1.37e4ec7c957cdp+10, 0x1.37a6d6d3b6cbep+10, 
0x1.3dd2b280f12c2p+10, 0x1.40cd41919ac79p+10, 0x1.3db2935760392p+10, 
0x1.46551248d7e02p+10, 0x1.478e003254e6ep+10, 0x1.49b9bbecaab8ap+10, 
0x1.4fe611f926c7fp+10, 0x1.54a57b17ce52ep+10, 0x1.4d2dacb428912p+10, 
0x1.5870cd5b6805ap+10, 0x1.682ad3804534cp+10, 0x1.6803f7e8038ap+10, 
0x1.68145d031055cp+10, 0x1.6a76831ad2136p+10, 0x1.6f3eddbdb5d89p+10, 
0x1.762f3f4a98aa8p+10, 0x1.7d9cf02c4d65ep+10, 0x1.8c2ba8049667bp+10, 
0x1.899a157eed45fp+10, 0x1.98ece5f30e7ffp+10, 0x1.a8d873eee5259p+10, 
0x1.c05eb1290257dp+10, 0x1.c506e8f29d40fp+10, 0x1.d55216b97fe8fp+10, 
0x1.d6927fbacb429p+10, 0x1.e67ebe4473cd5p+10, 0x1.eda9416bdb1a7p+10, 
0x1.fc8868a936c59p+10, 0x1.08b88724b76f7p+11, 0x1.064857bc7f77bp+11, 
0x1.120bc96ededafp+11, 0x1.0b8e8ef566491p+11, 0x1.109cbe3e29308p+11, 
0x1.08ca23422467cp+11, 0x1.6e471d4306e5dp+10, 0x1.97822cd39da16p+10, 
0x1.c5acc28f5c28fp+10, 0x1.d2a76a7ac81d4p+10, 0x1.dc749a06a6e33p+10, 
0x1.1401191148fdap+11, 0x1.2c92994e1a3f4p+11, 0x1.3bae093b7d849p+11, 
0x1.5d0c4a3832767p+11, 0x1.6ea6096feb4a6p+11, 0x1.63edbf91e646fp+11, 
0x1.776e46822ff09p+11, 0x1.72431615ebfa9p+11, 0x1.6b8ede7a743a6p+11, 
0x1.71ff73882278dp+11, 0x1.73b49f4906035p+11, 0x1.77ab7a398201dp+11, 
0x1.883150b73d189p+11)), class = "data.frame", row.names = c(NA, 
-119L))
