structure(list(period_id = c("2002M04", "2002M05", "2002M06", 
"2002M07", "2002M08", "2002M09", "2002M10", "2002M11", "2002M12", 
"2003M01", "2003M02", "2003M03", "2003M04", "2003M05", "2003M06", 
"2003M07", "2003M08", "2003M09", "2003M10", "2003M11", "2003M12", 
"2004M01", "2004M02", "2004M03", "2004M04", "2004M05", "2004M06", 
"2004M07", "2004M08", "2004M09", "2004M10", "2004M11", "2004M12", 
"2005M01", "2005M02", "2005M03", "2005M04", "2005M05", "2005M06", 
"2005M07", "2005M08", "2005M09", "2005M10", "2005M11", "2005M12", 
"2006M01", "2006M02", "2006M03", "2006M04", "2006M05", "2006M06", 
"2006M07", "2006M08", "2006M09", "2006M10", "2006M11", "2006M12", 
"2007M01", "2007M02", "2007M03", "2007M04", "2007M05", "2007M06", 
"2007M07", "2007M08", "2007M09", "2007M10", "2007M11", "2007M12", 
"2008M01", "2008M02", "2008M03", "2008M04", "2008M05", "2008M06", 
"2008M07", "2008M08", "2008M09", "2008M10", "2008M11", "2008M12", 
"2009M01", "2009M02", "2009M03", "2009M04", "2009M05", "2009M06", 
"2009M07", "2009M08", "2009M09", "2009M10", "2009M11", "2009M12", 
"2010M01", "2010M02", "2010M03", "2010M04", "2010M05", "2010M06", 
"2010M07", "2010M08", "2010M09", "2010M10", "2010M11", "2010M12", 
"2011M01", "2011M02", "2011M03", "2011M04", "2011M05", "2011M06", 
"2011M07", "2011M08", "2011M09", "2011M10", "2011M11", "2011M12", 
"2012M01", "2012M02", "2012M03", "2012M04", "2012M05", "2012M06", 
"2012M07", "2012M08", "2012M09", "2012M10", "2012M11", "2012M12", 
"2013M01", "2013M02", "2013M03", "2013M04", "2013M05", "2013M06", 
"2013M07", "2013M08", "2013M09", "2013M10", "2013M11", "2013M12", 
"2014M01", "2014M02", "2014M03", "2014M04", "2014M05", "2014M06", 
"2014M07", "2014M08", "2014M09", "2014M10", "2014M11", "2014M12", 
"2015M01", "2015M02", "2015M03", "2015M04", "2015M05", "2015M06", 
"2015M07", "2015M08", "2015M09", "2015M10", "2015M11", "2015M12", 
"2016M01", "2016M02", "2016M03", "2016M04", "2016M05", "2016M06", 
"2016M07", "2016M08", "2016M09", "2016M10", "2016M11", "2016M12", 
"2017M01", "2017M02", "2017M03", "2017M04", "2017M05", "2017M06", 
"2017M07", "2017M08", "2017M09", "2017M10", "2017M11", "2017M12", 
"2018M01", "2018M02", "2018M03", "2018M04", "2018M05", "2018M06", 
"2018M07", "2018M08", "2018M09", "2018M10", "2018M11", "2018M12", 
"2019M01", "2019M02", "2019M03", "2019M04", "2019M05", "2019M06", 
"2019M07", "2019M08", "2019M09", "2019M10", "2019M11", "2019M12", 
"2020M01", "2020M02", "2020M03", "2020M04", "2020M05", "2020M06", 
"2020M07", "2020M08", "2020M09", "2020M10", "2020M11", "2020M12", 
"2021M01", "2021M02", "2021M03", "2021M04", "2021M05", "2021M06", 
"2021M07", "2021M08", "2021M09", "2021M10", "2021M11", "2021M12", 
"2022M01", "2022M02", "2022M03", "2022M04", "2022M05", "2022M06", 
"2022M07", "2022M08", "2022M09", "2022M10", "2022M11", "2022M12", 
"2023M01", "2023M02", "2023M03", "2023M04", "2023M05", "2023M06", 
"2023M07", "2023M08", "2023M09", "2023M10", "2023M11", "2023M12", 
"2024M01", "2024M02", "2024M03", "2024M04", "2024M05", "2024M06", 
"2024M07", "2024M08", "2024M09", "2024M10", "2024M11", "2024M12", 
"2025M01", "2025M02", "2025M03", "2025M04", "2025M05", "2025M06", 
"2025M07"), value = c(NA, NA, NA, NA, NA, NA, NA, NA, NA, NA, 
NA, NA, NA, NA, NA, NA, NA, NA, NA, NA, NA, NA, NA, NA, NA, NA, 
NA, NA, NA, NA, NA, NA, NA, NA, NA, NA, NA, NA, NA, NA, NA, NA, 
NA, NA, NA, NA, NA, NA, NA, NA, NA, NA, NA, NA, NA, NA, NA, NA, 
NA, NA, NA, NA, NA, NA, NA, NA, NA, NA, NA, NA, NA, NA, NA, NA, 
NA, NA, NA, NA, NA, NA, NA, NA, NA, NA, NA, NA, NA, NA, NA, NA, 
NA, NA, NA, 0x1.9f311410d3eecp+2, 0x1.6be3e48b0b5fap+1, -0x1.c017254441aa4p+3, 
-0x1.9cc3a81915232p+3, -0x1.86cc5e97e954fp+2, -0x1.7cde84577792p+1, 
-0x1.be60b19ce2d2bp+0, -0x1.2c2d825e02838p+1, -0x1.b09f4a1fc345cp-3, 
-0x1.2a872c75900b3p+1, -0x1.72c094bf9c0bp-3, 0x1.d1797199c0f3ep-1, 
0x1.25c7e768621cbp+0, -0x1.5eb81095a0fcfp+0, 0x1.330384d5f9578p+1, 
0x1.292fe760d0391p+0, 0x1.3b2f2279c9e7ep+0, 0x1.775e4341c9232p+1, 
0x1.382850f24df53p+1, 0x1.165a531d336c9p+2, 0x1.bcc4db9d1855fp+1, 
0x1.9e1e679387e8bp+0, -0x1.5ca0adb202dbap+0, -0x1.c84dda3ce6aap+2, 
-0x1.42316f3ed902p+3, -0x1.0ac0072e68356p+3, -0x1.7db7ea5c83226p+2, 
-0x1.52fce8558a0d4p+3, -0x1.febb4b12fdfd8p+2, -0x1.4cc1291a8089dp+3, 
-0x1.856ad7c3bc51p+3, -0x1.bbd62af2cebd6p+3, -0x1.db15ac5eba97ep+3, 
-0x1.257bc5cdf766ap+4, -0x1.1e16f3bc17207p+4, -0x1.9bfd58fb3cf96p+3, 
-0x1.747acea67e9fep+3, -0x1.9812f75661814p+3, -0x1.8a4fa26411a42p+3, 
-0x1.83abeb89590d4p+3, -0x1.e341dc00a6abfp+3, -0x1.bfa35ded68702p+3, 
-0x1.70f404132ac23p+3, -0x1.1ba0410fe217bp+3, -0x1.78ed3899f3885p+3, 
-0x1.78c923f6bd26bp+3, -0x1.13495bf4fa3bcp+3, -0x1.3eaa194117edfp+3, 
-0x1.f18e0affcb425p+1, -0x1.7e22f6b80ec1fp+2, -0x1.e13552f0f14cep+1, 
0x1.2e595d09a086bp+0, 0x1.254ab16388e82p+3, 0x1.b7102f49e6f64p+2, 
0x1.c28b17edad4e2p+2, 0x1.c2b01c6ad0cb9p+2, 0x1.f844ea6bd54c6p+2, 
0x1.5bb2b048df4c4p+3, 0x1.5594c76d9aebbp+3, 0x1.5fdcb2b09899p+3, 
0x1.89a05b1476fb2p+3, 0x1.0775b59857ef1p+4, 0x1.046190ee5d11fp+4, 
0x1.03aa960cdbd66p+4, 0x1.075283419c0a4p+4, 0x1.db7c3e1021846p+3, 
0x1.02f1897e151a2p+4, 0x1.03f141c5e70d4p+4, 0x1.12f09c9ac13c1p+4, 
0x1.25b47bf53b4d5p+4, 0x1.1583da58ce0dcp+4, 0x1.33b69049529e2p+4, 
0x1.f2b98b1839973p+3, 0x1.0f46c265ef06ep+4, 0x1.3495122cf2343p+4, 
0x1.4f928cd104201p+4, 0x1.1908e349fd295p+4, 0x1.20b131278cae4p+4, 
0x1.4100180d8f76p+4, 0x1.1a78f1be43a91p+4, 0x1.2b9da7bb5bbb6p+4, 
0x1.5a846b88756b2p+4, 0x1.53e9ec0a884cdp+4, 0x1.509a152dcacfbp+4, 
0x1.5c4807821411cp+4, 0x1.6487035af92bfp+4, 0x1.a2f0a407e52f5p+4, 
0x1.ac8f165ec829bp+4, 0x1.86af909495d75p+4, 0x1.774c388c3daf7p+4, 
0x1.80acedcdce549p+4, 0x1.86bf248ff9aa2p+4, 0x1.69b8f933d566fp+4, 
0x1.b71bd250c018p+4, 0x1.c9cbde507510ep+4, 0x1.d0f840404d523p+4, 
0x1.8a715a22468d1p+4, 0x1.7a356b39a3a98p+4, 0x1.6c05f65b58c4ap+4, 
0x1.98ff0e603adf4p+4, 0x1.986bd390605fep+4, 0x1.79482147af5e5p+4, 
0x1.83a7f2483f308p+4, 0x1.815f000f63581p+4, 0x1.82bfda6c141ccp+4, 
0x1.8220283a42017p+4, 0x1.6c1767d55f142p+4, 0x1.bbf2c62a2083ep+4, 
0x1.9970d57d30be7p+4, 0x1.80d5a1b5770ebp+4, 0x1.666b3a93901a6p+4, 
0x1.6d94c44fa0884p+4, 0x1.3ce013bb2664dp+4, 0x1.394160e03c2bbp+4, 
0x1.5dcf5b6589fb2p+4, 0x1.298de1cf5a9f2p+4, 0x1.2f16eb8b574b4p+4, 
0x1.3ecca313c0d21p+4, 0x1.3cf2ae5f3819bp+4, 0x1.3c8ba232c8becp+4, 
0x1.415d4e072272cp+4, 0x1.25e30414dd68cp+4, 0x1.cb309080c4a03p+2, 
-0x1.320b2de78f88ep+5, -0x1.2c34c3e4bfdf6p+5, -0x1.c10711f7ff498p+4, 
-0x1.6e6be4ec534fep+4, -0x1.774ca07819bcfp+2, -0x1.4a4f35981e61ap-2, 
-0x1.3367bc7e4951cp+1, -0x1.1af7510b167bcp+4, -0x1.5042d6d790ebcp+3, 
-0x1.53ec8c4993b6ap+2, -0x1.086e15feee27dp+1, -0x1.eb46571ec22f6p-1, 
-0x1.6deb5a8180c91p+0, 0x1.14947f0f6cbefp+3, 0x1.f90c763f398b4p+3, 
0x1.8e000a6681008p+3, 0x1.9d59cc9daed06p+3, 0x1.d8cf2f8f7cc4bp+3, 
0x1.1921a2d1112f4p+4, 0x1.fd40bfd809d14p+3, 0x1.a188b614a2c5p+3, 
0x1.f9861ea759219p+3, 0x1.004bdd2d4febep+4, 0x1.ac736239d50fap+3, 
0x1.37d08b29de2dap+4, 0x1.25dcda74191b5p+4, 0x1.16ef8e5b3bd4bp+4, 
0x1.06c98ec12c0d5p+4, 0x1.4006f438c073ap+4, 0x1.c809f5a3a1288p+3, 
0x1.cee1cb92f7245p+3, 0x1.39b75158812e4p+4, 0x1.47a0131767835p+4, 
0x1.22ccd16613cf2p+4, 0x1.390909d49a3f9p+4, 0x1.443ac284db82bp+4, 
0x1.18056b23b547fp+4, 0x1.2a40f28bce29fp+4, 0x1.d17e7a537a9ddp+3, 
0x1.99fffca52ae8p+3, 0x1.6673a20797c81p+3, 0x1.af8b5d37d6958p+3, 
0x1.bc142ddab596fp+3, 0x1.99657ab53ff7cp+3, 0x1.dbbd7b5dc60e3p+3, 
0x1.c5ce67e4c26c3p+3, 0x1.23f918ddc770fp+4, 0x1.07c73b9142e16p+4, 
0x1.0ad4e1cfe5c75p+4, 0x1.05c02b296bb7ap+4, 0x1.e9c7390f9eb72p+3, 
0x1.e4d5674bcfc86p+3, 0x1.e600cf061ff03p+3, 0x1.152aace474eb3p+4, 
0x1.de29584cacb2dp+3, 0x1.edddd7a6903a3p+3, 0x1.f09437fe51b2bp+3, 
0x1.05c492f9d8a3cp+4, 0x1.0c83d9daa3e65p+4, 0x1.03db945225f56p+4, 
0x1.1d3be353d8e26p+4, 0x1.18c11d164ff37p+4, 0x1.f048580c6af94p+3, 
0x1.e4f6832fddaecp+3)), class = "data.frame", row.names = c(NA, 
-280L))
