structure(list(period_id = c("1971Q1", "1971Q2", "1971Q3", "1971Q4", 
"1972Q1", "1972Q2", "1972Q3", "1972Q4", "1973Q1", "1973Q2", "1973Q3", 
"1973Q4", "1974Q1", "1974Q2", "1974Q3", "1974Q4", "1975Q1", "1975Q2", 
"1975Q3", "1975Q4", "1976Q1", "1976Q2", "1976Q3", "1976Q4", "1977Q1", 
"1977Q2", "1977Q3", "1977Q4", "1978Q1", "1978Q2", "1978Q3", "1978Q4", 
"1979Q1", "1979Q2", "1979Q3", "1979Q4", "1980Q1", "1980Q2", "1980Q3", 
"1980Q4", "1981Q1", "1981Q2", "1981Q3", "1981Q4", "1982Q1", "1982Q2", 
"1982Q3", "1982Q4", "1983Q1", "1983Q2", "1983Q3", "1983Q4", "1984Q1", 
"1984Q2", "1984Q3", "1984Q4", "1985Q1", "1985Q2", "1985Q3", "1985Q4", 
"1986Q1", "1986Q2", "1986Q3", "1986Q4", "1987Q1", "1987Q2", "1987Q3", 
"1987Q4", "1988Q1", "1988Q2", "1988Q3", "1988Q4", "1989Q1", "1989Q2", 
"1989Q3", "1989Q4", "1990Q1", "1990Q2", "1990Q3", "1990Q4", "1991Q1", 
"1991Q2", "1991Q3", "1991Q4", "1992Q1", "1992Q2", "1992Q3", "1992Q4", 
"1993Q1", "1993Q2", "1993Q3", "1993Q4", "1994Q1", "1994Q2", "1994Q3", 
"1994Q4", "1995Q1", "1995Q2", "1995Q3", "1995Q4", "1996Q1", "1996Q2", 
"1996Q3", "1996Q4", "1997Q1", "1997Q2", "1997Q3", "1997Q4", "1998Q1", 
"1998Q2", "1998Q3", "1998Q4", "1999Q1", "1999Q2", "1999Q3", "1999Q4", 
"2000Q1", "2000Q2", "2000Q3", "2000Q4", "2001Q1", "2001Q2", "2001Q3", 
"2001Q4", "2002Q1", "2002Q2", "2002Q3", "2002Q4", "2003Q1", "2003Q2", 
"2003Q3", "2003Q4", "2004Q1", "2004Q2", "2004Q3", "2004Q4", "2005Q1", 
"2005Q2", "2005Q3", "2005Q4", "2006Q1", "2006Q2", "2006Q3", "2006Q4", 
"2007Q1", "2007Q2", "2007Q3", "2007Q4", "2008Q1", "2008Q2", "2008Q3", 
"2008Q4", "2009Q1", "2009Q2", "2009Q3", "2009Q4", "2010Q1", "2010Q2", 
"2010Q3", "2010Q4", "2011Q1", "2011Q2", "2011Q3", "2011Q4", "2012Q1", 
"2012Q2", "2012Q3", "2012Q4", "2013Q1", "2013Q2", "2013Q3", "2013Q4", 
"2014Q1", "2014Q2", "2014Q3", "2014Q4", "2015Q1", "2015Q2", "2015Q3", 
"2015Q4", "2016Q1", "2016Q2", "2016Q3", "2016Q4", "2017Q1", "2017Q2", 
"2017Q3", "2017Q4", "2018Q1", "2018Q2", "2018Q3", "2018Q4", "2019Q1", 
"2019Q2", "2019Q3", "2019Q4", "2020Q1", "2020Q2", "2020Q3", "2020Q4", 
"2021Q1", "2021Q2", "2021Q3", "2021Q4", "2022Q1", "2022Q2", "2022Q3", 
"2022Q4", "2023Q1", "2023Q2", "2023Q3", "2023Q4", "2024Q1", "2024Q2", 
"2024Q3", "2024Q4", "2025Q1", "2025Q2"), value = c(0x1.074538ef34d6ap+0, 
0x1.089a027525461p+0, 0x1.0d013a92a3055p+0, 0x1.140b780346dc6p+0, 
0x1.207c84b5dcc64p+0, 0x1.223a29c779a6bp+0, 0x1.1eb851eb851ecp+0, 
0x1.1b4395810624ep+0, 0x1.27f62b6ae7d56p+0, 0x1.396bb98c7e282p+0, 
0x1.4d4fdf3b645a2p+0, 0x1.3e978d4fdf3b6p+0, 0x1.274bc6a7ef9dbp+0, 
0x1.367381d7dbf48p+0, 0x1.3141205bc01a3p+0, 0x1.364c2f837b4a2p+0, 
0x1.4a5119ce075f7p+0, 0x1.4c226809d4952p+0, 0x1.34395810624ddp+0, 
0x1.2d14e3bcd35a8p+0, 0x1.267381d7dbf48p+0, 0x1.1b50b0f27bb3p+0, 
0x1.1a0902de00d1bp+0, 0x1.1d1b71758e219p+0, 0x1.1e9e1b089a027p+0, 
0x1.20d1b71758e22p+0, 0x1.24a8c154c985fp+0, 0x1.2c779a6b50b0fp+0, 
0x1.3cc63f141205cp+0, 0x1.3c504816f0069p+0, 0x1.4816f0068db8cp+0, 
0x1.5780346dc5d64p+0, 0x1.5a858793dd97fp+0, 0x1.5504816f0068ep+0, 
0x1.63a29c779a6b5p+0, 0x1.6793dd97f62b7p+0, 0x1.693dd97f62b6bp+0, 
0x1.641f212d77319p+0, 0x1.6c56d5cfaacdap+0, 0x1.5793dd97f62b7p+0, 
0x1.3b9f559b3d07dp+0, 0x1.1d77318fc5048p+0, 0x1.086c226809d49p+0, 
0x1.16dc5d6388659p+0, 0x1.094af4f0d844dp+0, 0x1.007c84b5dcc64p+0, 
0x1.e6b50b0f27bb3p-1, 0x1.de00d1b71758ep-1, 0x1.e5532617c1bdap-1, 
0x1.d288ce703afb8p-1, 0x1.b8adab9f559b4p-1, 0x1.b013a92a30553p-1, 
0x1.a9d495182a993p-1, 0x1.a64c2f837b4a2p-1, 0x1.8985f06f69446p-1, 
0x1.76d5cfaacd9e8p-1, 0x1.5e76c8b439581p-1, 0x1.73b645a1cac08p-1, 
0x1.91c432ca57a78p-1, 0x1.b4af4f0d844dp-1, 0x1.d886594af4f0ep-1, 
0x1.eae7d566cf41fp-1, 0x1.03404ea4a8c15p+0, 0x1.09c779a6b50b1p+0, 
0x1.1fe5c91d14e3cp+0, 0x1.26594af4f0d84p+0, 0x1.20ded288ce704p+0, 
0x1.36cf41f212d77p+0, 0x1.3bc6a7ef9db23p+0, 0x1.375f6fd21ff2ep+0, 
0x1.1d14e3bcd35a8p+0, 0x1.2b98c7e28240bp+0, 0x1.204ea4a8c154dp+0, 
0x1.1305532617c1cp+0, 0x1.14189374bc6a8p+0, 0x1.20be0ded288cep+0, 
0x1.349ba5e353f7dp+0, 0x1.3902de00d1b71p+0, 0x1.4be76c8b43958p+0, 
0x1.5dd97f62b6ae8p+0, 0x1.575f6fd21ff2ep+0, 0x1.30068db8bac71p+0, 
0x1.2d42c3c9eeccp+0, 0x1.4126e978d4fdfp+0, 0x1.4339c0ebedfa4p+0, 
0x1.4594af4f0d845p+0, 0x1.62ca57a786c22p+0, 0x1.44a2339c0ebeep+0, 
0x1.30c49ba5e353fp+0, 0x1.34f0d844d013bp+0, 0x1.267a0f9096bbap+0, 
0x1.23d70a3d70a3dp+0, 0x1.200d1b71758e2p+0, 0x1.29d495182a993p+0, 
0x1.3a0f9096bb98cp+0, 0x1.3d7dbf487fcb9p+0, 0x1.45f6fd21ff2e5p+0, 
0x1.54bc6a7ef9db2p+0, 0x1.4ff972474538fp+0, 0x1.5141205bc01a3p+0, 
0x1.498c7e28240b8p+0, 0x1.4126e978d4fdfp+0, 0x1.4631f8a0902dep+0, 
0x1.430be0ded288dp+0, 0x1.2dd2f1a9fbe77p+0, 0x1.24bc6a7ef9db2p+0, 
0x1.17e28240b7803p+0, 0x1.1f972474538efp+0, 0x1.163886594af4fp+0, 
0x1.19b3d07c84b5ep+0, 0x1.1e219652bd3c3p+0, 0x1.2d4fdf3b645a2p+0, 
0x1.1f212d77318fcp+0, 0x1.0e90ff9724745p+0, 0x1.0c710cb295e9ep+0, 
0x1.09ba5e353f7cfp+0, 0x1.f916872b020c5p-1, 0x1.ddcc63f141206p-1, 
0x1.cf765fd8adabap-1, 0x1.bc91d14e3bcd3p-1, 0x1.d8adab9f559b4p-1, 
0x1.beb851eb851ecp-1, 0x1.c7d566cf41f21p-1, 0x1.cab367a0f9097p-1, 
0x1.c0d1b71758e22p-1, 0x1.d66cf41f212d7p-1, 0x1.f7b4a2339c0ecp-1, 
0x1.ffb15b573eab3p-1, 0x1.12b6ae7d566cfp+0, 0x1.231f8a0902dep+0, 
0x1.1ff2e48e8a71ep+0, 0x1.30624dd2f1aap+0, 0x1.3fec56d5cfaadp+0, 
0x1.3460aa64c2f83p+0, 0x1.38d4fdf3b645ap+0, 0x1.4c36113404ea5p+0, 
0x1.4fb15b573eab3p+0, 0x1.426809d495183p+0, 0x1.384b5dcc63f14p+0, 
0x1.303afb7e90ff9p+0, 0x1.33c9eecbfb15bp+0, 0x1.4219652bd3c36p+0, 
0x1.463886594af4fp+0, 0x1.49e83e425aee6p+0, 0x1.4f837b4a2339cp+0, 
0x1.591d14e3bcd36p+0, 0x1.5fb15b573eab3p+0, 0x1.72d77318fc505p+0, 
0x1.7f62b6ae7d567p+0, 0x1.8fec56d5cfaadp+0, 0x1.8147ae147ae14p+0, 
0x1.516872b020c4ap+0, 0x1.4d8adab9f559bp+0, 0x1.5cfaacd9e83e4p+0, 
0x1.6e28240b78034p+0, 0x1.7a57a786c2268p+0, 0x1.6205bc01a36e3p+0, 
0x1.45532617c1bdap+0, 0x1.4a7ef9db22d0ep+0, 0x1.5bb98c7e28241p+0, 
0x1.5e353f7ced917p+0, 0x1.7068db8bac711p+0, 0x1.69a6b50b0f27cp+0, 
0x1.5923a29c779a7p+0, 0x1.4f9096bb98c7ep+0, 0x1.4809d495182aap+0, 
0x1.400d1b71758e2p+0, 0x1.4bf487fcb923ap+0, 0x1.5212d77318fc5p+0, 
0x1.4e631f8a0902ep+0, 0x1.52fec56d5cfabp+0, 0x1.5c6a7ef9db22dp+0, 
0x1.5e9e1b089a027p+0, 0x1.5f0068db8bac7p+0, 0x1.535a858793dd9p+0, 
0x1.3ff2e48e8a71ep+0, 0x1.204816f0068dcp+0, 0x1.1af4f0d844d01p+0, 
0x1.1c985f06f6944p+0, 0x1.186594af4f0d8p+0, 0x1.1a1cac083126fp+0, 
0x1.2113404ea4a8cp+0, 0x1.1dd97f62b6ae8p+0, 0x1.1432ca57a786cp+0, 
0x1.1096bb98c7e28p+0, 0x1.1a2339c0ebeep+0, 0x1.2cb295e9e1b09p+0, 
0x1.2d6a161e4f766p+0, 0x1.3aacd9e83e426p+0, 0x1.310624dd2f1aap+0, 
0x1.29b3d07c84b5ep+0, 0x1.2432ca57a786cp+0, 0x1.22c3c9eecbfb1p+0, 
0x1.1faacd9e83e42p+0, 0x1.1ca57a786c227p+0, 0x1.1b6ae7d566cf4p+0, 
0x1.1a4a8c154c986p+0, 0x1.19f559b3d07c8p+0, 0x1.2b3d07c84b5ddp+0, 
0x1.3161e4f765fd9p+0, 0x1.346dc5d638866p+0, 0x1.34af4f0d844dp+0, 
0x1.2dc5d63886595p+0, 0x1.24bc6a7ef9db2p+0, 0x1.1f27bb2fec56dp+0, 
0x1.10902de00d1b7p+0, 0x1.01cac083126e9p+0, 0x1.053f7ced91687p+0, 
0x1.12b020c49ba5ep+0, 0x1.16b50b0f27bb3p+0, 0x1.16a161e4f766p+0, 
0x1.1339c0ebedfa4p+0, 0x1.15f6fd21ff2e5p+0, 0x1.13a29c779a6b5p+0, 
0x1.192a305532618p+0, 0x1.116f0068db8bbp+0, 0x1.0d63886594af5p+0, 
0x1.2240b780346dcp+0)), class = "data.frame", row.names = c(NA, 
-218L))
