structure(list(period_id = c("1995Q1", "1995Q2", "1995Q3", "1995Q4", 
"1996Q1", "1996Q2", "1996Q3", "1996Q4", "1997Q1", "1997Q2", "1997Q3", 
"1997Q4", "1998Q1", "1998Q2", "1998Q3", "1998Q4", "1999Q1", "1999Q2", 
"1999Q3", "1999Q4", "2000Q1", "2000Q2", "2000Q3", "2000Q4", "2001Q1", 
"2001Q2", "2001Q3", "2001Q4", "2002Q1", "2002Q2", "2002Q3", "2002Q4", 
"2003Q1", "2003Q2", "2003Q3", "2003Q4", "2004Q1", "2004Q2", "2004Q3", 
"2004Q4", "2005Q1", "2005Q2", "2005Q3", "2005Q4", "2006Q1", "2006Q2", 
"2006Q3", "2006Q4", "2007Q1", "2007Q2", "2007Q3", "2007Q4", "2008Q1", 
"2008Q2", "2008Q3", "2008Q4", "2009Q1", "2009Q2", "2009Q3", "2009Q4", 
"2010Q1", "2010Q2", "2010Q3", "2010Q4", "2011Q1", "2011Q2", "2011Q3", 
"2011Q4", "2012Q1", "2012Q2", "2012Q3", "2012Q4", "2013Q1", "2013Q2", 
"2013Q3", "2013Q4", "2014Q1", "2014Q2", "2014Q3", "2014Q4", "2015Q1", 
"2015Q2", "2015Q3", "2015Q4", "2016Q1", "2016Q2", "2016Q3", "2016Q4", 
"2017Q1", "2017Q2", "2017Q3", "2017Q4", "2018Q1", "2018Q2", "2018Q3", 
"2018Q4", "2019Q1", "2019Q2", "2019Q3", "2019Q4", "2020Q1", "2020Q2", 
"2020Q3", "2020Q4", "2021Q1", "2021Q2", "2021Q3", "2021Q4", "2022Q1", 
"2022Q2", "2022Q3", "2022Q4", "2023Q1", "2023Q2", "2023Q3", "2023Q4", 
"2024Q1", "2024Q2", "2024Q3"), value = c(0x1.b372d46f587d7p+7, 
0x1.327ee7a311e86p+8, 0x1.32cd2a51e321ap+8, 0x1.4011c28f5c28fp+8, 
0x1.f6cc0d0aaa7dfp+7, 0x1.86743ad9f0a1cp+8, 0x1.995319a415f46p+8, 
0x1.892c90d5a5b96p+8, 0x1.2cbae3608d089p+8, 0x1.f2adfb3fa6dfp+8, 
0x1.e9205ac471b48p+8, 0x1.e2eb34d6a161ep+8, 0x1.69d8b51372a39p+8, 
0x1.0d39bf0563ed1p+9, 0x1.070602645e4e7p+9, 0x1.1bdf430f49492p+9, 
0x1.a416176ddacefp+8, 0x1.54af2e8c0485ap+9, 0x1.2abfd25247cb7p+9, 
0x1.4036b47c73eeep+9, 0x1.e3be1cac08312p+8, 0x1.4d1ad551d68c7p+9, 
0x1.6d02b827fa1a1p+9, 0x1.794239b456b44p+9, 0x1.ef9daae6c8f75p+8, 
0x1.56bf1b152f3c3p+9, 0x1.84656c3fc43b3p+9, 0x1.8428c586876e2p+9, 
0x1.0280d72799a2p+9, 0x1.604128d8665ep+9, 0x1.964593037d63p+9, 
0x1.9d0973860999ep+9, 0x1.1d8fe98dcdb38p+9, 0x1.9e21fd5885d31p+9, 
0x1.ccaa99bf5946cp+9, 0x1.ccbdac81d3aa3p+9, 0x1.3c5d125dd095bp+9, 
0x1.bc3d60956c0d7p+9, 0x1.0becd4f9c1f86p+10, 0x1.02a71b6d43d04p+10, 
0x1.5e908f2170931p+9, 0x1.0696efae7924bp+10, 0x1.1a5404fb1183bp+10, 
0x1.1351f8c21e1d2p+10, 0x1.66fdaf640639dp+9, 0x1.0cda2b5e529bbp+10, 
0x1.2ea58fb43d89dp+10, 0x1.389bb30728e93p+10, 0x1.bce923465625ap+9, 
0x1.44fb7304039acp+10, 0x1.7b224bad7d7c3p+10, 0x1.75be55970b49ep+10, 
0x1.2a6885b18548bp+10, 0x1.90b9de37585bep+10, 0x1.ba8c23a6ce358p+10, 
0x1.7d216f0068db9p+10, 0x1.fe34b6d00b45bp+9, 0x1.45a0c44bf4cb2p+10, 
0x1.4ce4ec7c957cdp+10, 0x1.2cbfee4e26d48p+10, 0x1.9b65d3aa369fdp+9, 
0x1.093b0dcb9a9dap+10, 0x1.0cedfb1183b6p+10, 0x1.efa2d5f138bcep+9, 
0x1.57778bdec5f39p+9, 0x1.a715328b6d86fp+9, 0x1.c31fbf8b9baa1p+9, 
0x1.c817edd8b60f2p+9, 0x1.3be6f5903a754p+9, 0x1.95fdcec84f8f9p+9, 
0x1.c8a97a3db3bfbp+9, 0x1.9ceb83ad9f0a2p+9, 0x1.1c3714445aa2ep+9, 
0x1.74d45bc87db2bp+9, 0x1.ac841f7d73c92p+9, 0x1.ca3b042528ae7p+9, 
0x1.538964628027ep+9, 0x1.c7f7898b2e9cdp+9, 0x1.dc96cf398e97p+9, 
0x1.b57978cc9a77ep+9, 0x1.51b58ad256799p+9, 0x1.b5a605ccc89b1p+9, 
0x1.b7390c4dec1c2p+9, 0x1.b6362a6f3f53p+9, 0x1.073304ddb5526p+9, 
0x1.6e6d67f4dbdf9p+9, 0x1.8de361ed5ae1dp+9, 0x1.982cc710cb296p+9, 
0x1.32b18a979e16dp+9, 0x1.8de58d79d0a67p+9, 0x1.9a82b29e4d5d8p+9, 
0x1.d55639d5e4a38p+9, 0x1.4f826f049a997p+9, 0x1.c38a6dc5d6388p+9, 
0x1.f512b242070b9p+9, 0x1.07aa24e592967p+10, 0x1.a8baec17ebaf1p+9, 
0x1.0eed79af1886ep+10, 0x1.06a917ebaf102p+10, 0x1.01aa1efb6dcap+10, 
0x1.b5a9b7414a4d3p+9, 0x1.cfa00ca600b03p+9, 0x1.08f33eea209abp+10, 
0x1.0f5388f42fe82p+10, 0x1.c64bb7521144dp+9, 0x1.16002031ceaf2p+10, 
0x1.3c38f0068db8cp+10, 0x1.477d5d4e8fb01p+10, 0x1.1d21dea897636p+10, 
0x1.5dfddb8fde2efp+10, 0x1.7eb6ac96cc5fcp+10, 0x1.7f3f54b48d3aep+10, 
0x1.63c5843808851p+10, 0x1.a3b3a43bb40b3p+10, 0x1.bf8de44fa0514p+10, 
0x1.9da0a29845dc8p+10, 0x1.7bd55771001d6p+10, 0x1.9cac348f53c58p+10, 
0x1.8ad630df9bdc7p+10)), class = "data.frame", row.names = c(NA, 
-119L))
