structure(list(period_id = c("1995Q1", "1995Q2", "1995Q3", "1995Q4", 
"1996Q1", "1996Q2", "1996Q3", "1996Q4", "1997Q1", "1997Q2", "1997Q3", 
"1997Q4", "1998Q1", "1998Q2", "1998Q3", "1998Q4", "1999Q1", "1999Q2", 
"1999Q3", "1999Q4", "2000Q1", "2000Q2", "2000Q3", "2000Q4", "2001Q1", 
"2001Q2", "2001Q3", "2001Q4", "2002Q1", "2002Q2", "2002Q3", "2002Q4", 
"2003Q1", "2003Q2", "2003Q3", "2003Q4", "2004Q1", "2004Q2", "2004Q3", 
"2004Q4", "2005Q1", "2005Q2", "2005Q3", "2005Q4", "2006Q1", "2006Q2", 
"2006Q3", "2006Q4", "2007Q1", "2007Q2", "2007Q3", "2007Q4", "2008Q1", 
"2008Q2", "2008Q3", "2008Q4", "2009Q1", "2009Q2", "2009Q3", "2009Q4", 
"2010Q1", "2010Q2", "2010Q3", "2010Q4", "2011Q1", "2011Q2", "2011Q3", 
"2011Q4", "2012Q1", "2012Q2", "2012Q3", "2012Q4", "2013Q1", "2013Q2", 
"2013Q3", "2013Q4", "2014Q1", "2014Q2", "2014Q3", "2014Q4", "2015Q1", 
"2015Q2", "2015Q3", "2015Q4", "2016Q1", "2016Q2", "2016Q3", "2016Q4", 
"2017Q1", "2017Q2", "2017Q3", "2017Q4", "2018Q1", "2018Q2", "2018Q3", 
"2018Q4", "2019Q1", "2019Q2", "2019Q3", "2019Q4", "2020Q1", "2020Q2", 
"2020Q3", "2020Q4", "2021Q1", "2021Q2", "2021Q3", "2021Q4", "2022Q1", 
"2022Q2", "2022Q3", "2022Q4", "2023Q1", "2023Q2", "2023Q3", "2023Q4", 
"2024Q1", "2024Q2", "2024Q3", "2024Q4"), value = c(0x1.c91466559f6ecp+9, 
0x1.b9d7a77e5eaabp+9, 0x1.c13c16616b54ep+9, 0x1.d9f7d20f2becfp+9, 
0x1.f460616b54e2bp+9, 0x1.084547f562175p+10, 0x1.0ad0382e44b6fp+10, 
0x1.11501719f7f8dp+10, 0x1.19349dcf893fbp+10, 0x1.3363b673c4f3cp+10, 
0x1.42e8e9ccb7d41p+10, 0x1.55310008637bdp+10, 0x1.5add6fc158fb4p+10, 
0x1.607430a91537ap+10, 0x1.60a41600f345p+10, 0x1.628f2b7baecdp+10, 
0x1.5a39b37867f0bp+10, 0x1.61d113404ea4bp+10, 0x1.79a99e5e24788p+10, 
0x1.8fb6b20fb224bp+10, 0x1.ad7ab4aa9717ep+10, 0x1.cf82ec8d5c747p+10, 
0x1.e9643d640e9d5p+10, 0x1.072ce38eb0319p+11, 0x1.10169531550cap+11, 
0x1.1462516fc9bc7p+11, 0x1.17ec003686a4dp+11, 0x1.179d4628027d9p+11, 
0x1.2c9b627bf61aap+11, 0x1.33531ab29e4d6p+11, 0x1.3af0d434a01acp+11, 
0x1.3f114b74ddf87p+11, 0x1.4022d44135547p+11, 0x1.4070bb384fd2ap+11, 
0x1.4b691c219eb64p+11, 0x1.510840cc78e9fp+11, 0x1.5b1d7f9f87f02p+11, 
0x1.741d5d8f92afap+11, 0x1.87f52231832fdp+11, 0x1.8e2a096dd26b7p+11, 
0x1.97da2da122fadp+11, 0x1.ac4bf3c0c1fc9p+11, 0x1.c0d37dfc19c17p+11, 
0x1.d83968af81627p+11, 0x1.ec989c1d6cf85p+11, 0x1.01e7a3bff8a8fp+12, 
0x1.0a0cbdf19d66bp+12, 0x1.1e1f9f2778141p+12, 0x1.2891895d0b73dp+12, 
0x1.311050efdc9c5p+12, 0x1.3cac0ec95bffp+12, 0x1.3ac1e975afaf8p+12, 
0x1.46550eb24a6a8p+12, 0x1.41cecf4e874c9p+12, 0x1.4239e5215768ap+12, 
0x1.1d7b3b57c4e2fp+12, 0x1.f2cfda33bd9cbp+11, 0x1.ef13df3d7d391p+11, 
0x1.f7f3dbbe0157fp+11, 0x1.030da81344806p+12, 0x1.0c118192a7371p+12, 
0x1.1e61beff19503p+12, 0x1.293aacd7cf5f5p+12, 0x1.2da70f238972p+12, 
0x1.4079fa55d1c3bp+12, 0x1.490bbdc8b86b1p+12, 0x1.4b436c9afe1dap+12, 
0x1.4ca7f63c31df7p+12, 0x1.4a75e1f080304p+12, 0x1.4e61ff141205cp+12, 
0x1.4d20f256ffc11p+12, 0x1.505df4f82f512p+12, 0x1.4efb90cc35ce2p+12, 
0x1.5141bfb04ee7cp+12, 0x1.543989246bf01p+12, 0x1.58bab926c7eaep+12, 
0x1.592b7d74d594fp+12, 0x1.5b67d3a604e1ep+12, 0x1.6bb92492bc2fcp+12, 
0x1.74847db1a6d6ap+12, 0x1.6e786415f45e1p+12, 0x1.706458ea7ce1p+12, 
0x1.778eacc92146ap+12, 0x1.7b39ccd855971p+12, 0x1.7e4cce9e5e248p+12, 
0x1.7f8ada8cdea03p+12, 0x1.85d5ff0fe047dp+12, 0x1.90f9a86a4ca4fp+12, 
0x1.aa92d15054ac3p+12, 0x1.b0f6432ebe597p+12, 0x1.c2e49aceee0f4p+12, 
0x1.d5741d57ff9b5p+12, 0x1.d4d2ac4827b7p+12, 0x1.e20e290364389p+12, 
0x1.e5e2a0945f9dfp+12, 0x1.f234767a0f909p+12, 0x1.f76d06c22680ap+12, 
0x1.f9876f32bdc27p+12, 0x1.f484e311e85fdp+12, 0x1.f0ee5cd7060bbp+12, 
0x1.eb29104c48adfp+12, 0x1.8798ffd60e94fp+12, 0x1.d3b90adeebb34p+12, 
0x1.ed9783d9a9542p+12, 0x1.0328d0e560419p+13, 0x1.0b0d4301a79ffp+13, 
0x1.0d36c4095f245p+13, 0x1.2b91be1437c57p+13, 0x1.3471c6149c6f3p+13, 
0x1.4969ae0f3cb3ep+13, 0x1.57ec825bfad2ap+13, 0x1.53a1a1adea897p+13, 
0x1.536b6e32e3822p+13, 0x1.49564adc4c9c9p+13, 0x1.322794c3c18b5p+13, 
0x1.437f8c75c4a84p+13, 0x1.4924b3f4a98abp+13, 0x1.47a6d8bbd3804p+13, 
0x1.4fa8d3d6c7219p+13, 0x1.4aa6c17e34b94p+13)), class = "data.frame", row.names = c(NA, 
-120L))
