structure(list(period_id = c("1995Q1", "1995Q2", "1995Q3", "1995Q4", 
"1996Q1", "1996Q2", "1996Q3", "1996Q4", "1997Q1", "1997Q2", "1997Q3", 
"1997Q4", "1998Q1", "1998Q2", "1998Q3", "1998Q4", "1999Q1", "1999Q2", 
"1999Q3", "1999Q4", "2000Q1", "2000Q2", "2000Q3", "2000Q4", "2001Q1", 
"2001Q2", "2001Q3", "2001Q4", "2002Q1", "2002Q2", "2002Q3", "2002Q4", 
"2003Q1", "2003Q2", "2003Q3", "2003Q4", "2004Q1", "2004Q2", "2004Q3", 
"2004Q4", "2005Q1", "2005Q2", "2005Q3", "2005Q4", "2006Q1", "2006Q2", 
"2006Q3", "2006Q4", "2007Q1", "2007Q2", "2007Q3", "2007Q4", "2008Q1", 
"2008Q2", "2008Q3", "2008Q4", "2009Q1", "2009Q2", "2009Q3", "2009Q4", 
"2010Q1", "2010Q2", "2010Q3", "2010Q4", "2011Q1", "2011Q2", "2011Q3", 
"2011Q4", "2012Q1", "2012Q2", "2012Q3", "2012Q4", "2013Q1", "2013Q2", 
"2013Q3", "2013Q4", "2014Q1", "2014Q2", "2014Q3", "2014Q4", "2015Q1", 
"2015Q2", "2015Q3", "2015Q4", "2016Q1", "2016Q2", "2016Q3", "2016Q4", 
"2017Q1", "2017Q2", "2017Q3", "2017Q4", "2018Q1", "2018Q2", "2018Q3", 
"2018Q4", "2019Q1", "2019Q2", "2019Q3", "2019Q4", "2020Q1", "2020Q2", 
"2020Q3", "2020Q4", "2021Q1", "2021Q2", "2021Q3", "2021Q4", "2022Q1", 
"2022Q2", "2022Q3", "2022Q4", "2023Q1", "2023Q2", "2023Q3", "2023Q4", 
"2024Q1", "2024Q2", "2024Q3"), value = c(0x1.0e95538cda6e7p+11, 
0x1.178c5c9c4da9p+11, 0x1.20ca0051c9f73p+11, 0x1.2a838023a6ce3p+11, 
0x1.34ea8a3b57c4ep+11, 0x1.3ff28535c9e67p+11, 0x1.4c243497b7415p+11, 
0x1.58626bedfa44p+11, 0x1.6531bd07c84b6p+11, 0x1.72c18323358f3p+11, 
0x1.7e5ef8c0053e3p+11, 0x1.88534319c5a3ep+11, 0x1.8fca0a65492ffp+11, 
0x1.968595b9a5a8ap+11, 0x1.9ffeac1d29dc7p+11, 0x1.abd3fab75643p+11, 
0x1.b977c84d76ab6p+11, 0x1.c6c0f57b41bfcp+11, 0x1.d1668abd5dc4p+11, 
0x1.dc83230fcf80ep+11, 0x1.e8f4d8a32f449p+11, 0x1.f6d270cfe1544p+11, 
0x1.03b7ead70e6f3p+12, 0x1.0c6961c8a7a42p+12, 0x1.14bc3cc7d1bb5p+12, 
0x1.1c7a379746024p+12, 0x1.23b28635a426cp+12, 0x1.2ac140d3cff65p+12, 
0x1.32558f312b1b3p+12, 0x1.3989196fa82e8p+12, 0x1.40c6604f2ae08p+12, 
0x1.488e2ada33bdap+12, 0x1.4fb34409e55c1p+12, 0x1.56f8e8d434a02p+12, 
0x1.5e42851223183p+12, 0x1.6550fcfd4bf0ap+12, 0x1.6c2ae2fbe33adp+12, 
0x1.71f69a9fbe76dp+12, 0x1.77977fef39086p+12, 0x1.7c9f1e2478855p+12, 
0x1.81e1f17481b22p+12, 0x1.883755c209247p+12, 0x1.8e8538a4c1ebdp+12, 
0x1.9531e6d04e619p+12, 0x1.9d0741f212d77p+12, 0x1.a791452e72da1p+12, 
0x1.b460bc7d5ed07p+12, 0x1.c1b7e50614163p+12, 0x1.ce6576db940ffp+12, 
0x1.daa5c87db2b34p+12, 0x1.e6ac53e4ef028p+12, 0x1.f24dbdc9c4da9p+12, 
0x1.fce4d81beb181p+12, 0x1.026af30728e93p+13, 0x1.04621ea465a57p+13, 
0x1.04bffaade657cp+13, 0x1.e708a936c58efp+12, 0x1.e643f262888b5p+12, 
0x1.e564b3a14cec4p+12, 0x1.e59f274080f99p+12, 0x1.e1b5266666666p+12, 
0x1.e7fb4ac29bf16p+12, 0x1.e9c5f61aa3f03p+12, 0x1.eb0dcb8498809p+12, 
0x1.f2d15d14e3bcdp+12, 0x1.f4326e807bbb6p+12, 0x1.f360c4b6e935cp+12, 
0x1.f00b3eee52589p+12, 0x1.f2479307af20fp+12, 0x1.e6ce04f1a1987p+12, 
0x1.e17fc01e68a0dp+12, 0x1.decd71fff79c8p+12, 0x1.e08b04f5d3565p+12, 
0x1.e4fd1728a6117p+12, 0x1.e3ab39f44d445p+12, 0x1.e68a086162f16p+12, 
0x1.f0b9d1f4f50ap+12, 0x1.f7383b6672fbap+12, 0x1.f8fdd38476f2ap+12, 
0x1.f1dcf9df548edp+12, 0x1.fe5928576cce6p+12, 0x1.0030d7a02fb5dp+13, 
0x1.03c31b25f633dp+13, 0x1.05c4d735c182fp+13, 0x1.0855164cf8d71p+13, 
0x1.0af13e7b80a9ep+13, 0x1.0f671a858793ep+13, 0x1.113c4177ea1c7p+13, 
0x1.176098fffbce4p+13, 0x1.1bc488f08462p+13, 0x1.2090d6ac64778p+13, 
0x1.29852005c4652p+13, 0x1.2a2aabb5e0f8p+13, 0x1.2e7bd8b69552ep+13, 
0x1.374f3dbfceb79p+13, 0x1.3d5af2a305532p+13, 0x1.3fd6f07b78466p+13, 
0x1.4162072c94b38p+13, 0x1.4adac1a1db878p+13, 0x1.4e7071c9f72f7p+13, 
0x1.4acf2bc72e276p+13, 0x1.266b7e939eaddp+13, 0x1.46bf7cea6c1ap+13, 
0x1.4e7e7212513b6p+13, 0x1.518b044d87725p+13, 0x1.5d9506dce39b4p+13, 
0x1.689e89c1b5419p+13, 0x1.76010f42784a9p+13, 0x1.6f59415fcc187p+13, 
0x1.80191fcf3dc05p+13, 0x1.914f1d805e5f3p+13, 0x1.9714cebc408d9p+13, 
0x1.b2828f4730404p+13, 0x1.bd5f4a8c154cap+13, 0x1.bb9541ffb480ap+13, 
0x1.c5ff574bc6a7fp+13, 0x1.cb2f9d616f86ap+13, 0x1.c83d5841aac54p+13, 
0x1.cc3d81d96e9bcp+13)), class = "data.frame", row.names = c(NA, 
-119L))
