structure(list(period_id = c("1995Q1", "1995Q2", "1995Q3", "1995Q4", 
"1996Q1", "1996Q2", "1996Q3", "1996Q4", "1997Q1", "1997Q2", "1997Q3", 
"1997Q4", "1998Q1", "1998Q2", "1998Q3", "1998Q4", "1999Q1", "1999Q2", 
"1999Q3", "1999Q4", "2000Q1", "2000Q2", "2000Q3", "2000Q4", "2001Q1", 
"2001Q2", "2001Q3", "2001Q4", "2002Q1", "2002Q2", "2002Q3", "2002Q4", 
"2003Q1", "2003Q2", "2003Q3", "2003Q4", "2004Q1", "2004Q2", "2004Q3", 
"2004Q4", "2005Q1", "2005Q2", "2005Q3", "2005Q4", "2006Q1", "2006Q2", 
"2006Q3", "2006Q4", "2007Q1", "2007Q2", "2007Q3", "2007Q4", "2008Q1", 
"2008Q2", "2008Q3", "2008Q4", "2009Q1", "2009Q2", "2009Q3", "2009Q4", 
"2010Q1", "2010Q2", "2010Q3", "2010Q4", "2011Q1", "2011Q2", "2011Q3", 
"2011Q4", "2012Q1", "2012Q2", "2012Q3", "2012Q4", "2013Q1", "2013Q2", 
"2013Q3", "2013Q4", "2014Q1", "2014Q2", "2014Q3", "2014Q4", "2015Q1", 
"2015Q2", "2015Q3", "2015Q4", "2016Q1", "2016Q2", "2016Q3", "2016Q4", 
"2017Q1", "2017Q2", "2017Q3", "2017Q4", "2018Q1", "2018Q2", "2018Q3", 
"2018Q4", "2019Q1", "2019Q2", "2019Q3", "2019Q4", "2020Q1", "2020Q2", 
"2020Q3", "2020Q4", "2021Q1", "2021Q2", "2021Q3", "2021Q4", "2022Q1", 
"2022Q2", "2022Q3", "2022Q4", "2023Q1", "2023Q2", "2023Q3", "2023Q4", 
"2024Q1", "2024Q2", "2024Q3", "2024Q4", "2025Q1"), value = c(0x1.18f3ef416bdb2p+9, 
0x1.20d53e468cac5p+9, 0x1.2e25c0229a5ecp+9, 0x1.3e6ebd66277c4p+9, 
0x1.4609313be22e6p+9, 0x1.523eefed63455p+9, 0x1.583385e80bed7p+9, 
0x1.616c1a8262457p+9, 0x1.6e6255c0fcb4fp+9, 0x1.7c0aad4f5903ap+9, 
0x1.8dfec0f01fb83p+9, 0x1.938d9a2834d27p+9, 0x1.9bfc9717df19dp+9, 
0x1.9f51f77292c49p+9, 0x1.a3f4ffda4052dp+9, 0x1.ae91f91e646f1p+9, 
0x1.bc4615db3397ep+9, 0x1.ca2f1cb89d6aep+9, 0x1.d6476262cba73p+9, 
0x1.e307f8a0902dep+9, 0x1.f26be9856a37bp+9, 0x1.fc2565ba6efc3p+9, 
0x1.05cb4738a3b58p+10, 0x1.0ebc6f9767903p+10, 0x1.14d61f9f01b86p+10, 
0x1.2180cbaf965b2p+10, 0x1.299f132724313p+10, 0x1.30c816c1e364cp+10, 
0x1.353e9b8023a6dp+10, 0x1.376bded288ce7p+10, 0x1.3c5818b934699p+10, 
0x1.42cd32ebe596dp+10, 0x1.4c5528522ea1p+10, 0x1.53928605681edp+10, 
0x1.590137542a23cp+10, 0x1.5c02a459103c9p+10, 0x1.5b4f966be7afap+10, 
0x1.5fae91b823c86p+10, 0x1.614ba077036cap+10, 0x1.65945b9a5a89cp+10, 
0x1.6e77b69984a0ep+10, 0x1.705103c8e25c8p+10, 0x1.765d5e99e94abp+10, 
0x1.7ac05a921ccd9p+10, 0x1.7b36a63736cdfp+10, 0x1.7e413a3a8e714p+10, 
0x1.827e8bb4d4888p+10, 0x1.840df52fc2657p+10, 0x1.8cfce12620254p+10, 
0x1.9b1ed0247021dp+10, 0x1.a636dcfcc5b8ep+10, 0x1.b9ab76e6106abp+10, 
0x1.c618964a59c06p+10, 0x1.cd4dfb9bed30fp+10, 0x1.d41ad041cc533p+10, 
0x1.cf1e566490a35p+10, 0x1.d4a1d1c3ac92ap+10, 0x1.db570dd3fe197p+10, 
0x1.e38bd7d3910c3p+10, 0x1.f1fdafb7e91p+10, 0x1.f5d3ff5c6c11ap+10, 
0x1.ffcb114d2f5dcp+10, 0x1.04418427418d7p+11, 0x1.0727628240b78p+11, 
0x1.09e52ffd1dcd7p+11, 0x1.0d6e3e1eb4203p+11, 0x1.0eea67a0f9097p+11, 
0x1.138b05100a394p+11, 0x1.1781c158fb43ep+11, 0x1.17f241333b96bp+11, 
0x1.18462de657b85p+11, 0x1.167c0ac7da1ecp+11, 0x1.139205fd04a3p+11, 
0x1.10f0454152b0ap+11, 0x1.10ae1882adc4dp+11, 0x1.10c40e820e62ap+11, 
0x1.127548c0ce91dp+11, 0x1.10f9f2580c309p+11, 0x1.0f95accb3a259p+11, 
0x1.0edd42acb85a5p+11, 0x1.0c747b00bcbe6p+11, 0x1.0cec09a88ace2p+11, 
0x1.0c6fa528ae74fp+11, 0x1.0be9bbdbe3c1p+11, 0x1.0b94b2af14552p+11, 
0x1.0e3365082cf53p+11, 0x1.114918dac258dp+11, 0x1.116276ba0620bp+11, 
0x1.14e5cdab191dep+11, 0x1.157c6685db76bp+11, 0x1.15cf61fe21d97p+11, 
0x1.1b74ac6ac215cp+11, 0x1.201c2806af46bp+11, 0x1.2300f765fd8aep+11, 
0x1.2894a187a4a49p+11, 0x1.2dd1f28848388p+11, 0x1.3142b02928177p+11, 
0x1.397b3c3c5bd0ep+11, 0x1.3be2d08919ef9p+11, 0x1.38d1dc0336156p+11, 
0x1.3438d9a0f0a5fp+11, 0x1.0cb958fb43d8ap+11, 0x1.2d34d275ee99ap+11, 
0x1.1cae7a3fcc9ebp+11, 0x1.289ee8709741dp+11, 0x1.364ee07c419ap+11, 
0x1.461fb1183b603p+11, 0x1.548babdc26dcep+11, 0x1.6461e36f3b214p+11, 
0x1.8c2ce6cf41f21p+11, 0x1.9600405708249p+11, 0x1.9d37670e2c12bp+11, 
0x1.96817af42784bp+11, 0x1.9620e63e8dda5p+11, 0x1.98ca235d67ba2p+11, 
0x1.95fe5b7281fdap+11, 0x1.9b4657cb2d906p+11, 0x1.9a05b5e74299ep+11, 
0x1.9689200192a73p+11, 0x1.9888b28954a8p+11, 0x1.9cf0b9ef0f16fp+11
)), class = "data.frame", row.names = c(NA, -121L))
