structure(list(period_id = c("1995Q1", "1995Q2", "1995Q3", "1995Q4", 
"1996Q1", "1996Q2", "1996Q3", "1996Q4", "1997Q1", "1997Q2", "1997Q3", 
"1997Q4", "1998Q1", "1998Q2", "1998Q3", "1998Q4", "1999Q1", "1999Q2", 
"1999Q3", "1999Q4", "2000Q1", "2000Q2", "2000Q3", "2000Q4", "2001Q1", 
"2001Q2", "2001Q3", "2001Q4", "2002Q1", "2002Q2", "2002Q3", "2002Q4", 
"2003Q1", "2003Q2", "2003Q3", "2003Q4", "2004Q1", "2004Q2", "2004Q3", 
"2004Q4", "2005Q1", "2005Q2", "2005Q3", "2005Q4", "2006Q1", "2006Q2", 
"2006Q3", "2006Q4", "2007Q1", "2007Q2", "2007Q3", "2007Q4", "2008Q1", 
"2008Q2", "2008Q3", "2008Q4", "2009Q1", "2009Q2", "2009Q3", "2009Q4", 
"2010Q1", "2010Q2", "2010Q3", "2010Q4", "2011Q1", "2011Q2", "2011Q3", 
"2011Q4", "2012Q1", "2012Q2", "2012Q3", "2012Q4", "2013Q1", "2013Q2", 
"2013Q3", "2013Q4", "2014Q1", "2014Q2", "2014Q3", "2014Q4", "2015Q1", 
"2015Q2", "2015Q3", "2015Q4", "2016Q1", "2016Q2", "2016Q3", "2016Q4", 
"2017Q1", "2017Q2", "2017Q3", "2017Q4", "2018Q1", "2018Q2", "2018Q3", 
"2018Q4", "2019Q1", "2019Q2", "2019Q3", "2019Q4", "2020Q1", "2020Q2", 
"2020Q3", "2020Q4", "2021Q1", "2021Q2", "2021Q3", "2021Q4", "2022Q1", 
"2022Q2", "2022Q3", "2022Q4", "2023Q1", "2023Q2", "2023Q3", "2023Q4", 
"2024Q1", "2024Q2", "2024Q3", "2024Q4", "2025Q1", "2025Q2", "2025Q3"
), value = c(NA, NA, NA, NA, 0x1.863e10f0e90bcp+10, 0x1.8efd23f24d8fdp+10, 
0x1.949db72c5197ap+10, 0x1.9dddd1dcd7061p+10, 0x1.a652f5c28f5c3p+10, 
0x1.c7e5148344c38p+10, 0x1.d3e8d2b6f1993p+10, 0x1.e527b36bd2b6fp+10, 
0x1.ebb512ba16e7ap+10, 0x1.f74c619da9c99p+10, 0x1.f9c1bc33f8551p+10, 
0x1.feadebbfd71bp+10, 0x1.f90ebd273d5bbp+10, 0x1.fba2c358afc48p+10, 
0x1.06bc25e785b5bp+11, 0x1.10d517fc7607cp+11, 0x1.1f9d49fd7a13cp+11, 
0x1.2b68f96bfca86p+11, 0x1.30b1145953587p+11, 0x1.3f6738fde2ef5p+11, 
0x1.462f3c6eb0b7cp+11, 0x1.4095212d77319p+11, 0x1.460a2a6d26741p+11, 
0x1.4a91f8d92fb1ap+11, 0x1.5c3ef6922d949p+11, 0x1.5a25273929ed4p+11, 
0x1.63843906466b2p+11, 0x1.6850fb3311a54p+11, 0x1.670d72ef0ae53p+11, 
0x1.642c6f5a964e9p+11, 0x1.717309efd86a9p+11, 0x1.77012ed99cbefp+11, 
0x1.7d61676640a6cp+11, 0x1.9afa7d41743e9p+11, 0x1.a62be0e0eb67cp+11, 
0x1.a991aec28b2a7p+11, 0x1.afd670b49e01ep+11, 0x1.c4b59ef5232d3p+11, 
0x1.dff94864883fdp+11, 0x1.ee35968b5cbffp+11, 0x1.00a7549c6f36fp+12, 
0x1.0bbe1ebfa8f7ep+12, 0x1.0f1dd95464dc2p+12, 0x1.220db2f76e61p+12, 
0x1.2b990204f2aep+12, 0x1.34202e9ab29e5p+12, 0x1.3c7f0c8472c0ep+12, 
0x1.3c56a7fb267c7p+12, 0x1.46e92a0fd3b2ap+12, 0x1.4329ff84449dcp+12, 
0x1.40c78c5b8dc55p+12, 0x1.1bd992ed783ep+12, 0x1.f7d5baa369fcfp+11, 
0x1.f65a4e7ee9143p+11, 0x1.03090f4c6e6dap+12, 0x1.0a75a0407cc7dp+12, 
0x1.12dd25eedcc21p+12, 0x1.1e6dbdba0a527p+12, 0x1.26f94faeff5c7p+12, 
0x1.295a13dc8b86bp+12, 0x1.35499e81cb46cp+12, 0x1.39631d6f112fdp+12, 
0x1.3a45629b6b2afp+12, 0x1.3c71acfa69be1p+12, 0x1.39daf42dcf462p+12, 
0x1.3e5515c52e72ep+12, 0x1.3d19145a5fc7ep+12, 0x1.3fb31101b0037p+12, 
0x1.416305a2d73p+12, 0x1.4299ac8a3726p+12, 0x1.46f38fc2eba28p+12, 
0x1.4e72804534bd7p+12, 0x1.4bb0f0329802cp+12, 0x1.4f81835ce1826p+12, 
0x1.603cb625204bp+12, 0x1.67ffec0c62e4dp+12, 0x1.667c825bfad2ap+12, 
0x1.682fa12d77319p+12, 0x1.6f4608a58b3f6p+12, 0x1.7190348e4756p+12, 
0x1.7ed558a65493p+12, 0x1.826d0a393ee5fp+12, 0x1.878b00e8c8abdp+12, 
0x1.88b13f961804ep+12, 0x1.9ed8be5a78f26p+12, 0x1.a60570b06c43fp+12, 
0x1.bb372513b5bf7p+12, 0x1.c1fd445cbbc2cp+12, 0x1.c001795703f2dp+12, 
0x1.c9d623161a1dcp+12, 0x1.cb0a096dd26b7p+12, 0x1.d2ee4535c9e67p+12, 
0x1.db144c4156e26p+12, 0x1.e0c0cbfd2e947p+12, 0x1.e2d426937d1fep+12, 
0x1.d78ee8d972cd8p+12, 0x1.d480f8c0053e3p+12, 0x1.7dcd242aed139p+12, 
0x1.cd55985271bcep+12, 0x1.deef4a30db6a2p+12, 0x1.ef6260f5e41d5p+12, 
0x1.f263a29307af2p+12, 0x1.ed31e48c7192fp+12, 0x1.09217b3e9a6f8p+13, 
0x1.fce98e48626f6p+12, 0x1.02bf40d887ebfp+13, 0x1.0e0dd7c02afdep+13, 
0x1.0393fcfdd2285p+13, 0x1.03f4d72ffd1ddp+13, 0x1.04f8f4f616723p+13, 
0x1.ed2422bcf91a3p+12, 0x1.fa5d8061847f5p+12, 0x1.04c44ff0025cp+13, 
0x1.02cd8cae642cp+13, 0x1.0a403f761cbcdp+13, 0x1.04d73b320535dp+13, 
0x1.04ec12e62131bp+13, 0x1.022bf8a7e73a3p+13, 0x1.05a0da8694035p+13
)), class = "data.frame", row.names = c(NA, -123L))
