structure(list(period_id = c("2010M01", "2010M02", "2010M03", 
"2010M04", "2010M05", "2010M06", "2010M07", "2010M08", "2010M09", 
"2010M10", "2010M11", "2010M12", "2011M01", "2011M02", "2011M03", 
"2011M04", "2011M05", "2011M06", "2011M07", "2011M08", "2011M09", 
"2011M10", "2011M11", "2011M12", "2012M01", "2012M02", "2012M03", 
"2012M04", "2012M05", "2012M06", "2012M07", "2012M08", "2012M09", 
"2012M10", "2012M11", "2012M12", "2013M01", "2013M02", "2013M03", 
"2013M04", "2013M05", "2013M06", "2013M07", "2013M08", "2013M09", 
"2013M10", "2013M11", "2013M12", "2014M01", "2014M02", "2014M03", 
"2014M04", "2014M05", "2014M06", "2014M07", "2014M08", "2014M09", 
"2014M10", "2014M11", "2014M12", "2015M01", "2015M02", "2015M03", 
"2015M04", "2015M05", "2015M06", "2015M07", "2015M08", "2015M09", 
"2015M10", "2015M11", "2015M12", "2016M01", "2016M02", "2016M03", 
"2016M04", "2016M05", "2016M06", "2016M07", "2016M08", "2016M09", 
"2016M10", "2016M11", "2016M12", "2017M01", "2017M02", "2017M03", 
"2017M04", "2017M05", "2017M06", "2017M07", "2017M08", "2017M09", 
"2017M10", "2017M11", "2017M12", "2018M01", "2018M02", "2018M03", 
"2018M04", "2018M05", "2018M06", "2018M07", "2018M08", "2018M09", 
"2018M10", "2018M11", "2018M12", "2019M01", "2019M02", "2019M03", 
"2019M04", "2019M05", "2019M06", "2019M07", "2019M08", "2019M09", 
"2019M10", "2019M11", "2019M12", "2020M01", "2020M02", "2020M03", 
"2020M04", "2020M05", "2020M06", "2020M07", "2020M08", "2020M09", 
"2020M10", "2020M11", "2020M12", "2021M01", "2021M02", "2021M03", 
"2021M04", "2021M05", "2021M06", "2021M07", "2021M08", "2021M09", 
"2021M10", "2021M11", "2021M12", "2022M01", "2022M02", "2022M03", 
"2022M04", "2022M05", "2022M06", "2022M07", "2022M08", "2022M09", 
"2022M10", "2022M11", "2022M12", "2023M01", "2023M02", "2023M03", 
"2023M04", "2023M05", "2023M06", "2023M07", "2023M08", "2023M09", 
"2023M10", "2023M11", "2023M12", "2024M01", "2024M02", "2024M03", 
"2024M04", "2024M05", "2024M06", "2024M07", "2024M08", "2024M09", 
"2024M10", "2024M11", "2024M12", "2025M01", "2025M02", "2025M03", 
"2025M04"), value = c(0x1.b066666666666p+6, 0x1.b6ccccccccccdp+6, 
0x1.b533333333333p+6, 0x1.ad33333333333p+6, 0x1.bap+6, 0x1.b066666666666p+6, 
0x1.b6ccccccccccdp+6, 0x1.b066666666666p+6, 0x1.b333333333333p+6, 
0x1.bd33333333333p+6, 0x1.baccccccccccdp+6, 0x1.bep+6, 0x1.c133333333333p+6, 
0x1.bf33333333333p+6, 0x1.bb9999999999ap+6, 0x1.bf33333333333p+6, 
0x1.af33333333333p+6, 0x1.bb9999999999ap+6, 0x1.ab33333333333p+6, 
0x1.b59999999999ap+6, 0x1.b533333333333p+6, 0x1.af9999999999ap+6, 
0x1.b0ccccccccccdp+6, 0x1.b0ccccccccccdp+6, 0x1.b19999999999ap+6, 
0x1.a8p+6, 0x1.aeccccccccccdp+6, 0x1.a666666666666p+6, 0x1.ad9999999999ap+6, 
0x1.ab9999999999ap+6, 0x1.a8p+6, 0x1.a99999999999ap+6, 0x1.a733333333333p+6, 
0x1.9cp+6, 0x1.ap+6, 0x1.9ap+6, 0x1.98ccccccccccdp+6, 0x1.9866666666666p+6, 
0x1.9133333333333p+6, 0x1.9c66666666666p+6, 0x1.9b33333333333p+6, 
0x1.98p+6, 0x1.a333333333333p+6, 0x1.98ccccccccccdp+6, 0x1.a4p+6, 
0x1.a19999999999ap+6, 0x1.a2p+6, 0x1.9d9999999999ap+6, 0x1.939999999999ap+6, 
0x1.9533333333333p+6, 0x1.9f33333333333p+6, 0x1.a133333333333p+6, 
0x1.90ccccccccccdp+6, 0x1.9066666666666p+6, 0x1.90ccccccccccdp+6, 
0x1.959999999999ap+6, 0x1.9133333333333p+6, 0x1.9b33333333333p+6, 
0x1.96p+6, 0x1.9866666666666p+6, 0x1.aap+6, 0x1.a59999999999ap+6, 
0x1.a666666666666p+6, 0x1.a8p+6, 0x1.b733333333333p+6, 0x1.b79999999999ap+6, 
0x1.b39999999999ap+6, 0x1.b466666666666p+6, 0x1.b39999999999ap+6, 
0x1.b6p+6, 0x1.c066666666666p+6, 0x1.c866666666666p+6, 0x1.c4p+6, 
0x1.d666666666666p+6, 0x1.ce66666666666p+6, 0x1.c6ccccccccccdp+6, 
0x1.ce66666666666p+6, 0x1.d4p+6, 0x1.dap+6, 0x1.df9999999999ap+6, 
0x1.ea66666666666p+6, 0x1.eb9999999999ap+6, 0x1.eeccccccccccdp+6, 
0x1.f4ccccccccccdp+6, 0x1.ee66666666666p+6, 0x1.f2p+6, 0x1.fb33333333333p+6, 
0x1.fc66666666666p+6, 0x1.fd9999999999ap+6, 0x1.0066666666666p+7, 
0x1.03ccccccccccdp+7, 0x1.039999999999ap+7, 0x1.fd33333333333p+6, 
0x1.03p+7, 0x1.06p+7, 0x1.049999999999ap+7, 0x1.0a33333333333p+7, 
0x1.f79999999999ap+6, 0x1.0466666666666p+7, 0x1.0ap+7, 0x1.0eccccccccccdp+7, 
0x1.0ap+7, 0x1.0c33333333333p+7, 0x1.0ep+7, 0x1.11ccccccccccdp+7, 
0x1.11ccccccccccdp+7, 0x1.149999999999ap+7, 0x1.1accccccccccdp+7, 
0x1.139999999999ap+7, 0x1.1a66666666666p+7, 0x1.189999999999ap+7, 
0x1.149999999999ap+7, 0x1.0e66666666666p+7, 0x1.17ccccccccccdp+7, 
0x1.17p+7, 0x1.179999999999ap+7, 0x1.1a9999999999ap+7, 0x1.22p+7, 
0x1.22ccccccccccdp+7, 0x1.2366666666666p+7, 0x1.2533333333333p+7, 
0x1.259999999999ap+7, 0x1.fe66666666666p+5, 0x1.48p+4, 0x1.90ccccccccccdp+5, 
0x1.559999999999ap+6, 0x1.cd33333333333p+6, 0x1.de66666666666p+6, 
0x1.eb33333333333p+6, 0x1.4466666666666p+6, 0x1.6666666666666p+5, 
0x1.419999999999ap+5, 0x1.34ccccccccccdp+5, 0x1.7666666666666p+5, 
0x1.7cp+5, 0x1.999999999999ap+5, 0x1.2333333333333p+6, 0x1.a133333333333p+6, 
0x1.0066666666666p+7, 0x1.0f33333333333p+7, 0x1.11p+7, 0x1.0f9999999999ap+7, 
0x1.01ccccccccccdp+7, 0x1.01ccccccccccdp+7, 0x1.0c66666666666p+7, 
0x1.1cp+7, 0x1.35ccccccccccdp+7, 0x1.2566666666666p+7, 0x1.2c66666666666p+7, 
0x1.599999999999ap+7, 0x1.33ccccccccccdp+7, 0x1.3b9999999999ap+7, 
0x1.2566666666666p+7, 0x1.3f33333333333p+7, 0x1.4dccccccccccdp+7, 
0x1.45ccccccccccdp+7, 0x1.5066666666666p+7, 0x1.4bp+7, 0x1.51p+7, 
0x1.4ap+7, 0x1.4a33333333333p+7, 0x1.5166666666666p+7, 0x1.5233333333333p+7, 
0x1.45ccccccccccdp+7, 0x1.5033333333333p+7, 0x1.4b9999999999ap+7, 
0x1.4d9999999999ap+7, 0x1.5866666666666p+7, 0x1.5766666666666p+7, 
0x1.599999999999ap+7, 0x1.57ccccccccccdp+7, 0x1.5366666666666p+7, 
0x1.5a9999999999ap+7, 0x1.54ccccccccccdp+7, 0x1.5b9999999999ap+7, 
0x1.5d9999999999ap+7, 0x1.579999999999ap+7, 0x1.5d66666666666p+7, 
0x1.63p+7, 0x1.62ccccccccccdp+7, 0x1.56ccccccccccdp+7, 0x1.529999999999ap+7, 
0x1.53p+7, 0x1.5833333333333p+7)), class = "data.frame", row.names = c(NA, 
-184L))
