structure(list(period_id = c("1995Q1", "1995Q2", "1995Q3", "1995Q4", 
"1996Q1", "1996Q2", "1996Q3", "1996Q4", "1997Q1", "1997Q2", "1997Q3", 
"1997Q4", "1998Q1", "1998Q2", "1998Q3", "1998Q4", "1999Q1", "1999Q2", 
"1999Q3", "1999Q4", "2000Q1", "2000Q2", "2000Q3", "2000Q4", "2001Q1", 
"2001Q2", "2001Q3", "2001Q4", "2002Q1", "2002Q2", "2002Q3", "2002Q4", 
"2003Q1", "2003Q2", "2003Q3", "2003Q4", "2004Q1", "2004Q2", "2004Q3", 
"2004Q4", "2005Q1", "2005Q2", "2005Q3", "2005Q4", "2006Q1", "2006Q2", 
"2006Q3", "2006Q4", "2007Q1", "2007Q2", "2007Q3", "2007Q4", "2008Q1", 
"2008Q2", "2008Q3", "2008Q4", "2009Q1", "2009Q2", "2009Q3", "2009Q4", 
"2010Q1", "2010Q2", "2010Q3", "2010Q4", "2011Q1", "2011Q2", "2011Q3", 
"2011Q4", "2012Q1", "2012Q2", "2012Q3", "2012Q4", "2013Q1", "2013Q2", 
"2013Q3", "2013Q4", "2014Q1", "2014Q2", "2014Q3", "2014Q4", "2015Q1", 
"2015Q2", "2015Q3", "2015Q4", "2016Q1", "2016Q2", "2016Q3", "2016Q4", 
"2017Q1", "2017Q2", "2017Q3", "2017Q4", "2018Q1", "2018Q2", "2018Q3", 
"2018Q4", "2019Q1", "2019Q2", "2019Q3", "2019Q4", "2020Q1", "2020Q2", 
"2020Q3", "2020Q4", "2021Q1", "2021Q2", "2021Q3", "2021Q4", "2022Q1", 
"2022Q2", "2022Q3", "2022Q4", "2023Q1", "2023Q2", "2023Q3", "2023Q4", 
"2024Q1", "2024Q2", "2024Q3"), value = c(NA, NA, NA, NA, 0x1.863e10f0e90bcp+10, 
0x1.8efd23f24d8fdp+10, 0x1.949db72c5197ap+10, 0x1.9dddd1dcd7061p+10, 
0x1.a652f5c28f5c3p+10, 0x1.c7e5148344c38p+10, 0x1.d3e8d2b6f1993p+10, 
0x1.e527b36bd2b6fp+10, 0x1.ebb512ba16e7ap+10, 0x1.f74c619da9c99p+10, 
0x1.f9c1bc33f8551p+10, 0x1.feadebbfd71bp+10, 0x1.f90ebd273d5bbp+10, 
0x1.fba2c358afc48p+10, 0x1.06bc25e785b5bp+11, 0x1.10d517fc7607cp+11, 
0x1.1f9d49fd7a13cp+11, 0x1.2b68f96bfca86p+11, 0x1.30b1145953587p+11, 
0x1.3f6738fde2ef5p+11, 0x1.462f3c6eb0b7cp+11, 0x1.4095212d77319p+11, 
0x1.460a2a6d26741p+11, 0x1.4a91f8d92fb1ap+11, 0x1.5c3ef6922d949p+11, 
0x1.5a25273929ed4p+11, 0x1.63843906466b2p+11, 0x1.6850fb3311a54p+11, 
0x1.670d72ef0ae53p+11, 0x1.642c6f5a964e9p+11, 0x1.717309efd86a9p+11, 
0x1.77012ed99cbefp+11, 0x1.7d61676640a6cp+11, 0x1.9afa7d41743e9p+11, 
0x1.a62be0e0eb67cp+11, 0x1.a991aec28b2a7p+11, 0x1.afd670b49e01ep+11, 
0x1.c4b59ef5232d3p+11, 0x1.dff94864883fdp+11, 0x1.ee35968b5cbffp+11, 
0x1.00a7549c6f36fp+12, 0x1.0bbe1ebfa8f7ep+12, 0x1.0f1dd95464dc2p+12, 
0x1.220db2f76e61p+12, 0x1.2b990204f2aep+12, 0x1.34202e9ab29e5p+12, 
0x1.3c7f0c8472c0ep+12, 0x1.3c56a7fb267c7p+12, 0x1.46e92a0fd3b2ap+12, 
0x1.4329ff84449dcp+12, 0x1.40c78c5b8dc55p+12, 0x1.1bd992ed783ep+12, 
0x1.f7d5baa369fcfp+11, 0x1.f65a4e7ee9143p+11, 0x1.03090f4c6e6dap+12, 
0x1.0a75a0407cc7dp+12, 0x1.12ff34dad31fdp+12, 0x1.1e66c4e3ffef4p+12, 
0x1.26ef7a92a3055p+12, 0x1.29721ff4fd6d8p+12, 0x1.35a578705425fp+12, 
0x1.395dbc71d6063p+12, 0x1.3a1fe36199781p+12, 0x1.3c47e9ed3953ep+12, 
0x1.3a1d97f4128bfp+12, 0x1.3e2e4981beb18p+12, 0x1.3cdfccd31769bp+12, 
0x1.3f768cf8d716dp+12, 0x1.4182d52e2fbe3p+12, 0x1.42a521af7d30bp+12, 
0x1.46d4f1172ef0bp+12, 0x1.4e26fee3d5fddp+12, 0x1.4bdf6bdd334c6p+12, 
0x1.4f9e8c586876ep+12, 0x1.6023ec7a7c9dep+12, 0x1.67d500b673c4fp+12, 
0x1.668f03be6601cp+12, 0x1.6840bf8b9baa1p+12, 0x1.6f65e85015c21p+12, 
0x1.71c6dc27e9531p+12, 0x1.7e907c9795b36p+12, 0x1.8298e69270b07p+12, 
0x1.87ac2873bc904p+12, 0x1.88a27e9531551p+12, 0x1.9ed638088509cp+12, 
0x1.a5c989a027525p+12, 0x1.bb65ed080b674p+12, 0x1.c1ba11116a8b9p+12, 
0x1.bfd14bc6a7efap+12, 0x1.c9401f559b3dp+12, 0x1.cb8d56bdb1a6dp+12, 
0x1.d2c556c93a711p+12, 0x1.daa676177ea1cp+12, 0x1.e00986317268dp+12, 
0x1.e3ea11105e1c1p+12, 0x1.d7509715c63aep+12, 0x1.d4297bff8a8f4p+12, 
0x1.7d11b98a65493p+12, 0x1.cf003cfd4bf0ap+12, 0x1.df07684ad794ap+12, 
0x1.f0a62ecbfb15bp+12, 0x1.f4e5259f2ba9dp+12, 0x1.f131ee7f6f4bfp+12, 
0x1.098113f8db489p+13, 0x1.fb39187d6f976p+12, 0x1.01deb4562e0ap+13, 
0x1.0ebc2d666a982p+13, 0x1.028b2a411c2ap+13, 0x1.027d427179bfep+13, 
0x1.0360432b12d34p+13, 0x1.ee039bd8383aep+12, 0x1.f883788db0575p+12, 
0x1.05e308a3f8983p+13, 0x1.03816aeb80edp+13, 0x1.0beb6980b242p+13
)), class = "data.frame", row.names = c(NA, -119L))
