structure(list(period_id = c("2002M04", "2002M05", "2002M06", 
"2002M07", "2002M08", "2002M09", "2002M10", "2002M11", "2002M12", 
"2003M01", "2003M02", "2003M03", "2003M04", "2003M05", "2003M06", 
"2003M07", "2003M08", "2003M09", "2003M10", "2003M11", "2003M12", 
"2004M01", "2004M02", "2004M03", "2004M04", "2004M05", "2004M06", 
"2004M07", "2004M08", "2004M09", "2004M10", "2004M11", "2004M12", 
"2005M01", "2005M02", "2005M03", "2005M04", "2005M05", "2005M06", 
"2005M07", "2005M08", "2005M09", "2005M10", "2005M11", "2005M12", 
"2006M01", "2006M02", "2006M03", "2006M04", "2006M05", "2006M06", 
"2006M07", "2006M08", "2006M09", "2006M10", "2006M11", "2006M12", 
"2007M01", "2007M02", "2007M03", "2007M04", "2007M05", "2007M06", 
"2007M07", "2007M08", "2007M09", "2007M10", "2007M11", "2007M12", 
"2008M01", "2008M02", "2008M03", "2008M04", "2008M05", "2008M06", 
"2008M07", "2008M08", "2008M09", "2008M10", "2008M11", "2008M12", 
"2009M01", "2009M02", "2009M03", "2009M04", "2009M05", "2009M06", 
"2009M07", "2009M08", "2009M09", "2009M10", "2009M11", "2009M12", 
"2010M01", "2010M02", "2010M03", "2010M04", "2010M05", "2010M06", 
"2010M07", "2010M08", "2010M09", "2010M10", "2010M11", "2010M12", 
"2011M01", "2011M02", "2011M03", "2011M04", "2011M05", "2011M06", 
"2011M07", "2011M08", "2011M09", "2011M10", "2011M11", "2011M12", 
"2012M01", "2012M02", "2012M03", "2012M04", "2012M05", "2012M06", 
"2012M07", "2012M08", "2012M09", "2012M10", "2012M11", "2012M12", 
"2013M01", "2013M02", "2013M03", "2013M04", "2013M05", "2013M06", 
"2013M07", "2013M08", "2013M09", "2013M10", "2013M11", "2013M12", 
"2014M01", "2014M02", "2014M03", "2014M04", "2014M05", "2014M06", 
"2014M07", "2014M08", "2014M09", "2014M10", "2014M11", "2014M12", 
"2015M01", "2015M02", "2015M03", "2015M04", "2015M05", "2015M06", 
"2015M07", "2015M08", "2015M09", "2015M10", "2015M11", "2015M12", 
"2016M01", "2016M02", "2016M03", "2016M04", "2016M05", "2016M06", 
"2016M07", "2016M08", "2016M09", "2016M10", "2016M11", "2016M12", 
"2017M01", "2017M02", "2017M03", "2017M04", "2017M05", "2017M06", 
"2017M07", "2017M08", "2017M09", "2017M10", "2017M11", "2017M12", 
"2018M01", "2018M02", "2018M03", "2018M04", "2018M05", "2018M06", 
"2018M07", "2018M08", "2018M09", "2018M10", "2018M11", "2018M12", 
"2019M01", "2019M02", "2019M03", "2019M04", "2019M05", "2019M06", 
"2019M07", "2019M08", "2019M09", "2019M10", "2019M11", "2019M12", 
"2020M01", "2020M02", "2020M03", "2020M04", "2020M05", "2020M06", 
"2020M07", "2020M08", "2020M09", "2020M10", "2020M11", "2020M12", 
"2021M01", "2021M02", "2021M03", "2021M04", "2021M05", "2021M06", 
"2021M07", "2021M08", "2021M09", "2021M10", "2021M11", "2021M12", 
"2022M01", "2022M02", "2022M03", "2022M04", "2022M05", "2022M06", 
"2022M07", "2022M08", "2022M09", "2022M10", "2022M11", "2022M12", 
"2023M01", "2023M02", "2023M03", "2023M04", "2023M05", "2023M06", 
"2023M07", "2023M08", "2023M09", "2023M10", "2023M11", "2023M12", 
"2024M01", "2024M02", "2024M03", "2024M04", "2024M05", "2024M06", 
"2024M07", "2024M08", "2024M09", "2024M10", "2024M11", "2024M12", 
"2025M01", "2025M02", "2025M03"), value = c(NA, NA, NA, NA, NA, 
NA, NA, NA, NA, NA, NA, NA, NA, NA, NA, NA, NA, NA, NA, NA, NA, 
NA, NA, NA, NA, NA, NA, NA, NA, NA, NA, NA, NA, NA, NA, NA, NA, 
NA, NA, NA, NA, NA, NA, NA, NA, NA, NA, NA, NA, NA, NA, NA, NA, 
NA, NA, NA, NA, NA, NA, NA, NA, NA, NA, NA, NA, NA, NA, NA, NA, 
NA, NA, NA, NA, NA, NA, NA, NA, NA, NA, NA, NA, NA, NA, NA, NA, 
NA, NA, NA, NA, NA, NA, NA, NA, 0x1.a2b88141c52d8p+2, 0x1.54d4337d8cc6fp+1, 
-0x1.ca1f65bfb1e31p+3, -0x1.a3c6491bec897p+3, -0x1.88b1862e719c4p+2, 
-0x1.6ae9367b0a641p+1, -0x1.8b9658e87ea3p+0, -0x1.24b62ad26f2bcp+1, 
-0x1.b11b83941eb07p-3, -0x1.2ced415612848p+1, 0x1.5df2848625e33p-4, 
0x1.c9a5684eb0d8ap-1, 0x1.31c2abb55dc1fp+0, -0x1.8723874f4454dp+0, 
0x1.11a713767dab7p+1, 0x1.f88d48efb149p-1, 0x1.37c7b050ffc7bp+0, 
0x1.8a3020e87891fp+1, 0x1.4f2b9490e1b34p+1, 0x1.18569e9bd434ep+2, 
0x1.b820337216749p+1, 0x1.9675b364b5a6p+0, -0x1.1faff0a10eef3p+0, 
-0x1.c9488bd422f13p+2, -0x1.41056f7a8559p+3, -0x1.0eb2f3a8631ep+3, 
-0x1.8aead17cd3c8ep+2, -0x1.571683110cafdp+3, -0x1.fe0e7ee8c1b49p+2, 
-0x1.48439e1abb4adp+3, -0x1.817583809079bp+3, -0x1.bcbbf80a02dc5p+3, 
-0x1.ddfef916a428bp+3, -0x1.261589c7edd48p+4, -0x1.1ad5665004e9ep+4, 
-0x1.9b9935eae4083p+3, -0x1.72ac88ca1389fp+3, -0x1.9a6e79de10b7ap+3, 
-0x1.8f38e2d6bfe3ep+3, -0x1.85d051a4393a2p+3, -0x1.e19769fbbe9f3p+3, 
-0x1.bbfb2bdbb8e96p+3, -0x1.6f317165e4599p+3, -0x1.1ea042ca1a8fp+3, 
-0x1.7d262ac9d825cp+3, -0x1.79fd1c2cfcfb5p+3, -0x1.0e334588afc35p+3, 
-0x1.3d9241bfcd66dp+3, -0x1.e789cf8629692p+1, -0x1.81051b793e6b8p+2, 
-0x1.f10fa8fb9d80fp+1, 0x1.31ef7bf64906bp+0, 0x1.28a951773a1ffp+3, 
0x1.bc83c9a4b567cp+2, 0x1.c1fb218accf4ap+2, 0x1.b9d57f9a77b78p+2, 
0x1.ee34e95f9ccc1p+2, 0x1.5b0afaebd6eebp+3, 0x1.58bedd8cd4078p+3, 
0x1.6198c3dd53c77p+3, 0x1.8cafa025f06cap+3, 0x1.0703f9f67b9cep+4, 
0x1.02cbf8e9b2ccfp+4, 0x1.04f3c69d8c2c2p+4, 0x1.097d66d989e6dp+4, 
0x1.dcd73ac16963cp+3, 0x1.020db3440a7dp+4, 0x1.01642ca118ap+4, 
0x1.105d172289d75p+4, 0x1.25d1373201961p+4, 0x1.1612ebb4a738bp+4, 
0x1.34b16cc4fdb52p+4, 0x1.f55d8ff216818p+3, 0x1.0f3a63b26d553p+4, 
0x1.33b75eef6d996p+4, 0x1.51b9785273abap+4, 0x1.1b8584fd8e075p+4, 
0x1.20b44dc3c393ep+4, 0x1.3fa7f33071897p+4, 0x1.17cb42b70d319p+4, 
0x1.2903ff4ef7815p+4, 0x1.5acc8d7f29e2cp+4, 0x1.537af8ceea50ap+4, 
0x1.518707bfa329dp+4, 0x1.5cea1fdb89f66p+4, 0x1.64fa7836192dp+4, 
0x1.a2dd376260d6p+4, 0x1.af684f6e9a6aep+4, 0x1.899a3639144c2p+4, 
0x1.76f83a5bf694dp+4, 0x1.7f1fa1da2c723p+4, 0x1.8419e6dac526fp+4, 
0x1.6762aeb6d6233p+4, 0x1.b75e2a08c23a6p+4, 0x1.c88c6a83ba30dp+4, 
0x1.d18f08e607d04p+4, 0x1.8a5f3cbab00f9p+4, 0x1.7adedfa620ef1p+4, 
0x1.6c955181b90e6p+4, 0x1.9c458898541a1p+4, 0x1.9bb1d76eb3b44p+4, 
0x1.78c821c7ff474p+4, 0x1.820728e28bf6ap+4, 0x1.7eefca61e6e47p+4, 
0x1.8125fecf6492ep+4, 0x1.82580c45f4dcp+4, 0x1.6a1b55bd320b5p+4, 
0x1.bbc60eb2755dap+4, 0x1.988d1f0253e13p+4, 0x1.8153fc9f3c34bp+4, 
0x1.67aa97af30452p+4, 0x1.7167219bdf83bp+4, 0x1.40679b4aec03fp+4, 
0x1.3861d97c4c709p+4, 0x1.5c5f35862feb9p+4, 0x1.27a62a370298p+4, 
0x1.2ea2023ad088p+4, 0x1.3f3b0784192efp+4, 0x1.3a579131f812p+4, 
0x1.3b1bc0deca28cp+4, 0x1.3f4717a7b9027p+4, 0x1.25ec5664880c5p+4, 
0x1.d2848f165a75cp+2, -0x1.2fcfe19a5d659p+5, -0x1.2a5ff656c519ep+5, 
-0x1.c248714b90afep+4, -0x1.6f50b6b1f7414p+4, -0x1.7b63606d24b1fp+2, 
-0x1.213049a401e02p-2, -0x1.2e7d4ade5d897p+1, -0x1.1df1ef3ca4a63p+4, 
-0x1.55aedfcd6d772p+3, -0x1.606eba09f07c8p+2, -0x1.0c596ca6bd05cp+1, 
-0x1.a01d606317269p-1, -0x1.1fd59d8ababaap+0, 0x1.1bb788d76c9d7p+3, 
0x1.f54cb7bd0163fp+3, 0x1.8c3e5e36e2ad4p+3, 0x1.9c594a82bf945p+3, 
0x1.db658b4d592cdp+3, 0x1.1976e50e73468p+4, 0x1.f776295a1676ep+3, 
0x1.9b9817e39a9b5p+3, 0x1.f387aac0170dbp+3, 0x1.00648e59824eep+4, 
0x1.b27efb3aa0195p+3, 0x1.3d6349283d0bp+4, 0x1.293c29a6ed6a2p+4, 
0x1.14624578efa5dp+4, 0x1.051c244da35d2p+4, 0x1.3f20e0fb82edbp+4, 
0x1.ca07fca3aa13cp+3, 0x1.cd811bd1f635p+3, 0x1.36ba263b470bbp+4, 
0x1.44c910beef329p+4, 0x1.2086a648bfe78p+4, 0x1.3a4d981079ed2p+4, 
0x1.4826201a4c937p+4, 0x1.1e609028daff4p+4, 0x1.2dc5bdfa4c0bfp+4, 
0x1.cb347045a038cp+3, 0x1.94c46b9c7be43p+3, 0x1.63266a13e917cp+3, 
0x1.b0e076b0bf02cp+3, 0x1.b8ed270d0a29ap+3, 0x1.92ced3390fa59p+3, 
0x1.d5fdb1ea52ac9p+3, 0x1.c21cb542ccc13p+3, 0x1.263bb0065fc3fp+4, 
0x1.0c5b38c2a1f82p+4, 0x1.11fc32536ced2p+4, 0x1.09b4006b0d53dp+4, 
0x1.e2b3cd3baba97p+3, 0x1.de06e6c71d2b2p+3, 0x1.e1a982a81237ap+3, 
0x1.15a9e37e3f202p+4, 0x1.da397a594f8c1p+3, 0x1.e711b1fc3a436p+3, 
0x1.ea8949a42963bp+3, 0x1.03fcdba29ff4fp+4, 0x1.0f4e10c8b9bd8p+4, 
0x1.08ce97767eb77p+4)), class = "data.frame", row.names = c(NA, 
-276L))
