structure(list(period_id = c("1994Q4", "1995Q1", "1995Q2", "1995Q3", 
"1995Q4", "1996Q1", "1996Q2", "1996Q3", "1996Q4", "1997Q1", "1997Q2", 
"1997Q3", "1997Q4", "1998Q1", "1998Q2", "1998Q3", "1998Q4", "1999Q1", 
"1999Q2", "1999Q3", "1999Q4", "2000Q1", "2000Q2", "2000Q3", "2000Q4", 
"2001Q1", "2001Q2", "2001Q3", "2001Q4", "2002Q1", "2002Q2", "2002Q3", 
"2002Q4", "2003Q1", "2003Q2", "2003Q3", "2003Q4", "2004Q1", "2004Q2", 
"2004Q3", "2004Q4", "2005Q1", "2005Q2", "2005Q3", "2005Q4", "2006Q1", 
"2006Q2", "2006Q3", "2006Q4", "2007Q1", "2007Q2", "2007Q3", "2007Q4", 
"2008Q1", "2008Q2", "2008Q3", "2008Q4", "2009Q1", "2009Q2", "2009Q3", 
"2009Q4", "2010Q1", "2010Q2", "2010Q3", "2010Q4", "2011Q1", "2011Q2", 
"2011Q3", "2011Q4", "2012Q1", "2012Q2", "2012Q3", "2012Q4", "2013Q1", 
"2013Q2", "2013Q3", "2013Q4", "2014Q1", "2014Q2", "2014Q3", "2014Q4", 
"2015Q1", "2015Q2", "2015Q3", "2015Q4", "2016Q1", "2016Q2", "2016Q3", 
"2016Q4", "2017Q1", "2017Q2", "2017Q3", "2017Q4", "2018Q1", "2018Q2", 
"2018Q3", "2018Q4", "2019Q1", "2019Q2", "2019Q3", "2019Q4", "2020Q1", 
"2020Q2", "2020Q3", "2020Q4", "2021Q1", "2021Q2", "2021Q3", "2021Q4", 
"2022Q1", "2022Q2", "2022Q3", "2022Q4", "2023Q1", "2023Q2", "2023Q3", 
"2023Q4", "2024Q1", "2024Q2", "2024Q3"), value = c(NA, NA, NA, 
NA, NA, NA, NA, NA, NA, NA, NA, NA, NA, NA, NA, NA, NA, 0x1.5964317acc4fp+7, 
0x1.51faf74cd3177p+7, 0x1.54493682730c6p+7, 0x1.4fa8468448cf8p+7, 
0x1.26d9001d5c316p+7, 0x1.6780e0221427p+7, 0x1.6c20726d04e62p+7, 
0x1.7af417ebaf102p+7, 0x1.8b208a265f0f6p+7, 0x1.aa61bac2df0d4p+7, 
0x1.b28e2584f4c6ep+7, 0x1.c416160d887ecp+7, 0x1.c2ba84be40421p+7, 
0x1.b67cee17a02fbp+7, 0x1.c1ba94dd72368p+7, 0x1.cc98b955f7836p+7, 
0x1.d8f16c61522a7p+7, 0x1.e6700f776c482p+7, 0x1.ed034d6a161e5p+7, 
0x1.e5d22ff08893bp+7, 0x1.f0df221858bc6p+7, 0x1.f21b3ce63a5c2p+7, 
0x1.07a5dbca9691ap+8, 0x1.11daf587d6f97p+8, 0x1.084c0c4156e26p+8, 
0x1.0c8be2d6238dap+8, 0x1.147de75360d02p+8, 0x1.2a407c5260f5ep+8, 
0x1.3ed2e89eba6adp+8, 0x1.58a1d57ff9b56p+8, 0x1.616626f60e0ebp+8, 
0x1.78330b8cfbfc6p+8, 0x1.88f4abb44e50cp+8, 0x1.9837906466b1ep+8, 
0x1.a76d670196d8fp+8, 0x1.ac15aa715831fp+8, 0x1.b27a7c286f8adp+8, 
0x1.bf8759ee88df3p+8, 0x1.c836c40d0aaa8p+8, 0x1.b4f682a5614ep+8, 
0x1.c8a4c34c1a8acp+8, 0x1.c3a07bbb62414p+8, 0x1.bfa1c96030c24p+8, 
0x1.c170200c0f02p+8, 0x1.b120cd530489dp+8, 0x1.bea2d15ad106fp+8, 
0x1.bd5883cafb3b7p+8, 0x1.c50f6d117b528p+8, 0x1.88480a393ee5fp+8, 
0x1.7c9e7f2c3009bp+8, 0x1.6f362b7baecdp+8, 0x1.6ebeb4528283dp+8, 
0x1.81a91f601797dp+8, 0x1.660cc05921038p+8, 0x1.75b713059641fp+8, 
0x1.5e2851fc4c166p+8, 0x1.75ab7db6e504p+8, 0x1.83c9df761cbcdp+8, 
0x1.9b81d9a0f0a5fp+8, 0x1.9132516db0dd8p+8, 0x1.cb620dcb9a9dap+8, 
0x1.de1705857afeap+8, 0x1.e685a9a804966p+8, 0x1.e24ce10cf5b1dp+8, 
0x1.c4569984a0e41p+8, 0x1.d307641700cd8p+8, 0x1.d3d829068987p+8, 
0x1.cd4b96f21f6cbp+8, 0x1.4cc7d199bb279p+8, 0x1.55aa2749f0e4ep+8, 
0x1.4b25f0c34c1a9p+8, 0x1.4d4c0cc78e9f7p+8, 0x1.445adea897636p+8, 
0x1.48f925edd0529p+8, 0x1.4bc7841248d7ep+8, 0x1.47429ad42c3cap+8, 
0x1.a8dde225fa659p+8, 0x1.9dc244b6e935cp+8, 0x1.ac3080e8c8abdp+8, 
0x1.9d14b39192642p+8, 0x1.ce587ecfe9b7cp+8, 0x1.c486d698fe692p+8, 
0x1.96df4d1633483p+8, 0x1.0b3bdc8b86b16p+9, 0x1.e12ac215b9a5bp+8, 
0x1.bc65a5ca29846p+8, 0x1.d205bf0563ed1p+8, 0x1.0cf0661283904p+9, 
0x1.0a3d56d19decep+9, 0x1.26d79c842fa51p+9, 0x1.4379d35653c9bp+9, 
0x1.4b337396d0918p+9, 0x1.5871affb04ee8p+9, 0x1.808d310129cbbp+9, 
0x1.8c03a0a526959p+9, 0x1.b5645197a2489p+9, 0x1.97d95cd0bb6edp+9, 
0x1.9ca56ebd4cfd1p+9, 0x1.a98aa515ce9e6p+9, 0x1.a9dab8d823422p+9, 
0x1.bb5395e5aff2ap+9, 0x1.6d9083cafb3b7p+9, 0x1.805c6fb4c3c19p+9
)), class = "data.frame", row.names = c(NA, -120L))
