structure(list(period_id = c("2002M04", "2002M05", "2002M06", 
"2002M07", "2002M08", "2002M09", "2002M10", "2002M11", "2002M12", 
"2003M01", "2003M02", "2003M03", "2003M04", "2003M05", "2003M06", 
"2003M07", "2003M08", "2003M09", "2003M10", "2003M11", "2003M12", 
"2004M01", "2004M02", "2004M03", "2004M04", "2004M05", "2004M06", 
"2004M07", "2004M08", "2004M09", "2004M10", "2004M11", "2004M12", 
"2005M01", "2005M02", "2005M03", "2005M04", "2005M05", "2005M06", 
"2005M07", "2005M08", "2005M09", "2005M10", "2005M11", "2005M12", 
"2006M01", "2006M02", "2006M03", "2006M04", "2006M05", "2006M06", 
"2006M07", "2006M08", "2006M09", "2006M10", "2006M11", "2006M12", 
"2007M01", "2007M02", "2007M03", "2007M04", "2007M05", "2007M06", 
"2007M07", "2007M08", "2007M09", "2007M10", "2007M11", "2007M12", 
"2008M01", "2008M02", "2008M03", "2008M04", "2008M05", "2008M06", 
"2008M07", "2008M08", "2008M09", "2008M10", "2008M11", "2008M12", 
"2009M01", "2009M02", "2009M03", "2009M04", "2009M05", "2009M06", 
"2009M07", "2009M08", "2009M09", "2009M10", "2009M11", "2009M12", 
"2010M01", "2010M02", "2010M03", "2010M04", "2010M05", "2010M06", 
"2010M07", "2010M08", "2010M09", "2010M10", "2010M11", "2010M12", 
"2011M01", "2011M02", "2011M03", "2011M04", "2011M05", "2011M06", 
"2011M07", "2011M08", "2011M09", "2011M10", "2011M11", "2011M12", 
"2012M01", "2012M02", "2012M03", "2012M04", "2012M05", "2012M06", 
"2012M07", "2012M08", "2012M09", "2012M10", "2012M11", "2012M12", 
"2013M01", "2013M02", "2013M03", "2013M04", "2013M05", "2013M06", 
"2013M07", "2013M08", "2013M09", "2013M10", "2013M11", "2013M12", 
"2014M01", "2014M02", "2014M03", "2014M04", "2014M05", "2014M06", 
"2014M07", "2014M08", "2014M09", "2014M10", "2014M11", "2014M12", 
"2015M01", "2015M02", "2015M03", "2015M04", "2015M05", "2015M06", 
"2015M07", "2015M08", "2015M09", "2015M10", "2015M11", "2015M12", 
"2016M01", "2016M02", "2016M03", "2016M04", "2016M05", "2016M06", 
"2016M07", "2016M08", "2016M09", "2016M10", "2016M11", "2016M12", 
"2017M01", "2017M02", "2017M03", "2017M04", "2017M05", "2017M06", 
"2017M07", "2017M08", "2017M09", "2017M10", "2017M11", "2017M12", 
"2018M01", "2018M02", "2018M03", "2018M04", "2018M05", "2018M06", 
"2018M07", "2018M08", "2018M09", "2018M10", "2018M11", "2018M12", 
"2019M01", "2019M02", "2019M03", "2019M04", "2019M05", "2019M06", 
"2019M07", "2019M08", "2019M09", "2019M10", "2019M11", "2019M12", 
"2020M01", "2020M02", "2020M03", "2020M04", "2020M05", "2020M06", 
"2020M07", "2020M08", "2020M09", "2020M10", "2020M11", "2020M12", 
"2021M01", "2021M02", "2021M03", "2021M04", "2021M05", "2021M06", 
"2021M07", "2021M08", "2021M09", "2021M10", "2021M11", "2021M12", 
"2022M01", "2022M02", "2022M03", "2022M04", "2022M05", "2022M06", 
"2022M07", "2022M08", "2022M09", "2022M10", "2022M11", "2022M12", 
"2023M01", "2023M02", "2023M03", "2023M04", "2023M05", "2023M06", 
"2023M07", "2023M08", "2023M09", "2023M10", "2023M11", "2023M12", 
"2024M01", "2024M02", "2024M03", "2024M04", "2024M05", "2024M06", 
"2024M07", "2024M08", "2024M09", "2024M10", "2024M11", "2024M12", 
"2025M01", "2025M02", "2025M03", "2025M04", "2025M05", "2025M06"
), value = c(NA, NA, NA, NA, NA, NA, NA, NA, NA, NA, NA, NA, 
NA, NA, NA, NA, NA, NA, NA, NA, NA, NA, NA, NA, NA, NA, NA, NA, 
NA, NA, NA, NA, NA, NA, NA, NA, NA, NA, NA, NA, NA, NA, NA, NA, 
NA, NA, NA, NA, NA, NA, NA, NA, NA, NA, NA, NA, NA, NA, NA, NA, 
NA, NA, NA, NA, NA, NA, NA, NA, NA, NA, NA, NA, NA, NA, NA, NA, 
NA, NA, NA, NA, NA, NA, NA, NA, NA, NA, NA, NA, NA, NA, NA, NA, 
NA, 0x1.a15bfa8c7c0e7p+2, 0x1.54d01aea180a8p+1, -0x1.c88500ea4f836p+3, 
-0x1.a4dabfddb73cp+3, -0x1.88c01b22c9983p+2, -0x1.669a738e2a155p+1, 
-0x1.8d9ede677eea4p+0, -0x1.20dd618c16613p+1, -0x1.8bb9c570fe69p-3, 
-0x1.29fd357deecbep+1, 0x1.058496fc510bfp-5, 0x1.b94ee5aa09159p-1, 
0x1.2c21e383e23c1p+0, -0x1.87736716acc33p+0, 0x1.17631032ee8dfp+1, 
0x1.e78d067708374p-1, 0x1.367e08d8a46dfp+0, 0x1.8da035de10f58p+1, 
0x1.4e816061fd669p+1, 0x1.1aa0c7f0f35c5p+2, 0x1.bada57e3c368bp+1, 
0x1.9c483b27924dfp+0, -0x1.2c351f243b265p+0, -0x1.cb31acc6b1a59p+2, 
-0x1.41b1b8f05499fp+3, -0x1.0ebe9e6d55fe4p+3, -0x1.88b1552666e0dp+2, 
-0x1.57fd010a6a5cep+3, -0x1.fedc9aa86e65ep+2, -0x1.479ebfa422e81p+3, 
-0x1.815d7a023413bp+3, -0x1.bb53ddf4d71bdp+3, -0x1.dd4a627ab1679p+3, 
-0x1.25c6f0c2ea2dbp+4, -0x1.1b841fcf0b122p+4, -0x1.9c8d489b59a02p+3, 
-0x1.734f779c39742p+3, -0x1.9a9c07ae510ap+3, -0x1.8e878aed73245p+3, 
-0x1.86ad8a8abb8dfp+3, -0x1.e25555063769bp+3, -0x1.bb5050d69a1bap+3, 
-0x1.6ea24f893114fp+3, -0x1.1cf54896926b3p+3, -0x1.7c6494b3c583ap+3, 
-0x1.796822b1e28efp+3, -0x1.0f36ce66344f6p+3, -0x1.3e8d5ecae8507p+3, 
-0x1.eaf3fd4a3a833p+1, -0x1.81be6940d018ap+2, -0x1.ef2e2efd92942p+1, 
0x1.290dcc0a48f3p+0, 0x1.276ad4f3f3e95p+3, 0x1.be44abb9dccfp+2, 
0x1.c4032d0a68fe6p+2, 0x1.bd52bdb425edfp+2, 0x1.efeb1845b94b2p+2, 
0x1.5badb84c57df7p+3, 0x1.5845f635cae9dp+3, 0x1.60c2758981e4fp+3, 
0x1.8b7e837ac26abp+3, 0x1.06c33a207c103p+4, 0x1.03056bc5d7d84p+4, 
0x1.0446cae1d8502p+4, 0x1.0897634de42bcp+4, 0x1.ddfc54f7d5c45p+3, 
0x1.02a831d5d9f48p+4, 0x1.022e259456673p+4, 0x1.10cb33eb9d7bp+4, 
0x1.261fd7bfa61p+4, 0x1.162157b15b9bfp+4, 0x1.346ed6ac96eecp+4, 
0x1.f438d017721cp+3, 0x1.0edcb6c53d503p+4, 0x1.33d8415915e4dp+4, 
0x1.50e8d0666481fp+4, 0x1.1a50a24f1fcddp+4, 0x1.21709ed41b3ebp+4, 
0x1.404b1a00b22c9p+4, 0x1.1886afdd86611p+4, 0x1.296c3f910a5ffp+4, 
0x1.5b20064c248fcp+4, 0x1.53c8a9a5d2ce5p+4, 0x1.517456f9dcb16p+4, 
0x1.5c907f6f4f57dp+4, 0x1.64882aacdde15p+4, 0x1.a2d6523efd71p+4, 
0x1.ae65c3fd3cce9p+4, 0x1.880b30a3999f4p+4, 0x1.77d6a248bfb76p+4, 
0x1.7fc91b40bcf86p+4, 0x1.84ca411a18de6p+4, 0x1.67bd0f69c79d5p+4, 
0x1.b7b2412241f0dp+4, 0x1.c9095b78cc9a7p+4, 0x1.d1b777083c68p+4, 
0x1.8a4aaeb63135fp+4, 0x1.7a7605418bd03p+4, 0x1.6c6d731c01686p+4, 
0x1.9afde7724d4cp+4, 0x1.99c8b3a8ecfc5p+4, 0x1.79cfca16d8ed4p+4, 
0x1.82c28eec24528p+4, 0x1.7f8f52ddd109ap+4, 0x1.81676763a2a2fp+4, 
0x1.82967618b0dcfp+4, 0x1.6ab1f4cc815eap+4, 0x1.bc25f6eb3a686p+4, 
0x1.98c2a1ca5e963p+4, 0x1.8117fc21044ecp+4, 0x1.67641d066d79dp+4, 
0x1.6fc3718f3e95dp+4, 0x1.3e31015bce1bap+4, 0x1.39c4f989c960fp+4, 
0x1.5d264741849b1p+4, 0x1.282cffad05178p+4, 0x1.2eb44f58a52a1p+4, 
0x1.3f4badfe9a3e2p+4, 0x1.3af693f938e9fp+4, 0x1.3ba9abdc0df3cp+4, 
0x1.3fcf32077de78p+4, 0x1.25fe2493d2123p+4, 0x1.d10031a40e7dfp+2, 
-0x1.30d34d0bf5a24p+5, -0x1.2b96f7da32343p+5, -0x1.c061c17f08403p+4, 
-0x1.6e988ba63be96p+4, -0x1.79bbfadbf1058p+2, -0x1.2bfda4f5b20d2p-2, 
-0x1.2f835d855cc4dp+1, -0x1.1d595d855276p+4, -0x1.544de4a58d6cp+3, 
-0x1.5d67befee17a9p+2, -0x1.09b3e560659d2p+1, -0x1.b040d6f6fc892p-1, 
-0x1.46a69616d833bp+0, 0x1.16b2a14819065p+3, 0x1.fa2d4da151269p+3, 
0x1.8da10dd61b43fp+3, 0x1.9d2f4ea19b123p+3, 0x1.dac8cd665178p+3, 
0x1.195406a30fed9p+4, 0x1.f89a6a3116e66p+3, 0x1.9d20a1ddd82f5p+3, 
0x1.f5005c4bb057ap+3, 0x1.00cc054b022cbp+4, 0x1.b136dfdce3b51p+3, 
0x1.3a7adee5fb885p+4, 0x1.26a83e7e22c24p+4, 0x1.1747de5332013p+4, 
0x1.05d9108a7b696p+4, 0x1.3fb2935127a64p+4, 0x1.c962b104c6ee8p+3, 
0x1.cd8357351cccap+3, 0x1.37553f2a0fdd9p+4, 0x1.45a914a6ab25p+4, 
0x1.211c576489d02p+4, 0x1.3aa0c681b43eap+4, 0x1.475ecb86655a3p+4, 
0x1.1aeb0384d289cp+4, 0x1.2b0dc560febabp+4, 0x1.d1c729a34f6b7p+3, 
0x1.967c6945114ccp+3, 0x1.64b2b0fb46431p+3, 0x1.b062e44360fdcp+3, 
0x1.b94a82a6d463cp+3, 0x1.941b453da1cc2p+3, 0x1.d7efafef57a26p+3, 
0x1.c3119d0a2cf8bp+3, 0x1.2672a7b1346afp+4, 0x1.0b715b40142d9p+4, 
0x1.0ded309f3cee3p+4, 0x1.06b626d07954bp+4, 0x1.ea1adea69add3p+3, 
0x1.e02334e69a30fp+3, 0x1.e3afefa551cf2p+3, 0x1.158107888a7dap+4, 
0x1.dad2dafb06f3ap+3, 0x1.e869eb5624cfcp+3, 0x1.ec9da9ac6b964p+3, 
0x1.0474ae8295e43p+4, 0x1.0f6c6447e0e6dp+4, 0x1.07c61415f2c1cp+4, 
0x1.2072af6385608p+4, 0x1.19fd866737c79p+4, 0x1.f0ad873eeec05p+3
)), class = "data.frame", row.names = c(NA, -279L))
