structure(list(period_id = c("1995Q1", "1995Q2", "1995Q3", "1995Q4", 
"1996Q1", "1996Q2", "1996Q3", "1996Q4", "1997Q1", "1997Q2", "1997Q3", 
"1997Q4", "1998Q1", "1998Q2", "1998Q3", "1998Q4", "1999Q1", "1999Q2", 
"1999Q3", "1999Q4", "2000Q1", "2000Q2", "2000Q3", "2000Q4", "2001Q1", 
"2001Q2", "2001Q3", "2001Q4", "2002Q1", "2002Q2", "2002Q3", "2002Q4", 
"2003Q1", "2003Q2", "2003Q3", "2003Q4", "2004Q1", "2004Q2", "2004Q3", 
"2004Q4", "2005Q1", "2005Q2", "2005Q3", "2005Q4", "2006Q1", "2006Q2", 
"2006Q3", "2006Q4", "2007Q1", "2007Q2", "2007Q3", "2007Q4", "2008Q1", 
"2008Q2", "2008Q3", "2008Q4", "2009Q1", "2009Q2", "2009Q3", "2009Q4", 
"2010Q1", "2010Q2", "2010Q3", "2010Q4", "2011Q1", "2011Q2", "2011Q3", 
"2011Q4", "2012Q1", "2012Q2", "2012Q3", "2012Q4", "2013Q1", "2013Q2", 
"2013Q3", "2013Q4", "2014Q1", "2014Q2", "2014Q3", "2014Q4", "2015Q1", 
"2015Q2", "2015Q3", "2015Q4", "2016Q1", "2016Q2", "2016Q3", "2016Q4", 
"2017Q1", "2017Q2", "2017Q3", "2017Q4", "2018Q1", "2018Q2", "2018Q3", 
"2018Q4", "2019Q1", "2019Q2", "2019Q3", "2019Q4", "2020Q1", "2020Q2", 
"2020Q3", "2020Q4", "2021Q1", "2021Q2", "2021Q3", "2021Q4", "2022Q1", 
"2022Q2", "2022Q3", "2022Q4", "2023Q1", "2023Q2", "2023Q3", "2023Q4", 
"2024Q1", "2024Q2", "2024Q3", "2024Q4", "2025Q1"), value = c(0x1.0e95538cda6e7p+11, 
0x1.178c5c9c4da9p+11, 0x1.20ca0051c9f73p+11, 0x1.2a838023a6ce3p+11, 
0x1.34ea8a3b57c4ep+11, 0x1.3ff28535c9e67p+11, 0x1.4c243497b7415p+11, 
0x1.58626bedfa44p+11, 0x1.6531bd07c84b6p+11, 0x1.72c18323358f3p+11, 
0x1.7e5ef8c0053e3p+11, 0x1.88534319c5a3ep+11, 0x1.8fca0a65492ffp+11, 
0x1.968595b9a5a8ap+11, 0x1.9ffeac1d29dc7p+11, 0x1.abd3fab75643p+11, 
0x1.b977c84d76ab6p+11, 0x1.c6c0f57b41bfcp+11, 0x1.d1668abd5dc4p+11, 
0x1.dc83230fcf80ep+11, 0x1.e8f4d8a32f449p+11, 0x1.f6d270cfe1544p+11, 
0x1.03b7ead70e6f3p+12, 0x1.0c6961c8a7a42p+12, 0x1.14bc3cc7d1bb5p+12, 
0x1.1c7a379746024p+12, 0x1.23b28635a426cp+12, 0x1.2ac140d3cff65p+12, 
0x1.32558f312b1b3p+12, 0x1.3989196fa82e8p+12, 0x1.40c6604f2ae08p+12, 
0x1.488e2ada33bdap+12, 0x1.4fb34409e55c1p+12, 0x1.56f8e8d434a02p+12, 
0x1.5e42851223183p+12, 0x1.6550fcfd4bf0ap+12, 0x1.6c2ae2fbe33adp+12, 
0x1.71f69a9fbe76dp+12, 0x1.77977fef39086p+12, 0x1.7c9f1e2478855p+12, 
0x1.81e1f17481b22p+12, 0x1.883755c209247p+12, 0x1.8e8538a4c1ebdp+12, 
0x1.9531e6d04e619p+12, 0x1.9d0741f212d77p+12, 0x1.a791452e72da1p+12, 
0x1.b460bc7d5ed07p+12, 0x1.c1b7e50614163p+12, 0x1.ce6576db940ffp+12, 
0x1.daa5c87db2b34p+12, 0x1.e6ac53e4ef028p+12, 0x1.f24dbdc9c4da9p+12, 
0x1.fce4d81beb181p+12, 0x1.026af30728e93p+13, 0x1.04621ea465a57p+13, 
0x1.04bffaade657cp+13, 0x1.e708a936c58efp+12, 0x1.e643f262888b5p+12, 
0x1.e564b3a14cec4p+12, 0x1.e59f274080f99p+12, 0x1.e1c87ed63454ap+12, 
0x1.e7fe58f1d3ed5p+12, 0x1.e9c4bb71fbc5ep+12, 0x1.eaf96c57e23f2p+12, 
0x1.f2f9db93037d6p+12, 0x1.f438a265f0f5ap+12, 0x1.f35e381b64e05p+12, 
0x1.efe249310129dp+12, 0x1.f2703dfe32a06p+12, 0x1.e6d4093d96638p+12, 
0x1.e17d3a80cf9e4p+12, 0x1.dea5b400b88cap+12, 0x1.e0b28cf1800a8p+12, 
0x1.e503142c3c9efp+12, 0x1.e3a89ec5f394bp+12, 0x1.e66154b599aa6p+12, 
0x1.f0e31c0b99913p+12, 0x1.f73e741f212d7p+12, 0x1.f8fb05186db51p+12, 
0x1.f1b2e3f4666edp+12, 0x1.fe8420ab71327p+12, 0x1.003405692b3ccp+13, 
0x1.03c19d2178f69p+13, 0x1.05ae6c868b9fep+13, 0x1.086baf49cf56fp+13, 
0x1.0af4936d655e3p+13, 0x1.0f657d06bbdbep+13, 0x1.11247e34b9453p+13, 
0x1.1778e7746887bp+13, 0x1.1bc81b0f6ad71p+13, 0x1.208f0e4ead0c4p+13, 
0x1.296ac8deb0faep+13, 0x1.2a45214e7ee91p+13, 0x1.2e7fb147f1306p+13, 
0x1.374d3dc1e7968p+13, 0x1.3d3e478183f92p+13, 0x1.3ff3f38583622p+13, 
0x1.41662a7829069p+13, 0x1.4ad88ad57bc7fp+13, 0x1.4e518c94b380dp+13, 
0x1.4aede7b677f6bp+13, 0x1.266f5871e6cd3p+13, 0x1.46bd342f61ed6p+13, 
0x1.4e5ec6772d5ep+13, 0x1.51ab32674081p+13, 0x1.5d99b1b1d92b8p+13, 
0x1.689be60242d06p+13, 0x1.75dcb056c508bp+13, 0x1.6f7d41d2178f7p+13, 
0x1.801e5fbd6a594p+13, 0x1.914c08e2e2b8cp+13, 0x1.96ec11e4b44a2p+13, 
0x1.b2ae69c4da9p+13, 0x1.bd65889b0ee4ap+13, 0x1.bb91af145521ap+13, 
0x1.c5d06f355cd92p+13, 0x1.cdb8b876188b1p+13, 0x1.ca9154e65bea1p+13, 
0x1.ccdcb9c27e953p+13, 0x1.d68ba86e7e62ep+13, 0x1.d717f9830e3cep+13
)), class = "data.frame", row.names = c(NA, -121L))
