structure(list(period_id = c("2008", "2009", "2010", "2011", 
"2012", "2013", "2014", "2015", "2016", "2017", "2018", "2019", 
"2020", "2021", "2022", "2023", "2024"), value = c(0x1.b5cp+10, 
0x1.b64p+10, 0x1.b8p+10, 0x1.b8p+10, 0x1.b84p+10, 0x1.b8p+10, 
0x1.b8p+10, 0x1.b78p+10, 0x1.b74p+10, 0x1.b74p+10, 0x1.b74p+10, 
0x1.bacp+10, 0x1.bd8p+10, 0x1.b4p+10, 0x1.b3cp+10, 0x1.b6cp+10, 
0x1.b94p+10)), class = "data.frame", row.names = c(NA, -17L))
