structure(list(period_id = c("1995Q1", "1995Q2", "1995Q3", "1995Q4", 
"1996Q1", "1996Q2", "1996Q3", "1996Q4", "1997Q1", "1997Q2", "1997Q3", 
"1997Q4", "1998Q1", "1998Q2", "1998Q3", "1998Q4", "1999Q1", "1999Q2", 
"1999Q3", "1999Q4", "2000Q1", "2000Q2", "2000Q3", "2000Q4", "2001Q1", 
"2001Q2", "2001Q3", "2001Q4", "2002Q1", "2002Q2", "2002Q3", "2002Q4", 
"2003Q1", "2003Q2", "2003Q3", "2003Q4", "2004Q1", "2004Q2", "2004Q3", 
"2004Q4", "2005Q1", "2005Q2", "2005Q3", "2005Q4", "2006Q1", "2006Q2", 
"2006Q3", "2006Q4", "2007Q1", "2007Q2", "2007Q3", "2007Q4", "2008Q1", 
"2008Q2", "2008Q3", "2008Q4", "2009Q1", "2009Q2", "2009Q3", "2009Q4", 
"2010Q1", "2010Q2", "2010Q3", "2010Q4", "2011Q1", "2011Q2", "2011Q3", 
"2011Q4", "2012Q1", "2012Q2", "2012Q3", "2012Q4", "2013Q1", "2013Q2", 
"2013Q3", "2013Q4", "2014Q1", "2014Q2", "2014Q3", "2014Q4", "2015Q1", 
"2015Q2", "2015Q3", "2015Q4", "2016Q1", "2016Q2", "2016Q3", "2016Q4", 
"2017Q1", "2017Q2", "2017Q3", "2017Q4", "2018Q1", "2018Q2", "2018Q3", 
"2018Q4", "2019Q1", "2019Q2", "2019Q3", "2019Q4", "2020Q1", "2020Q2", 
"2020Q3", "2020Q4", "2021Q1", "2021Q2", "2021Q3", "2021Q4", "2022Q1", 
"2022Q2", "2022Q3", "2022Q4", "2023Q1", "2023Q2", "2023Q3", "2023Q4", 
"2024Q1", "2024Q2", "2024Q3"), value = c(0x1.e7b3dd11be6e6p+2, 
0x1.1c54b6a619daap+3, 0x1.0a5ba908a265fp+3, 0x1.91820a30db6a2p+2, 
0x1.1418efbb0e5e6p+2, 0x1.735ddd2ae8e1dp+2, 0x1.ac6733ebbfd72p+2, 
0x1.a7e10060780fep+2, 0x1.ae4f7a919695ep+2, 0x1.41469f8c21e1dp+3, 
0x1.6652c16df3f96p+3, 0x1.24a0bc382a13p+3, 0x1.6fb6dca07f66fp+2, 
0x1.b2da5119ce076p+2, 0x1.de5fbb517a461p+2, 0x1.ceb317efe0ce1p+2, 
0x1.ce11c6d1e108cp+2, 0x1.50f98958d9b5fp+3, 0x1.5c409e55c0fcbp+3, 
0x1.1121d755bccafp+3, 0x1.219e40c8472c1p+2, 0x1.16df5cf2495e1p+2, 
0x1.d1655e28aa433p+1, 0x1.c2d2c386d2ed8p+1, 0x1.fe8ca3e7d1351p+1, 
0x1.a7ff540895d0bp+2, 0x1.d44ece9a2c669p+2, 0x1.c55796bfca85dp+2, 
0x1.9f3f85510d38dp+2, 0x1.24a4a8c154c98p+3, 0x1.20cc07aaef2c7p+3, 
0x1.fb63e8dda48b6p+2, 0x1.a61151611ba3dp+2, 0x1.08cc1ebc83a97p+3, 
0x1.edb777d0f1f58p+2, 0x1.b421ea35935fcp+2, 0x1.80476af89c5e7p+2, 
0x1.0072b884406cp+3, 0x1.fd4ba51a005c4p+2, 0x1.d8adeebb341e1p+2, 
0x1.b403bc4d22c88p+2, 0x1.324b9a9da597dp+3, 0x1.293929ed3953ep+3, 
0x1.00647baa9b49ap+3, 0x1.b12595bbbe879p+2, 0x1.16c7f13059642p+3, 
0x1.0239cb6848bebp+3, 0x1.b92dba4d6e47ep+2, 0x1.8a3b4f6167232p+2, 
0x1.04c66d373affbp+3, 0x1.fe460ed80a17bp+2, 0x1.d850225742dcfp+2, 
0x1.9b0214ad362e9p+2, 0x1.18a9a5ebb773ap+3, 0x1.19741d084e832p+3, 
0x1.08b8fde2ef4ep+3, 0x1.fc70cdc8754f3p+2, 0x1.6330df9bdc6ap+3, 
0x1.546df82b1f688p+3, 0x1.1ebf91e646f15p+3, 0x1.d3e33acd5b68p+2, 
0x1.28e2a1b5c7cd9p+3, 0x1.117f2e48e8a72p+3, 0x1.d79ac36544fe3p+2, 
0x1.b599cbee807bcp+2, 0x1.1e41f42bb6673p+3, 0x1.05ee7e62dc6e3p+3, 
0x1.afc74fb549f95p+2, 0x1.70badc0980b24p+2, 0x1.d7e4473cd5736p+2, 
0x1.ce618ce2d1f1dp+2, 0x1.bc2107b784663p+2, 0x1.d85093964a59cp+2, 
0x1.5a2ff6d330942p+3, 0x1.5c75d56f32bdcp+3, 0x1.385c24c404a73p+3, 
0x1.20ef1dc50ce4fp+3, 0x1.8039dc2f405f7p+3, 0x1.6f4eb13dfb0d5p+3, 
0x1.457824d4cb9edp+3, 0x1.33bc6eb0b7c35p+3, 0x1.a060b0af5fd48p+3, 
0x1.925b0bbf50e34p+3, 0x1.661e0e736049fp+3, 0x1.4ec3a647fdc59p+3, 
0x1.b8b69fcf3dc05p+3, 0x1.9340e7bc3c5bdp+3, 0x1.4a3ffcdab191ep+3, 
0x1.16bca9691a75dp+3, 0x1.5ebb6aa4b9885p+3, 0x1.4faf48c2e770cp+3, 
0x1.3721b1960fa16p+3, 0x1.3c8ebcc6c54bdp+3, 0x1.b1dd65a14488cp+3, 
0x1.946d0f627392ap+3, 0x1.4f0841ede1199p+3, 0x1.02d1697f1f9adp+3, 
0x1.7c55c31593e6p+3, 0x1.65f44b2b777d1p+3, 0x1.357c88e79aae7p+3, 
0x1.e871715c63ae2p+2, 0x1.7f781626b2f23p+3, 0x1.72213c254a3c6p+3, 
0x1.395a122fad6cbp+3, 0x1.bd6e0d23d4f16p+2, 0x1.77310dbf0563fp+3, 
0x1.6ea467be553acp+3, 0x1.361702e6644d8p+3, 0x1.b812dfd694ccbp+2, 
0x1.6cc8f96e15875p+3, 0x1.6d7ac3eb7cbb4p+3, 0x1.378ef566490a3p+3, 
0x1.c582ecaeea63bp+2, 0x1.6cb8fde2ef4ep+3, 0x1.57cface67d78p+3, 
0x1.16805e5f30e8p+3, 0x1.a058ea7ce0fc3p+2, 0x1.4c01f53825e14p+3, 
0x1.3f94a0a0f4d7bp+3)), class = "data.frame", row.names = c(NA, 
-119L))
