structure(list(period_id = c("2002M04", "2002M05", "2002M06", 
"2002M07", "2002M08", "2002M09", "2002M10", "2002M11", "2002M12", 
"2003M01", "2003M02", "2003M03", "2003M04", "2003M05", "2003M06", 
"2003M07", "2003M08", "2003M09", "2003M10", "2003M11", "2003M12", 
"2004M01", "2004M02", "2004M03", "2004M04", "2004M05", "2004M06", 
"2004M07", "2004M08", "2004M09", "2004M10", "2004M11", "2004M12", 
"2005M01", "2005M02", "2005M03", "2005M04", "2005M05", "2005M06", 
"2005M07", "2005M08", "2005M09", "2005M10", "2005M11", "2005M12", 
"2006M01", "2006M02", "2006M03", "2006M04", "2006M05", "2006M06", 
"2006M07", "2006M08", "2006M09", "2006M10", "2006M11", "2006M12", 
"2007M01", "2007M02", "2007M03", "2007M04", "2007M05", "2007M06", 
"2007M07", "2007M08", "2007M09", "2007M10", "2007M11", "2007M12", 
"2008M01", "2008M02", "2008M03", "2008M04", "2008M05", "2008M06", 
"2008M07", "2008M08", "2008M09", "2008M10", "2008M11", "2008M12", 
"2009M01", "2009M02", "2009M03", "2009M04", "2009M05", "2009M06", 
"2009M07", "2009M08", "2009M09", "2009M10", "2009M11", "2009M12", 
"2010M01", "2010M02", "2010M03", "2010M04", "2010M05", "2010M06", 
"2010M07", "2010M08", "2010M09", "2010M10", "2010M11", "2010M12", 
"2011M01", "2011M02", "2011M03", "2011M04", "2011M05", "2011M06", 
"2011M07", "2011M08", "2011M09", "2011M10", "2011M11", "2011M12", 
"2012M01", "2012M02", "2012M03", "2012M04", "2012M05", "2012M06", 
"2012M07", "2012M08", "2012M09", "2012M10", "2012M11", "2012M12", 
"2013M01", "2013M02", "2013M03", "2013M04", "2013M05", "2013M06", 
"2013M07", "2013M08", "2013M09", "2013M10", "2013M11", "2013M12", 
"2014M01", "2014M02", "2014M03", "2014M04", "2014M05", "2014M06", 
"2014M07", "2014M08", "2014M09", "2014M10", "2014M11", "2014M12", 
"2015M01", "2015M02", "2015M03", "2015M04", "2015M05", "2015M06", 
"2015M07", "2015M08", "2015M09", "2015M10", "2015M11", "2015M12", 
"2016M01", "2016M02", "2016M03", "2016M04", "2016M05", "2016M06", 
"2016M07", "2016M08", "2016M09", "2016M10", "2016M11", "2016M12", 
"2017M01", "2017M02", "2017M03", "2017M04", "2017M05", "2017M06", 
"2017M07", "2017M08", "2017M09", "2017M10", "2017M11", "2017M12", 
"2018M01", "2018M02", "2018M03", "2018M04", "2018M05", "2018M06", 
"2018M07", "2018M08", "2018M09", "2018M10", "2018M11", "2018M12", 
"2019M01", "2019M02", "2019M03", "2019M04", "2019M05", "2019M06", 
"2019M07", "2019M08", "2019M09", "2019M10", "2019M11", "2019M12", 
"2020M01", "2020M02", "2020M03", "2020M04", "2020M05", "2020M06", 
"2020M07", "2020M08", "2020M09", "2020M10", "2020M11", "2020M12", 
"2021M01", "2021M02", "2021M03", "2021M04", "2021M05", "2021M06", 
"2021M07", "2021M08", "2021M09", "2021M10", "2021M11", "2021M12", 
"2022M01", "2022M02", "2022M03", "2022M04", "2022M05", "2022M06", 
"2022M07", "2022M08", "2022M09", "2022M10", "2022M11", "2022M12", 
"2023M01", "2023M02", "2023M03", "2023M04", "2023M05", "2023M06", 
"2023M07", "2023M08", "2023M09", "2023M10", "2023M11", "2023M12", 
"2024M01", "2024M02", "2024M03", "2024M04", "2024M05", "2024M06", 
"2024M07", "2024M08", "2024M09", "2024M10", "2024M11", "2024M12", 
"2025M01"), value = c(NA, NA, NA, NA, NA, NA, NA, NA, NA, NA, 
NA, NA, NA, NA, NA, NA, NA, NA, NA, NA, NA, NA, NA, NA, NA, NA, 
NA, NA, NA, NA, NA, NA, NA, NA, NA, NA, NA, NA, NA, NA, NA, NA, 
NA, NA, NA, NA, NA, NA, NA, NA, NA, NA, NA, NA, NA, NA, NA, NA, 
NA, NA, NA, NA, NA, NA, NA, NA, NA, NA, NA, NA, NA, NA, NA, NA, 
NA, NA, NA, NA, NA, NA, NA, NA, NA, NA, NA, NA, NA, NA, NA, NA, 
NA, NA, NA, 0x1.a630d96a44357p+2, 0x1.5873ff536c3f9p+1, -0x1.ce0c8e63aec6cp+3, 
-0x1.a5cb4bc0fdf48p+3, -0x1.8e497b76fad07p+2, -0x1.67196a9f0c1d9p+1, 
-0x1.7a536e19c1a5bp+0, -0x1.24ad4b5c50b72p+1, -0x1.f26c496fd9ae6p-3, 
-0x1.32e535f691544p+1, 0x1.8d4acc5de5592p-3, 0x1.e39e55378c55bp-1, 
0x1.3e9beb6cadcfcp+0, -0x1.7ef633c1811cdp+0, 0x1.03e50fede0781p+1, 
0x1.dbd977bc35612p-1, 0x1.2261f1ff4cabfp+0, 0x1.8f491a7294698p+1, 
0x1.56c9471e930c4p+1, 0x1.17db275bc2263p+2, 0x1.b3127ea5d5f09p+1, 
0x1.8bb9c27ca6699p+0, -0x1.0667801b32246p+0, -0x1.c65746f8e644fp+2, 
-0x1.3f9ecabbcec36p+3, -0x1.0d866ab60ba82p+3, -0x1.9079ce2b8ed28p+2, 
-0x1.58e9df1957495p+3, -0x1.015b08c668a8bp+3, -0x1.46b3a0cfd4fb3p+3, 
-0x1.8022f04fdd02cp+3, -0x1.bd99dc712021ep+3, -0x1.df8527805c0ccp+3, 
-0x1.26a86c232194cp+4, -0x1.197223808a3f6p+4, -0x1.9a01fed726911p+3, 
-0x1.71443283507b2p+3, -0x1.98ccd5ee7f3c3p+3, -0x1.91374950e80b2p+3, 
-0x1.877b4add85121p+3, -0x1.e38496cc7b3c6p+3, -0x1.ba869958fb1aap+3, 
-0x1.6ec52f149c6d8p+3, -0x1.2011fb48c7555p+3, -0x1.7ed644fdaba9fp+3, 
-0x1.7af93696d9ba9p+3, -0x1.0c061395be55bp+3, -0x1.3bdecccc4dab4p+3, 
-0x1.e0ce12834b8abp+1, -0x1.7d19c13c235b7p+2, -0x1.f75282c2bf372p+1, 
0x1.297ee70b306d8p+0, 0x1.2771ae553694fp+3, 0x1.beea0f069cecp+2, 
0x1.c106bd7328f1bp+2, 0x1.b66ce163cc71fp+2, 0x1.ea7c810943ba6p+2, 
0x1.5a2ea2f756dd3p+3, 0x1.59fd85a833p+3, 0x1.63396624c634bp+3, 
0x1.8ed4a150232c5p+3, 0x1.0824810d8f3d5p+4, 0x1.021b1210fd121p+4, 
0x1.04a23e9e5c882p+4, 0x1.0922a573a383p+4, 0x1.dda84b906ce24p+3, 
0x1.01930b85f3892p+4, 0x1.00aa6700e2757p+4, 0x1.0f77b94b0c593p+4, 
0x1.258e30330d437p+4, 0x1.162b5eb926856p+4, 0x1.355541a0b9678p+4, 
0x1.f74597e67e334p+3, 0x1.1095fffdd6ceep+4, 0x1.33472edaf00c5p+4, 
0x1.519445cf92dbdp+4, 0x1.1b66586895ce6p+4, 0x1.20ea0e5518bb5p+4, 
0x1.3f17595fa57e9p+4, 0x1.1731c8379f7b2p+4, 0x1.2832f42dc5d33p+4, 
0x1.5a981b582de6p+4, 0x1.532180bb09278p+4, 0x1.51ee67fbd16dp+4, 
0x1.5d74d52d54b32p+4, 0x1.6686f9fbcdf9fp+4, 0x1.a2c6e5676209cp+4, 
0x1.af6d6239ed1cep+4, 0x1.89bf98d850241p+4, 0x1.771b017c6816ap+4, 
0x1.7e88a0c42cd68p+4, 0x1.83a8d29afe2edp+4, 0x1.66bbabef0bdaep+4, 
0x1.b735b0e3c4276p+4, 0x1.c7dbecec4cd0ep+4, 0x1.d1a8c8d767081p+4, 
0x1.8a768e2269a2bp+4, 0x1.7c69b6ffb991cp+4, 0x1.6cbfcc5281ecap+4, 
0x1.9c6fec436d64ap+4, 0x1.9c10e8cb466a1p+4, 0x1.78e5de8df8225p+4, 
0x1.81608f1a61409p+4, 0x1.7ebe47295bda5p+4, 0x1.80cd549b7c8c8p+4, 
0x1.825988b619178p+4, 0x1.692e1e17d0d3bp+4, 0x1.bb808c451139ep+4, 
0x1.9826fbb0b5cbfp+4, 0x1.82a3e083be041p+4, 0x1.681c612a6ff3bp+4, 
0x1.71c6023f0e4c9p+4, 0x1.40df0e63fcf1ep+4, 0x1.383af5f872cb8p+4, 
0x1.5bc2ee2b8e9b8p+4, 0x1.27cf334219218p+4, 0x1.2ec832140562cp+4, 
0x1.3f8e507a7d04fp+4, 0x1.3953a08e10b59p+4, 0x1.3a701c206ea0dp+4, 
0x1.3e4a846b09386p+4, 0x1.26bc7b324458ap+4, 0x1.d551a7adab09ep+2, 
-0x1.2f87334456f04p+5, -0x1.2a2c693303ea4p+5, -0x1.c2e1412b8d5a4p+4, 
-0x1.6fb0a24fd958bp+4, -0x1.78e64675db238p+2, -0x1.e33a38af1fc8p-3, 
-0x1.29199312db93bp+1, -0x1.1efbf87479015p+4, -0x1.57c247bfca3f6p+3, 
-0x1.6636b72ee1ddp+2, -0x1.095524a83398ep+1, -0x1.81f4a203ef7a8p-1, 
-0x1.140b1557491fdp+0, 0x1.1be524931a3f1p+3, 0x1.f372f295ab9acp+3, 
0x1.8be41c62f3508p+3, 0x1.9e1adbcf2515p+3, 0x1.dd6f05500fd1ap+3, 
0x1.1a25492a0ce64p+4, 0x1.f5832df09112bp+3, 0x1.9960bc0bfad92p+3, 
0x1.f0c32c826bb4fp+3, 0x1.00a293e45689ep+4, 0x1.b4efe46bfc87cp+3, 
0x1.3e5dbf3ed5e4ep+4, 0x1.28f3be3cdb0a8p+4, 0x1.133ae59a85193p+4, 
0x1.04f46a3d35959p+4, 0x1.3ff49a6574e38p+4, 0x1.cc25decd8fc73p+3, 
0x1.ce524d1733431p+3, 0x1.35b80e56ef75dp+4, 0x1.43a2e192d7889p+4, 
0x1.1f7bc59dd5ffbp+4, 0x1.3aacff5024272p+4, 0x1.49aaed30a6834p+4, 
0x1.1f8faf22e0025p+4, 0x1.2d210ce3e5ae7p+4, 0x1.c8d519febff53p+3, 
0x1.945412a16d4d9p+3, 0x1.649820d6c115bp+3, 0x1.b2dfa9d957ca9p+3, 
0x1.b93d569cbc304p+3, 0x1.90b835dabcd66p+3, 0x1.d39d547285f4fp+3, 
0x1.c09029e3d5dd3p+3, 0x1.26a00964fe687p+4, 0x1.0e225130b3ccdp+4, 
0x1.13481b6f887e3p+4, 0x1.08d590cae05afp+4, 0x1.e06e852335a74p+3, 
0x1.dd6a68ab8931fp+3, 0x1.e2fffaca69a3cp+3, 0x1.16a3d4d55f0b9p+4, 
0x1.da748258ea8fcp+3, 0x1.e50472456cc6ap+3, 0x1.e8242853320b8p+3, 
0x1.033e242f6cfcap+4)), class = "data.frame", row.names = c(NA, 
-274L))
