structure(list(period_id = c("1994Q4", "1995Q1", "1995Q2", "1995Q3", 
"1995Q4", "1996Q1", "1996Q2", "1996Q3", "1996Q4", "1997Q1", "1997Q2", 
"1997Q3", "1997Q4", "1998Q1", "1998Q2", "1998Q3", "1998Q4", "1999Q1", 
"1999Q2", "1999Q3", "1999Q4", "2000Q1", "2000Q2", "2000Q3", "2000Q4", 
"2001Q1", "2001Q2", "2001Q3", "2001Q4", "2002Q1", "2002Q2", "2002Q3", 
"2002Q4", "2003Q1", "2003Q2", "2003Q3", "2003Q4", "2004Q1", "2004Q2", 
"2004Q3", "2004Q4", "2005Q1", "2005Q2", "2005Q3", "2005Q4", "2006Q1", 
"2006Q2", "2006Q3", "2006Q4", "2007Q1", "2007Q2", "2007Q3", "2007Q4", 
"2008Q1", "2008Q2", "2008Q3", "2008Q4", "2009Q1", "2009Q2", "2009Q3", 
"2009Q4", "2010Q1", "2010Q2", "2010Q3", "2010Q4", "2011Q1", "2011Q2", 
"2011Q3", "2011Q4", "2012Q1", "2012Q2", "2012Q3", "2012Q4", "2013Q1", 
"2013Q2", "2013Q3", "2013Q4", "2014Q1", "2014Q2", "2014Q3", "2014Q4", 
"2015Q1", "2015Q2", "2015Q3", "2015Q4", "2016Q1", "2016Q2", "2016Q3", 
"2016Q4", "2017Q1", "2017Q2", "2017Q3", "2017Q4", "2018Q1", "2018Q2", 
"2018Q3", "2018Q4", "2019Q1", "2019Q2", "2019Q3", "2019Q4", "2020Q1", 
"2020Q2", "2020Q3", "2020Q4", "2021Q1", "2021Q2", "2021Q3", "2021Q4", 
"2022Q1", "2022Q2", "2022Q3", "2022Q4", "2023Q1", "2023Q2", "2023Q3", 
"2023Q4", "2024Q1", "2024Q2", "2024Q3", "2024Q4"), value = c(NA, 
NA, NA, NA, NA, NA, NA, NA, NA, NA, NA, NA, NA, NA, NA, NA, NA, 
0x1.5964317acc4fp+7, 0x1.51faf74cd3177p+7, 0x1.54493682730c6p+7, 
0x1.4fa8468448cf8p+7, 0x1.26d9001d5c316p+7, 0x1.6780e0221427p+7, 
0x1.6c20726d04e62p+7, 0x1.7af417ebaf102p+7, 0x1.8b208a265f0f6p+7, 
0x1.aa61bac2df0d4p+7, 0x1.b28e2584f4c6ep+7, 0x1.c416160d887ecp+7, 
0x1.c2ba84be40421p+7, 0x1.b67cee17a02fbp+7, 0x1.c1ba94dd72368p+7, 
0x1.cc98b955f7836p+7, 0x1.d8f16c61522a7p+7, 0x1.e6700f776c482p+7, 
0x1.ed034d6a161e5p+7, 0x1.e5d22ff08893bp+7, 0x1.f0df221858bc6p+7, 
0x1.f21b3ce63a5c2p+7, 0x1.07a5dbca9691ap+8, 0x1.11daf587d6f97p+8, 
0x1.084c0c4156e26p+8, 0x1.0c8be2d6238dap+8, 0x1.147de75360d02p+8, 
0x1.2a407c5260f5ep+8, 0x1.3ed2e89eba6adp+8, 0x1.58a1d57ff9b56p+8, 
0x1.616626f60e0ebp+8, 0x1.78330b8cfbfc6p+8, 0x1.88f4abb44e50cp+8, 
0x1.9837906466b1ep+8, 0x1.a76d670196d8fp+8, 0x1.ac15aa715831fp+8, 
0x1.b27a7c286f8adp+8, 0x1.bf8759ee88df3p+8, 0x1.c836c40d0aaa8p+8, 
0x1.b4f682a5614ep+8, 0x1.c8a4c34c1a8acp+8, 0x1.c3a07bbb62414p+8, 
0x1.bfa1c96030c24p+8, 0x1.c170200c0f02p+8, 0x1.b111b39e279ddp+8, 
0x1.bef5113836a83p+8, 0x1.bd607f993d534p+8, 0x1.c4cf5371971c1p+8, 
0x1.882bf034b0e1bp+8, 0x1.7d2aa8c9b8455p+8, 0x1.6f430281ba7fcp+8, 
0x1.6e54cd9620685p+8, 0x1.818caa433508fp+8, 0x1.669759bc33f85p+8, 
0x1.75c48509bf9c6p+8, 0x1.5dbc344c37e6fp+8, 0x1.758d9e30014f9p+8, 
0x1.846b4267839cep+8, 0x1.9b90e4b87bdcfp+8, 0x1.90ac417870542p+8, 
0x1.cb38ca8198f1dp+8, 0x1.def0cc2507208p+8, 0x1.e6975818c5c9ap+8, 
0x1.e19c95f2452c6p+8, 0x1.c428307f23cc9p+8, 0x1.d3f347c73eee5p+8, 
0x1.d3e8956c0d6f5p+8, 0x1.cc90ab4fa483p+8, 0x1.4ca041461b6d4p+8, 
0x1.566bd74d594f2p+8, 0x1.4b31d5d3dc8b8p+8, 0x1.4cb54488c60ccp+8, 
0x1.442d176145953p+8, 0x1.49cbc903ea705p+8, 0x1.4bd3f487fcb92p+8, 
0x1.469c2c7fbacb4p+8, 0x1.a895a4f00ef13p+8, 0x1.9ef03bd599243p+8, 
0x1.ac423571d1d47p+8, 0x1.9c27cdcca70d2p+8, 0x1.cdf7dae81882bp+8, 
0x1.c6013836a832cp+8, 0x1.96f25cb35f3d8p+8, 0x1.0a8eee41919acp+9, 
0x1.e0ad7d6b65a9bp+8, 0x1.be111c2a02321p+8, 0x1.d21f9d3cbc48fp+8, 
0x1.0c2b88ebcc6c5p+9, 0x1.09e736ef8056p+9, 0x1.281f6af038e2ap+9, 
0x1.438f3a1d323ffp+9, 0x1.4a1eb2bfdb4ccp+9, 0x1.57e9662fdfc1ap+9, 
0x1.827d83ad9f0a2p+9, 0x1.8c2266cb10343p+9, 0x1.b3bc830a0b1bcp+9, 
0x1.9ff41ffb480a6p+9, 0x1.a81455970b49ep+9, 0x1.b2e6f6273929fp+9, 
0x1.b12791148fdap+9, 0x1.a9b77a1c25d07p+9, 0x1.92ae240314877p+9, 
0x1.aa66958537e2cp+9, 0x1.b472950fc71d6p+9)), class = "data.frame", row.names = c(NA, 
-121L))
