structure(list(period_id = c("1995Q1", "1995Q2", "1995Q3", "1995Q4", 
"1996Q1", "1996Q2", "1996Q3", "1996Q4", "1997Q1", "1997Q2", "1997Q3", 
"1997Q4", "1998Q1", "1998Q2", "1998Q3", "1998Q4", "1999Q1", "1999Q2", 
"1999Q3", "1999Q4", "2000Q1", "2000Q2", "2000Q3", "2000Q4", "2001Q1", 
"2001Q2", "2001Q3", "2001Q4", "2002Q1", "2002Q2", "2002Q3", "2002Q4", 
"2003Q1", "2003Q2", "2003Q3", "2003Q4", "2004Q1", "2004Q2", "2004Q3", 
"2004Q4", "2005Q1", "2005Q2", "2005Q3", "2005Q4", "2006Q1", "2006Q2", 
"2006Q3", "2006Q4", "2007Q1", "2007Q2", "2007Q3", "2007Q4", "2008Q1", 
"2008Q2", "2008Q3", "2008Q4", "2009Q1", "2009Q2", "2009Q3", "2009Q4", 
"2010Q1", "2010Q2", "2010Q3", "2010Q4", "2011Q1", "2011Q2", "2011Q3", 
"2011Q4", "2012Q1", "2012Q2", "2012Q3", "2012Q4", "2013Q1", "2013Q2", 
"2013Q3", "2013Q4", "2014Q1", "2014Q2", "2014Q3", "2014Q4", "2015Q1", 
"2015Q2", "2015Q3", "2015Q4", "2016Q1", "2016Q2", "2016Q3", "2016Q4", 
"2017Q1", "2017Q2", "2017Q3", "2017Q4", "2018Q1", "2018Q2", "2018Q3", 
"2018Q4", "2019Q1", "2019Q2", "2019Q3", "2019Q4", "2020Q1", "2020Q2", 
"2020Q3", "2020Q4", "2021Q1", "2021Q2", "2021Q3", "2021Q4", "2022Q1", 
"2022Q2", "2022Q3", "2022Q4", "2023Q1", "2023Q2", "2023Q3", "2023Q4", 
"2024Q1", "2024Q2", "2024Q3", "2024Q4", "2025Q1", "2025Q2"), 
    value = c(0x1.1d853a604e1e7p+8, 0x1.22df6ff3ade22p+8, 0x1.24918cc144029p+8, 
    0x1.392250b52439ap+8, 0x1.4eb3631b584b2p+8, 0x1.591bbe22e5de1p+8, 
    0x1.670b9a9da597dp+8, 0x1.6f494a90470a8p+8, 0x1.7112e3d5fdcdfp+8, 
    0x1.8a0e487336588p+8, 0x1.888d22856605fp+8, 0x1.97cbc5ef62f9dp+8, 
    0x1.9b753fc0096ffp+8, 0x1.89289d6adf71fp+8, 0x1.9a7170b49e01ep+8, 
    0x1.8b156c2efd439p+8, 0x1.8a02e1049236p+8, 0x1.907e63d816acfp+8, 
    0x1.8cda91b823c86p+8, 0x1.a330a42aed139p+8, 0x1.b2d25aee631f9p+8, 
    0x1.c5e833e78e193p+8, 0x1.df9cb039ef0f1p+8, 0x1.f024b0af5fd48p+8, 
    0x1.064028fe260b3p+9, 0x1.0a08c54bcf0b7p+9, 0x1.156e9d30270f4p+9, 
    0x1.14d45471715c6p+9, 0x1.1fa4c6a3bddfdp+9, 0x1.2fb322749f0e5p+9, 
    0x1.357f58d9b5e96p+9, 0x1.3fc6661283904p+9, 0x1.3356bc05d52c1p+9, 
    0x1.432fdd6e04c06p+9, 0x1.4678560c7c0f4p+9, 0x1.51cb950b955f8p+9, 
    0x1.60a758d1526d9p+9, 0x1.6a56d130df9bep+9, 0x1.7647f034b0e1bp+9, 
    0x1.83e8ce703afb8p+9, 0x1.86324fa05143cp+9, 0x1.91bd244a6223ep+9, 
    0x1.af4e68f4b61fep+9, 0x1.ae7285985ad54p+9, 0x1.ac8899392189cp+9, 
    0x1.bd18782906898p+9, 0x1.d73981c714fcep+9, 0x1.db9abfa0945fap+9, 
    0x1.00e6b04ab606bp+10, 0x1.07053311a543fp+10, 0x1.14723810e8859p+10, 
    0x1.155c42784a948p+10, 0x1.347e09b30728fp+10, 0x1.461d4a2fcefaap+10, 
    0x1.39ad316a05575p+10, 0x1.4bc1feda66128p+10, 0x1.1563dc981beb2p+10, 
    0x1.12aa9491f2dc3p+10, 0x1.14e54dcebfec1p+10, 0x1.257334267839dp+10, 
    0x1.1f3a333333333p+10, 0x1.22c8c2f837b4ap+10, 0x1.2ca4fc829cfddp+10, 
    0x1.32a4e503fb374p+10, 0x1.32cc9a52263d8p+10, 0x1.37edad7518b0dp+10, 
    0x1.37a57646ae3a4p+10, 0x1.3dd6b1209edcp+10, 0x1.40cfb584b1ab1p+10, 
    0x1.3db7bb98c7e28p+10, 0x1.464d8f190d174p+10, 0x1.479e5692b3cc5p+10, 
    0x1.49be5edd05293p+10, 0x1.4fe0a5870da5ep+10, 0x1.5498ac03ff69p+10, 
    0x1.4d49d72367e41p+10, 0x1.587769b5a63fap+10, 0x1.68216b00ffda4p+10, 
    0x1.67f75c422036p+10, 0x1.682cdc011d367p+10, 0x1.6a74658c4bd34p+10, 
    0x1.6f454d76ab58p+10, 0x1.762cc9fb6134dp+10, 0x1.7dab296b3354cp+10, 
    0x1.8c187a4a48f97p+10, 0x1.89ae861e92924p+10, 0x1.98f2f15e7c8d2p+10, 
    0x1.a8e256da0168bp+10, 0x1.c04714fce746dp+10, 0x1.c51d148ba83f5p+10, 
    0x1.d55936933a04p+10, 0x1.d68f4c48adeecp+10, 0x1.e67b19d2391d5p+10, 
    0x1.edbdfa26a22b4p+10, 0x1.fc97e3193f6c2p+10, 0x1.08a8ac7fbacb4p+11, 
    0x1.064f240fa9c13p+11, 0x1.1216e7a311e86p+11, 0x1.0b9a95336deb9p+11, 
    0x1.108102730c671p+11, 0x1.08d110a569b17p+11, 0x1.6e6793c03bc4dp+10, 
    0x1.9794254e6e222p+10, 0x1.c577650e7792p+10, 0x1.d29c91148fdap+10, 
    0x1.dcbbaa087ca64p+10, 0x1.1405519157abcp+11, 0x1.2c7fbc87db2b3p+11, 
    0x1.3b92fb84db9c7p+11, 0x1.5d5d4790b8499p+11, 0x1.6e8b1e1f3a57fp+11, 
    0x1.63da97c1bda51p+11, 0x1.77253f37b8d3fp+11, 0x1.72f3947cfa26ap+11, 
    0x1.6b587ed63454ap+11, 0x1.71c47a2f05a71p+11, 0x1.757ee581cf788p+11, 
    0x1.7aaa70196d8f5p+11, 0x1.8a744358afc48p+11, 0x1.8dfe9bc33f855p+11, 
    0x1.8ff7a328f9f45p+11, 0x1.9070c113c6866p+11)), class = "data.frame", row.names = c(NA, 
-122L))
