structure(list(period_id = c("1995Q1", "1995Q2", "1995Q3", "1995Q4", 
"1996Q1", "1996Q2", "1996Q3", "1996Q4", "1997Q1", "1997Q2", "1997Q3", 
"1997Q4", "1998Q1", "1998Q2", "1998Q3", "1998Q4", "1999Q1", "1999Q2", 
"1999Q3", "1999Q4", "2000Q1", "2000Q2", "2000Q3", "2000Q4", "2001Q1", 
"2001Q2", "2001Q3", "2001Q4", "2002Q1", "2002Q2", "2002Q3", "2002Q4", 
"2003Q1", "2003Q2", "2003Q3", "2003Q4", "2004Q1", "2004Q2", "2004Q3", 
"2004Q4", "2005Q1", "2005Q2", "2005Q3", "2005Q4", "2006Q1", "2006Q2", 
"2006Q3", "2006Q4", "2007Q1", "2007Q2", "2007Q3", "2007Q4", "2008Q1", 
"2008Q2", "2008Q3", "2008Q4", "2009Q1", "2009Q2", "2009Q3", "2009Q4", 
"2010Q1", "2010Q2", "2010Q3", "2010Q4", "2011Q1", "2011Q2", "2011Q3", 
"2011Q4", "2012Q1", "2012Q2", "2012Q3", "2012Q4", "2013Q1", "2013Q2", 
"2013Q3", "2013Q4", "2014Q1", "2014Q2", "2014Q3", "2014Q4", "2015Q1", 
"2015Q2", "2015Q3", "2015Q4", "2016Q1", "2016Q2", "2016Q3", "2016Q4", 
"2017Q1", "2017Q2", "2017Q3", "2017Q4", "2018Q1", "2018Q2", "2018Q3", 
"2018Q4", "2019Q1", "2019Q2", "2019Q3", "2019Q4", "2020Q1", "2020Q2", 
"2020Q3", "2020Q4", "2021Q1", "2021Q2", "2021Q3", "2021Q4", "2022Q1", 
"2022Q2", "2022Q3", "2022Q4", "2023Q1", "2023Q2", "2023Q3", "2023Q4", 
"2024Q1", "2024Q2", "2024Q3"), value = c(0x1.18f3ef416bdb2p+9, 
0x1.20d53e468cac5p+9, 0x1.2e25c0229a5ecp+9, 0x1.3e6ebd66277c4p+9, 
0x1.4609313be22e6p+9, 0x1.523eefed63455p+9, 0x1.583385e80bed7p+9, 
0x1.616c1a8262457p+9, 0x1.6e6255c0fcb4fp+9, 0x1.7c0aad4f5903ap+9, 
0x1.8dfec0f01fb83p+9, 0x1.938d9a2834d27p+9, 0x1.9bfc9717df19dp+9, 
0x1.9f51f77292c49p+9, 0x1.a3f4ffda4052dp+9, 0x1.ae91f91e646f1p+9, 
0x1.bc4615db3397ep+9, 0x1.ca2f1cb89d6aep+9, 0x1.d6476262cba73p+9, 
0x1.e307f8a0902dep+9, 0x1.f26be9856a37bp+9, 0x1.fc2565ba6efc3p+9, 
0x1.05cb4738a3b58p+10, 0x1.0ebc6f9767903p+10, 0x1.14d61f9f01b86p+10, 
0x1.2180cbaf965b2p+10, 0x1.299f132724313p+10, 0x1.30c816c1e364cp+10, 
0x1.353e9b8023a6dp+10, 0x1.376bded288ce7p+10, 0x1.3c5818b934699p+10, 
0x1.42cd32ebe596dp+10, 0x1.4c5528522ea1p+10, 0x1.53928605681edp+10, 
0x1.590137542a23cp+10, 0x1.5c02a459103c9p+10, 0x1.5b4f966be7afap+10, 
0x1.5fae91b823c86p+10, 0x1.614ba077036cap+10, 0x1.65945b9a5a89cp+10, 
0x1.6e77b69984a0ep+10, 0x1.705103c8e25c8p+10, 0x1.765d5e99e94abp+10, 
0x1.7ac05a921ccd9p+10, 0x1.7b36a63736cdfp+10, 0x1.7e413a3a8e714p+10, 
0x1.827e8bb4d4888p+10, 0x1.840df52fc2657p+10, 0x1.8cfce12620254p+10, 
0x1.9b1ed0247021dp+10, 0x1.a636dcfcc5b8ep+10, 0x1.b9ab76e6106abp+10, 
0x1.c618964a59c06p+10, 0x1.cd4dfb9bed30fp+10, 0x1.d41ad041cc533p+10, 
0x1.cf1e566490a35p+10, 0x1.d4a1d1c3ac92ap+10, 0x1.db570dd3fe197p+10, 
0x1.e38bd7d3910c3p+10, 0x1.f1fdafb7e91p+10, 0x1.f6ca6df82b1f7p+10, 
0x1.ffcc628cbd124p+10, 0x1.03f3bf50e3476p+11, 0x1.07035a6c5d207p+11, 
0x1.0a13ac386d2edp+11, 0x1.0ddf716d2aa5cp+11, 0x1.0efd901d19158p+11, 
0x1.14c314ab1d4fap+11, 0x1.172cea5508701p+11, 0x1.1809c925785f9p+11, 
0x1.196f18b0d0edcp+11, 0x1.15d74f6167232p+11, 0x1.143ed7be9856ap+11, 
0x1.1131a66559f6fp+11, 0x1.11065f9df548fp+11, 0x1.107bd9c497742p+11, 
0x1.123ae28672757p+11, 0x1.10cc119ef954fp+11, 0x1.0f855ccea28fep+11, 
0x1.0f0d39c0ebeep+11, 0x1.0c714784230fdp+11, 0x1.0d25050bd87b5p+11, 
0x1.0bcc4a44c7b03p+11, 0x1.0bcb3bfb58d15p+11, 0x1.0c44dbec2480fp+11, 
0x1.0de789ca18bd6p+11, 0x1.11068d2e514c2p+11, 0x1.11b9d477bbf94p+11, 
0x1.149e88f861a61p+11, 0x1.15ac54562e0ap+11, 0x1.171e1e518f3edp+11, 
0x1.1c1309eba6acap+11, 0x1.1f8c31a6d699p+11, 0x1.23a7013879c41p+11, 
0x1.29008a04d1202p+11, 0x1.2e0f71f9acffap+11, 0x1.32186b8305d96p+11, 
0x1.3a07147ae147bp+11, 0x1.399cffb8b2639p+11, 0x1.3877d1bb4916dp+11, 
0x1.337385b18548bp+11, 0x1.0e3c9df548ecep+11, 0x1.2cf85b0574b4p+11, 
0x1.1cd3f7be121eep+11, 0x1.28ecd8eeae9eep+11, 0x1.35976e73e681bp+11, 
0x1.46083ae685db7p+11, 0x1.5507d28d002e2p+11, 0x1.670f9c065b63dp+11, 
0x1.8a5db4dad31fdp+11, 0x1.92d877ea1c68fp+11, 0x1.9d3ca60f5e41dp+11, 
0x1.98ea18a65493p+11, 0x1.971b53996fa83p+11, 0x1.99d05814940bcp+11, 
0x1.941da25d8d79dp+11, 0x1.978fd5ed06fefp+11, 0x1.923c293d102bcp+11, 
0x1.8d49cdfce3151p+11)), class = "data.frame", row.names = c(NA, 
-119L))
