structure(list(period_id = c("2000", "2001", "2002", "2003", 
"2004", "2005", "2006", "2007", "2008", "2009", "2010", "2011", 
"2012", "2013", "2014", "2015", "2016", "2017", "2018", "2019", 
"2020", "2021", "2022"), value = c(0x1.430a444d013a9p+12, 0x1.5c4a94d72799ap+12, 
0x1.69a8aa3bddfcap+12, 0x1.90b4add15f02cp+12, 0x1.c139ec7000432p+12, 
0x1.e3e27bd05af6cp+12, 0x1.10dcf1476af8ap+13, 0x1.3a07d32bdc26ep+13, 
0x1.5cf39abc94706p+13, 0x1.11644e0c9d9d3p+13, 0x1.de28d6cf850dfp+12, 
0x1.cdba5f644955bp+12, 0x1.ae7a17342edbbp+12, 0x1.bec544da9003fp+12, 
0x1.c4c2ffc32ebe6p+12, 0x1.c72237f6b1a2ap+12, 0x1.bca550763a19p+12, 
0x1.ecb09fd2630ecp+12, 0x1.1577876640a6cp+13, 0x1.29578bae89ebap+13, 
0x1.15dc284cf073ap+13, 0x1.498ccb49e01dep+13, 0x1.85da8fb19e732p+13
)), class = "data.frame", row.names = c(NA, -23L))
