structure(list(period_id = c("1995Q1", "1995Q2", "1995Q3", "1995Q4", 
"1996Q1", "1996Q2", "1996Q3", "1996Q4", "1997Q1", "1997Q2", "1997Q3", 
"1997Q4", "1998Q1", "1998Q2", "1998Q3", "1998Q4", "1999Q1", "1999Q2", 
"1999Q3", "1999Q4", "2000Q1", "2000Q2", "2000Q3", "2000Q4", "2001Q1", 
"2001Q2", "2001Q3", "2001Q4", "2002Q1", "2002Q2", "2002Q3", "2002Q4", 
"2003Q1", "2003Q2", "2003Q3", "2003Q4", "2004Q1", "2004Q2", "2004Q3", 
"2004Q4", "2005Q1", "2005Q2", "2005Q3", "2005Q4", "2006Q1", "2006Q2", 
"2006Q3", "2006Q4", "2007Q1", "2007Q2", "2007Q3", "2007Q4", "2008Q1", 
"2008Q2", "2008Q3", "2008Q4", "2009Q1", "2009Q2", "2009Q3", "2009Q4", 
"2010Q1", "2010Q2", "2010Q3", "2010Q4", "2011Q1", "2011Q2", "2011Q3", 
"2011Q4", "2012Q1", "2012Q2", "2012Q3", "2012Q4", "2013Q1", "2013Q2", 
"2013Q3", "2013Q4", "2014Q1", "2014Q2", "2014Q3", "2014Q4", "2015Q1", 
"2015Q2", "2015Q3", "2015Q4", "2016Q1", "2016Q2", "2016Q3", "2016Q4", 
"2017Q1", "2017Q2", "2017Q3", "2017Q4", "2018Q1", "2018Q2", "2018Q3", 
"2018Q4", "2019Q1", "2019Q2", "2019Q3", "2019Q4", "2020Q1", "2020Q2", 
"2020Q3", "2020Q4", "2021Q1", "2021Q2", "2021Q3", "2021Q4", "2022Q1", 
"2022Q2", "2022Q3", "2022Q4", "2023Q1", "2023Q2", "2023Q3", "2023Q4", 
"2024Q1", "2024Q2", "2024Q3", "2024Q4", "2025Q1", "2025Q2", "2025Q3"
), value = c(0x1.580020c8cd63dp+10, 0x1.5d42c7e28240bp+10, 0x1.65601d81f1066p+10, 
0x1.6f1874afd5454p+10, 0x1.7b425b291b824p+10, 0x1.8a333c03bc4d2p+10, 
0x1.911627243137bp+10, 0x1.9a80b2cc70868p+10, 0x1.a12f79314445bp+10, 
0x1.ad2054434e337p+10, 0x1.bb2658d5842b7p+10, 0x1.c3a53ff25e56dp+10, 
0x1.d0267ca2120e2p+10, 0x1.d5502e7b3d8ep+10, 0x1.dc3b1ec918e32p+10, 
0x1.e41dfef39085fp+10, 0x1.f3e1b6ed6777p+10, 0x1.006976b1a2a4ep+11, 
0x1.072f6b228dc98p+11, 0x1.1005b8fde2ef5p+11, 0x1.15b0e97071822p+11, 
0x1.1fde612a51e32p+11, 0x1.2b4463fdd65a1p+11, 0x1.363cd72ffd1ddp+11, 
0x1.40cf43d03968dp+11, 0x1.475e3f8b9baa1p+11, 0x1.4f97b9baa1512p+11, 
0x1.563b6d8904f6ep+11, 0x1.60cdfb43d89cep+11, 0x1.677f8d66f0cfep+11, 
0x1.6f213508f648cp+11, 0x1.77ebe2cfd8f0cp+11, 0x1.7df2334c5da6ap+11, 
0x1.85f07398e9707p+11, 0x1.8db51378ee286p+11, 0x1.93bc7b24638c9p+11, 
0x1.9c3c132d6ece1p+11, 0x1.a5fdc79d4d834p+11, 0x1.af86105186db5p+11, 
0x1.b65eec1e364bfp+11, 0x1.b72dbae685db7p+11, 0x1.c0359697f1f9bp+11, 
0x1.c73926bf8769fp+11, 0x1.cec7a806af46bp+11, 0x1.d6b345e6ff7ep+11, 
0x1.ddf77e36d2242p+11, 0x1.e616790539fbap+11, 0x1.f3797414a4d2bp+11, 
0x1.004e3ace67d78p+12, 0x1.05ce0ece9a2c6p+12, 0x1.0ba5c1c714fcep+12, 
0x1.14aae1027957p+12, 0x1.1b87b56a7ac82p+12, 0x1.223c0e3150daep+12, 
0x1.29a7bbb0e5e68p+12, 0x1.2a91b3bc903eap+12, 0x1.26495074213a1p+12, 
0x1.2332091afc04dp+12, 0x1.20db4d1a65061p+12, 0x1.209fa1bc126a6p+12, 
0x1.25408713f077dp+12, 0x1.26a0de8d5411p+12, 0x1.2645b8f57f738p+12, 
0x1.25c8414c660a2p+12, 0x1.25584c07aaef3p+12, 0x1.24f0b5a31a4bep+12, 
0x1.24b9b23ee1bd2p+12, 0x1.232355bab2181p+12, 0x1.22361ab8e8ea4p+12, 
0x1.1ef45510d38cep+12, 0x1.1bab29c454584p+12, 0x1.196665215768ap+12, 
0x1.173812513b5bfp+12, 0x1.168ce3d2d87f9p+12, 0x1.16e8fe920c06ap+12, 
0x1.177d8cfd08d4cp+12, 0x1.1951d03d9a954p+12, 0x1.1b35928e0c9dap+12, 
0x1.1cddf0f6ad70ep+12, 0x1.1ef14b966be7bp+12, 0x1.202a1f4f50a03p+12, 
0x1.22a4bfcb923a3p+12, 0x1.25d919eb6390dp+12, 0x1.297e544cbe1ebp+12, 
0x1.2e2c68f6cefedp+12, 0x1.320e62962cfd9p+12, 0x1.3650cae642bfap+12, 
0x1.3a827877ab325p+12, 0x1.3f5374f50a02cp+12, 0x1.44fb3bb949625p+12, 
0x1.4b35f3a2595bcp+12, 0x1.511a931876189p+12, 0x1.56c804db9c737p+12, 
0x1.5dc4593c46d83p+12, 0x1.63b409d0635a4p+12, 0x1.6c403136a401p+12, 
0x1.73cb92f5dbb9dp+12, 0x1.7a4a0f5f4e443p+12, 0x1.8019044284dfdp+12, 
0x1.8451e5bea0ba2p+12, 0x1.811a594e1a3f4p+12, 0x1.863ebfa8f7db7p+12, 
0x1.815b7d2a62aa2p+12, 0x1.98dcc9cd3e0bdp+12, 0x1.a27c758afc47ep+12, 
0x1.acc0d64b662fep+12, 0x1.ac59f7fcfc3f8p+12, 0x1.b574f2452c5ap+12, 
0x1.bd97a8ccdd93cp+12, 0x1.c90276006d0d5p+12, 0x1.d24c0d530489dp+12, 
0x1.dcaa4a6b93ccdp+12, 0x1.f4b73167ec786p+12, 0x1.fb233eaf6837fp+12, 
0x1.00ef7823c85c2p+13, 0x1.057fc71d60631p+13, 0x1.09e6a6cb10343p+13, 
0x1.0d2cc31c64ba9p+13, 0x1.11acce429e0a4p+13, 0x1.14dec9aaa3ad2p+13, 
0x1.192625881a155p+13, 0x1.1d587085f4a12p+13, 0x1.2195b96b7670ap+13
)), class = "data.frame", row.names = c(NA, -123L))
