structure(list(period_id = c("1994Q4", "1995Q1", "1995Q2", "1995Q3", 
"1995Q4", "1996Q1", "1996Q2", "1996Q3", "1996Q4", "1997Q1", "1997Q2", 
"1997Q3", "1997Q4", "1998Q1", "1998Q2", "1998Q3", "1998Q4", "1999Q1", 
"1999Q2", "1999Q3", "1999Q4", "2000Q1", "2000Q2", "2000Q3", "2000Q4", 
"2001Q1", "2001Q2", "2001Q3", "2001Q4", "2002Q1", "2002Q2", "2002Q3", 
"2002Q4", "2003Q1", "2003Q2", "2003Q3", "2003Q4", "2004Q1", "2004Q2", 
"2004Q3", "2004Q4", "2005Q1", "2005Q2", "2005Q3", "2005Q4", "2006Q1", 
"2006Q2", "2006Q3", "2006Q4", "2007Q1", "2007Q2", "2007Q3", "2007Q4", 
"2008Q1", "2008Q2", "2008Q3", "2008Q4", "2009Q1", "2009Q2", "2009Q3", 
"2009Q4", "2010Q1", "2010Q2", "2010Q3", "2010Q4", "2011Q1", "2011Q2", 
"2011Q3", "2011Q4", "2012Q1", "2012Q2", "2012Q3", "2012Q4", "2013Q1", 
"2013Q2", "2013Q3", "2013Q4", "2014Q1", "2014Q2", "2014Q3", "2014Q4", 
"2015Q1", "2015Q2", "2015Q3", "2015Q4", "2016Q1", "2016Q2", "2016Q3", 
"2016Q4", "2017Q1", "2017Q2", "2017Q3", "2017Q4", "2018Q1", "2018Q2", 
"2018Q3", "2018Q4", "2019Q1", "2019Q2", "2019Q3", "2019Q4", "2020Q1", 
"2020Q2", "2020Q3", "2020Q4", "2021Q1", "2021Q2", "2021Q3", "2021Q4", 
"2022Q1", "2022Q2", "2022Q3", "2022Q4", "2023Q1", "2023Q2", "2023Q3", 
"2023Q4", "2024Q1", "2024Q2", "2024Q3", "2024Q4", "2025Q1"), 
    value = c(NA, NA, NA, NA, NA, NA, NA, NA, NA, NA, NA, NA, 
    NA, NA, NA, NA, NA, 0x1.5964317acc4fp+7, 0x1.51faf74cd3177p+7, 
    0x1.54493682730c6p+7, 0x1.4fa8468448cf8p+7, 0x1.26d9001d5c316p+7, 
    0x1.6780e0221427p+7, 0x1.6c20726d04e62p+7, 0x1.7af417ebaf102p+7, 
    0x1.8b208a265f0f6p+7, 0x1.aa61bac2df0d4p+7, 0x1.b28e2584f4c6ep+7, 
    0x1.c416160d887ecp+7, 0x1.c2ba84be40421p+7, 0x1.b67cee17a02fbp+7, 
    0x1.c1ba94dd72368p+7, 0x1.cc98b955f7836p+7, 0x1.d8f16c61522a7p+7, 
    0x1.e6700f776c482p+7, 0x1.ed034d6a161e5p+7, 0x1.e5d22ff08893bp+7, 
    0x1.f0df221858bc6p+7, 0x1.f21b3ce63a5c2p+7, 0x1.07a5dbca9691ap+8, 
    0x1.11daf587d6f97p+8, 0x1.084c0c4156e26p+8, 0x1.0c8be2d6238dap+8, 
    0x1.147de75360d02p+8, 0x1.2a407c5260f5ep+8, 0x1.3ed2e89eba6adp+8, 
    0x1.58a1d57ff9b56p+8, 0x1.616626f60e0ebp+8, 0x1.78330b8cfbfc6p+8, 
    0x1.88f4abb44e50cp+8, 0x1.9837906466b1ep+8, 0x1.a76d670196d8fp+8, 
    0x1.ac15aa715831fp+8, 0x1.b27a7c286f8adp+8, 0x1.bf8759ee88df3p+8, 
    0x1.c836c40d0aaa8p+8, 0x1.b4f682a5614ep+8, 0x1.c8a4c34c1a8acp+8, 
    0x1.c3a07bbb62414p+8, 0x1.bfa1c96030c24p+8, 0x1.c170200c0f02p+8, 
    0x1.b0c2b7aa25d8dp+8, 0x1.befa2f05a708fp+8, 0x1.bd9237cdcca71p+8, 
    0x1.c4da312f4cf4ap+8, 0x1.87aa42f1ed17cp+8, 0x1.7d2bc4f3ba776p+8, 
    0x1.6f8f54c12274ap+8, 0x1.6e540fecdd0d9p+8, 0x1.8123cc4ac6cdbp+8, 
    0x1.669b9085f4a12p+8, 0x1.7613faa044ae8p+8, 0x1.5da8c575c0768p+8, 
    0x1.7531309c7ffdep+8, 0x1.84758a7610279p+8, 0x1.9be51dffc547ap+8, 
    0x1.9094dbf0563edp+8, 0x1.cac66c4c5974ep+8, 0x1.df019fe43675ep+8, 
    0x1.e6edbbf0dc769p+8, 0x1.e19823b7952d2p+8, 0x1.c3b31f79420b4p+8, 
    0x1.d3fca65492ff5p+8, 0x1.d424011d3671bp+8, 0x1.cca9f80991794p+8, 
    0x1.4c4e4f765fd8bp+8, 0x1.566ab7564302bp+8, 0x1.4b49bb16c1e36p+8, 
    0x1.4cdd0364388ecp+8, 0x1.43e5a3f4666edp+8, 0x1.49bc81908e582p+8, 
    0x1.4bd995aaf78ffp+8, 0x1.46da596c82e02p+8, 0x1.a846fdb8fde2fp+8, 
    0x1.9ec9aec4a4096p+8, 0x1.ac2d06034f3fep+8, 0x1.9c9910b1feeb3p+8, 
    0x1.cdaa4cb5bb385p+8, 0x1.c5c2385404641p+8, 0x1.96cb3c70c996bp+8, 
    0x1.0af75b3e1437cp+9, 0x1.e0447a4a48f97p+8, 0x1.bdb996c82e01ap+8, 
    0x1.d1f95703f2d3cp+8, 0x1.0cb55f78359bcp+9, 0x1.0990ad6883772p+9, 
    0x1.27d776922d949p+9, 0x1.43862c343b70fp+9, 0x1.4aeb4adbc664dp+9, 
    0x1.57554141e9af6p+9, 0x1.8209dba908a26p+9, 0x1.8c29344806291p+9, 
    0x1.b4f7bf50e3476p+9, 0x1.9f247e1fc08fap+9, 0x1.a7772f01754bp+9, 
    0x1.b2fe3361565c3p+9, 0x1.b2872fc2656acp+9, 0x1.a8cb761cbccf3p+9, 
    0x1.9200b72c5197ap+9, 0x1.aa8a9fc6da448p+9, 0x1.b5f16ebd4cfd1p+9, 
    0x1.ce2b97e564734p+9)), class = "data.frame", row.names = c(NA, 
-122L))
