structure(list(period_id = c("1995Q1", "1995Q2", "1995Q3", "1995Q4", 
"1996Q1", "1996Q2", "1996Q3", "1996Q4", "1997Q1", "1997Q2", "1997Q3", 
"1997Q4", "1998Q1", "1998Q2", "1998Q3", "1998Q4", "1999Q1", "1999Q2", 
"1999Q3", "1999Q4", "2000Q1", "2000Q2", "2000Q3", "2000Q4", "2001Q1", 
"2001Q2", "2001Q3", "2001Q4", "2002Q1", "2002Q2", "2002Q3", "2002Q4", 
"2003Q1", "2003Q2", "2003Q3", "2003Q4", "2004Q1", "2004Q2", "2004Q3", 
"2004Q4", "2005Q1", "2005Q2", "2005Q3", "2005Q4", "2006Q1", "2006Q2", 
"2006Q3", "2006Q4", "2007Q1", "2007Q2", "2007Q3", "2007Q4", "2008Q1", 
"2008Q2", "2008Q3", "2008Q4", "2009Q1", "2009Q2", "2009Q3", "2009Q4", 
"2010Q1", "2010Q2", "2010Q3", "2010Q4", "2011Q1", "2011Q2", "2011Q3", 
"2011Q4", "2012Q1", "2012Q2", "2012Q3", "2012Q4", "2013Q1", "2013Q2", 
"2013Q3", "2013Q4", "2014Q1", "2014Q2", "2014Q3", "2014Q4", "2015Q1", 
"2015Q2", "2015Q3", "2015Q4", "2016Q1", "2016Q2", "2016Q3", "2016Q4", 
"2017Q1", "2017Q2", "2017Q3", "2017Q4", "2018Q1", "2018Q2", "2018Q3", 
"2018Q4", "2019Q1", "2019Q2", "2019Q3", "2019Q4", "2020Q1", "2020Q2", 
"2020Q3", "2020Q4", "2021Q1", "2021Q2", "2021Q3", "2021Q4", "2022Q1", 
"2022Q2", "2022Q3", "2022Q4", "2023Q1", "2023Q2", "2023Q3", "2023Q4", 
"2024Q1", "2024Q2", "2024Q3", "2024Q4", "2025Q1"), value = c(0x1.343a1cac08312p+8, 
0x1.2fbba5e353f7dp+8, 0x1.2a54fdf3b645ap+8, 0x1.277df3b645a1dp+8, 
0x1.245645a1cac08p+8, 0x1.208b439581062p+8, 0x1.18b5c28f5c28fp+8, 
0x1.17b4fdf3b645ap+8, 0x1.14a9374bc6a7fp+8, 0x1.12fa9fbe76c8bp+8, 
0x1.1292f1a9fbe77p+8, 0x1.120e978d4fdf4p+8, 0x1.10b020c49ba5ep+8, 
0x1.0fc872b020c4ap+8, 0x1.0fd70a3d70a3dp+8, 0x1.0f69374bc6a7fp+8, 
0x1.10ee147ae147bp+8, 0x1.0f5f3b645a1cbp+8, 0x1.0e6c8b439581p+8, 
0x1.0db26e978d4fep+8, 0x1.0ce20c49ba5e3p+8, 0x1.0d2c8b439581p+8, 
0x1.0dec49ba5e354p+8, 0x1.0ee5604189375p+8, 0x1.0eb1eb851eb85p+8, 
0x1.0ee20c49ba5e3p+8, 0x1.0dbe76c8b4396p+8, 0x1.0c1a1cac08312p+8, 
0x1.0b23126e978d5p+8, 0x1.0a56c8b439581p+8, 0x1.0931a9fbe76c9p+8, 
0x1.07f16872b020cp+8, 0x1.065f3b645a1cbp+8, 0x1.04bba5e353f7dp+8, 
0x1.02cf1a9fbe76dp+8, 0x1.026978d4fdf3bp+8, 0x1.02bced916872bp+8, 
0x1.02789374bc6a8p+8, 0x1.024189374bc6ap+8, 0x1.0187ae147ae14p+8, 
0x1.ff0189374bc6ap+7, 0x1.fc8fdf3b645a2p+7, 0x1.f9a24dd2f1aap+7, 
0x1.f6c9ba5e353f8p+7, 0x1.f3b2b020c49bap+7, 0x1.f238d4fdf3b64p+7, 
0x1.f2ce560418937p+7, 0x1.f55a1cac08312p+7, 0x1.f6dc28f5c28f6p+7, 
0x1.f748b43958106p+7, 0x1.f7cb439581062p+7, 0x1.f92e147ae147bp+7, 
0x1.f95eb851eb852p+7, 0x1.f862d0e560419p+7, 0x1.f653f7ced9168p+7, 
0x1.f00b439581062p+7, 0x1.e03b645a1cac1p+7, 0x1.cd7ef9db22d0ep+7, 
0x1.c2083126e978dp+7, 0x1.ba62d0e560419p+7, 0x1.b5d16872b020cp+7, 
0x1.b33645a1cac08p+7, 0x1.b17be76c8b439p+7, 0x1.ae15810624dd3p+7, 
0x1.b0e6e978d4fdfp+7, 0x1.b11a9fbe76c8bp+7, 0x1.b1a7ef9db22d1p+7, 
0x1.b033333333333p+7, 0x1.af73b645a1cacp+7, 0x1.add26e978d4fep+7, 
0x1.aac8b43958106p+7, 0x1.a72147ae147aep+7, 0x1.a477ced916873p+7, 
0x1.a3245a1cac083p+7, 0x1.a2ee147ae147bp+7, 0x1.a3b74bc6a7efap+7, 
0x1.a3fc6a7ef9db2p+7, 0x1.a429fbe76c8b4p+7, 0x1.a4e8f5c28f5c3p+7, 
0x1.a62a7ef9db22dp+7, 0x1.a844189374bc7p+7, 0x1.a9e6666666666p+7, 
0x1.acccccccccccdp+7, 0x1.b08a3d70a3d71p+7, 0x1.b26e147ae147bp+7, 
0x1.b5dc28f5c28f6p+7, 0x1.b816872b020c5p+7, 0x1.ba27ef9db22d1p+7, 
0x1.bcbbe76c8b439p+7, 0x1.c191eb851eb85p+7, 0x1.c703126e978d5p+7, 
0x1.cbcb439581062p+7, 0x1.d11810624dd2fp+7, 0x1.d579db22d0e56p+7, 
0x1.d98b439581062p+7, 0x1.de3ef9db22d0ep+7, 0x1.e16b851eb851fp+7, 
0x1.e2b8d4fdf3b64p+7, 0x1.e36872b020c4ap+7, 0x1.e32a7ef9db22dp+7, 
0x1.e23f7ced91687p+7, 0x1.da74395810625p+7, 0x1.d67a5e353f7cfp+7, 
0x1.d9c083126e979p+7, 0x1.de0a3d70a3d71p+7, 0x1.e231a9fbe76c9p+7, 
0x1.e4cbc6a7ef9dbp+7, 0x1.e71999999999ap+7, 0x1.ea883126e978dp+7, 
0x1.ec33b645a1cacp+7, 0x1.ed7d70a3d70a4p+7, 0x1.ef5810624dd2fp+7, 
0x1.f0147ae147ae1p+7, 0x1.f00e560418937p+7, 0x1.efdcac083126fp+7, 
0x1.eebd70a3d70a4p+7, 0x1.ec883126e978dp+7, 0x1.ea9a9fbe76c8bp+7, 
0x1.e89916872b021p+7, 0x1.e67ef9db22d0ep+7, 0x1.e44ed916872bp+7
)), class = "data.frame", row.names = c(NA, -121L))
