structure(list(period_id = c("1995Q1", "1995Q2", "1995Q3", "1995Q4", 
"1996Q1", "1996Q2", "1996Q3", "1996Q4", "1997Q1", "1997Q2", "1997Q3", 
"1997Q4", "1998Q1", "1998Q2", "1998Q3", "1998Q4", "1999Q1", "1999Q2", 
"1999Q3", "1999Q4", "2000Q1", "2000Q2", "2000Q3", "2000Q4", "2001Q1", 
"2001Q2", "2001Q3", "2001Q4", "2002Q1", "2002Q2", "2002Q3", "2002Q4", 
"2003Q1", "2003Q2", "2003Q3", "2003Q4", "2004Q1", "2004Q2", "2004Q3", 
"2004Q4", "2005Q1", "2005Q2", "2005Q3", "2005Q4", "2006Q1", "2006Q2", 
"2006Q3", "2006Q4", "2007Q1", "2007Q2", "2007Q3", "2007Q4", "2008Q1", 
"2008Q2", "2008Q3", "2008Q4", "2009Q1", "2009Q2", "2009Q3", "2009Q4", 
"2010Q1", "2010Q2", "2010Q3", "2010Q4", "2011Q1", "2011Q2", "2011Q3", 
"2011Q4", "2012Q1", "2012Q2", "2012Q3", "2012Q4", "2013Q1", "2013Q2", 
"2013Q3", "2013Q4", "2014Q1", "2014Q2", "2014Q3", "2014Q4", "2015Q1", 
"2015Q2", "2015Q3", "2015Q4", "2016Q1", "2016Q2", "2016Q3", "2016Q4", 
"2017Q1", "2017Q2", "2017Q3", "2017Q4", "2018Q1", "2018Q2", "2018Q3", 
"2018Q4", "2019Q1", "2019Q2", "2019Q3", "2019Q4", "2020Q1", "2020Q2", 
"2020Q3", "2020Q4", "2021Q1", "2021Q2", "2021Q3", "2021Q4", "2022Q1", 
"2022Q2", "2022Q3", "2022Q4", "2023Q1", "2023Q2", "2023Q3", "2023Q4", 
"2024Q1", "2024Q2", "2024Q3"), value = c(NA, NA, NA, NA, 0x1.614588a04d12p+9, 
0x1.5e14746cb966cp+9, 0x1.5f70181e03f7p+9, 0x1.669db1f255f35p+9, 
0x1.65b26e115592ep+9, 0x1.73ffcc319c5a4p+9, 0x1.66434e54f7a92p+9, 
0x1.6c29371971c11p+9, 0x1.707e08a697aeep+9, 0x1.5e9dcad14a0a1p+9, 
0x1.6a26bf5d78812p+9, 0x1.5ae77603925bbp+9, 0x1.56ef6c2699c7cp+9, 
0x1.56be0913a4f87p+9, 0x1.4bd5e8815e397p+9, 0x1.5901ac3eb7cbbp+9, 
0x1.5f1a89c1b5419p+9, 0x1.658c5814940bcp+9, 0x1.7138821f2990fp+9, 
0x1.74ea8ace24bbap+9, 0x1.82240d349be9p+9, 0x1.7ec7dee78184p+9, 
0x1.8b112513b5bf7p+9, 0x1.84c0a3161a1dcp+9, 0x1.8963036c9c0a9p+9, 
0x1.98448d7e02646p+9, 0x1.96fb7c5ef62fap+9, 0x1.9f7a1a048e044p+9, 
0x1.8673e6256366dp+9, 0x1.961622bbecaacp+9, 0x1.9350bbcb1cc96p+9, 
0x1.9e8557470eb25p+9, 0x1.ad86b020c49bap+9, 0x1.b3d803a322af5p+9, 
0x1.be2fb97bb7308p+9, 0x1.c76aeae9ee45cp+9, 0x1.c6558ca8198f2p+9, 
0x1.d2b202c0a4a06p+9, 0x1.f32f0e23af31bp+9, 0x1.ecf009246bf01p+9, 
0x1.ea870563ed0f6p+9, 0x1.f90f61565c2d2p+9, 0x1.0a049463cfb33p+10, 
0x1.0a468f7553693p+10, 0x1.1c6c059ea5721p+10, 0x1.1fbd22ccb3a26p+10, 
0x1.2bedffa7eb6bfp+10, 0x1.29387229e9079p+10, 0x1.48d2b3edd8b61p+10, 
0x1.582ea24031487p+10, 0x1.460a63dc486adp+10, 0x1.56ef5275ee99ap+10, 
0x1.1cade924f227dp+10, 0x1.192547f130596p+10, 0x1.1a650d49949e9p+10, 
0x1.29f080cb6c7a8p+10, 0x1.216485a921ccep+10, 0x1.236e62413db7fp+10, 
0x1.2be32cd7cf5f5p+10, 0x1.30cf97e564734p+10, 0x1.2cbd779a6b50bp+10, 
0x1.3047a8262456fp+10, 0x1.2e6bc4eb56fb9p+10, 0x1.32a4abc947065p+10, 
0x1.3417fc43b2dd3p+10, 0x1.2f18f345069a5p+10, 0x1.35120ca600b03p+10, 
0x1.350435979181ap+10, 0x1.354bb47410731p+10, 0x1.3a050d0aaa7dfp+10, 
0x1.3d7428b6d86ecp+10, 0x1.3601fcc1871e7p+10, 0x1.3fda02d9cf13dp+10, 
0x1.4c883b42cc2d7p+10, 0x1.4b7b2f7f498c4p+10, 0x1.4acc338716095p+10, 
0x1.4bcc6d7625205p+10, 0x1.4f5409edbf8bap+10, 0x1.5499e9dd7ecbbp+10, 
0x1.5aedabc947065p+10, 0x1.65b11187e7c07p+10, 0x1.6429db2f661f2p+10, 
0x1.6ec4c0096feb5p+10, 0x1.7b092bcb5fe54p+10, 0x1.8db03e2d6238ep+10, 
0x1.8fe39806f2629p+10, 0x1.9c260ef1348b2p+10, 0x1.9baed1d8a5482p+10, 
0x1.a7e836199780cp+10, 0x1.ac95ccc037931p+10, 0x1.b67f595feda66p+10, 
0x1.c6f6dc1615ecp+10, 0x1.c28e5e13b18dbp+10, 0x1.d1f8b37867f0bp+10, 
0x1.c4c4b2dd377e2p+10, 0x1.cace08aac96ccp+10, 0x1.be7086ad2dcb1p+10, 
0x1.33f6a98eda22fp+10, 0x1.592e8ac9f2fdcp+10, 0x1.7ef61101b0037p+10, 
0x1.8710fa658c4bdp+10, 0x1.904c7243137bp+10, 0x1.cba4a5ce5b424p+10, 
0x1.ec1664d7f0ed4p+10, 0x1.00dc550657321p+11, 0x1.172e92a51e322p+11, 
0x1.2071a9478c869p+11, 0x1.1273fed41b75ap+11, 0x1.1ddf1c53f39d2p+11, 
0x1.165e5cd91eeaap+11, 0x1.0f1f279dd3bbp+11, 0x1.1420bfbbd7b2p+11, 
0x1.1294dd9e40c84p+11, 0x1.1317636b09635p+11, 0x1.1c12934480629p+11
)), class = "data.frame", row.names = c(NA, -119L))
