structure(list(period_id = c("1995Q1", "1995Q2", "1995Q3", "1995Q4", 
"1996Q1", "1996Q2", "1996Q3", "1996Q4", "1997Q1", "1997Q2", "1997Q3", 
"1997Q4", "1998Q1", "1998Q2", "1998Q3", "1998Q4", "1999Q1", "1999Q2", 
"1999Q3", "1999Q4", "2000Q1", "2000Q2", "2000Q3", "2000Q4", "2001Q1", 
"2001Q2", "2001Q3", "2001Q4", "2002Q1", "2002Q2", "2002Q3", "2002Q4", 
"2003Q1", "2003Q2", "2003Q3", "2003Q4", "2004Q1", "2004Q2", "2004Q3", 
"2004Q4", "2005Q1", "2005Q2", "2005Q3", "2005Q4", "2006Q1", "2006Q2", 
"2006Q3", "2006Q4", "2007Q1", "2007Q2", "2007Q3", "2007Q4", "2008Q1", 
"2008Q2", "2008Q3", "2008Q4", "2009Q1", "2009Q2", "2009Q3", "2009Q4", 
"2010Q1", "2010Q2", "2010Q3", "2010Q4", "2011Q1", "2011Q2", "2011Q3", 
"2011Q4", "2012Q1", "2012Q2", "2012Q3", "2012Q4", "2013Q1", "2013Q2", 
"2013Q3", "2013Q4", "2014Q1", "2014Q2", "2014Q3", "2014Q4", "2015Q1", 
"2015Q2", "2015Q3", "2015Q4", "2016Q1", "2016Q2", "2016Q3", "2016Q4", 
"2017Q1", "2017Q2", "2017Q3", "2017Q4", "2018Q1", "2018Q2", "2018Q3", 
"2018Q4", "2019Q1", "2019Q2", "2019Q3", "2019Q4", "2020Q1", "2020Q2", 
"2020Q3", "2020Q4", "2021Q1", "2021Q2", "2021Q3", "2021Q4", "2022Q1", 
"2022Q2", "2022Q3", "2022Q4", "2023Q1", "2023Q2", "2023Q3", "2023Q4", 
"2024Q1", "2024Q2", "2024Q3"), value = c(NA, NA, NA, NA, 0x1.1394b083558a7p+11, 
0x1.3476625e99e95p+11, 0x1.29f94d8fd5cb8p+11, 0x1.30e36e8d10f52p+11, 
0x1.27e6fed41b75ap+11, 0x1.607eed8904f6ep+11, 0x1.4c7555475a31ap+11, 
0x1.58ce0e086bdf5p+11, 0x1.5a87807dd4413p+11, 0x1.6e2d22cecc815p+11, 
0x1.690a3fbdf090fp+11, 0x1.81416ea854478p+11, 0x1.64726abffcdabp+11, 
0x1.b59506ee30caap+11, 0x1.7599239c51dacp+11, 0x1.9e1199652bd3cp+11, 
0x1.8d6355a5b9629p+11, 0x1.aa6f9040bfe3bp+11, 0x1.b0bc43009b307p+11, 
0x1.add7acf312b1bp+11, 0x1.9c519bc126a66p+11, 0x1.bafb280f12c28p+11, 
0x1.bd4032745bf27p+11, 0x1.bef3962281345p+11, 0x1.ad66a19eb6391p+11, 
0x1.d1777640639d6p+11, 0x1.d52f18dac258dp+11, 0x1.e1c113122b7bbp+11, 
0x1.c2ccc504816fp+11, 0x1.ed9b67ea5f84dp+11, 0x1.f9104e5b4245fp+11, 
0x1.01d418383ad9fp+12, 0x1.eaff564302b41p+11, 0x1.212a6a8112ba1p+12, 
0x1.204672fa93af7p+12, 0x1.28dece95faa8bp+12, 0x1.0dd4b1eafee7p+12, 
0x1.27de347c73eeep+12, 0x1.31482b3892ee8p+12, 0x1.4afd0ab0c88a4p+12, 
0x1.37dc91ed9dfdbp+12, 0x1.48b5712d3415bp+12, 0x1.5099cd434a01bp+12, 
0x1.75b4671044f1ap+12, 0x1.6c8864883fd5p+12, 0x1.862da8e0c9d9dp+12, 
0x1.972b7dd872f34p+12, 0x1.a36ad59817b96p+12, 0x1.8f1367b9170d6p+12, 
0x1.abfaac1a048ep+12, 0x1.a8c3a32096788p+12, 0x1.8a283980f55dep+12, 
0x1.37c4268c26139p+12, 0x1.449fa93c03bc5p+12, 0x1.5d64b2bfdb4ccp+12, 
0x1.659307dc37a3ep+12, 0x1.4a54a536501e2p+12, 0x1.65a8dcf893fafp+12, 
0x1.6d9f1fb2edfe7p+12, 0x1.7f2422ec28b2ap+12, 0x1.6b4f0a350d28p+12, 
0x1.7c519e43ed95ap+12, 0x1.81a90105186dbp+12, 0x1.7bb07572de43fp+12, 
0x1.69b50d4fdf3b6p+12, 0x1.6de721ab4b72cp+12, 0x1.69d3b19d66adbp+12, 
0x1.73a26df82b1f7p+12, 0x1.63b3f2873bc9p+12, 0x1.750c12189bd84p+12, 
0x1.7398afda836ebp+12, 0x1.8299f357e670ep+12, 0x1.72a50644523f6p+12, 
0x1.7e70873471f79p+12, 0x1.866bbf4128bf4p+12, 0x1.926ad05e1c151p+12, 
0x1.84a92e4f3344p+12, 0x1.936a7fa5d28dp+12, 0x1.9b651f00abf77p+12, 
0x1.a7f6f11c6d1e1p+12, 0x1.983855c0fcb4fp+12, 0x1.b50cdca07f66fp+12, 
0x1.b3f1d0331e3a8p+12, 0x1.c612529131ec1p+12, 0x1.c4f7f8f68be2fp+12, 
0x1.da984ea077037p+12, 0x1.e321915f02c4dp+12, 0x1.fdc6cf648c719p+12, 
0x1.ee30e72ead927p+12, 0x1.00a9f810624ddp+13, 0x1.fbf1a3ca7503cp+12, 
0x1.0e8dc148ba83fp+13, 0x1.03bd85a8155d6p+13, 0x1.10bf6161e4f76p+13, 
0x1.11db1c31593e6p+13, 0x1.0df38e81882aep+13, 0x1.02372eefa1e3fp+13, 
0x1.a3fac8e043a21p+12, 0x1.e3e23f1950332p+12, 0x1.0c049e3b8a19dp+13, 
0x1.04478045baf53p+13, 0x1.1cce73b645a1dp+13, 0x1.21bf741398634p+13, 
0x1.3d4fd5ba2be06p+13, 0x1.2f4cf1b0ccbcp+13, 0x1.3cfcef5903a75p+13, 
0x1.4386ddcf893fbp+13, 0x1.3a28c71fff79dp+13, 0x1.2d15ed84d338fp+13, 
0x1.2f3f0e2da554cp+13, 0x1.20dd6e7ff583ap+13, 0x1.3484251f3e89bp+13, 
0x1.2ed7968d759efp+13, 0x1.3d8c70164840ep+13, 0x1.33a0912231833p+13
)), class = "data.frame", row.names = c(NA, -119L))
