structure(list(period_id = c("1995Q1", "1995Q2", "1995Q3", "1995Q4", 
"1996Q1", "1996Q2", "1996Q3", "1996Q4", "1997Q1", "1997Q2", "1997Q3", 
"1997Q4", "1998Q1", "1998Q2", "1998Q3", "1998Q4", "1999Q1", "1999Q2", 
"1999Q3", "1999Q4", "2000Q1", "2000Q2", "2000Q3", "2000Q4", "2001Q1", 
"2001Q2", "2001Q3", "2001Q4", "2002Q1", "2002Q2", "2002Q3", "2002Q4", 
"2003Q1", "2003Q2", "2003Q3", "2003Q4", "2004Q1", "2004Q2", "2004Q3", 
"2004Q4", "2005Q1", "2005Q2", "2005Q3", "2005Q4", "2006Q1", "2006Q2", 
"2006Q3", "2006Q4", "2007Q1", "2007Q2", "2007Q3", "2007Q4", "2008Q1", 
"2008Q2", "2008Q3", "2008Q4", "2009Q1", "2009Q2", "2009Q3", "2009Q4", 
"2010Q1", "2010Q2", "2010Q3", "2010Q4", "2011Q1", "2011Q2", "2011Q3", 
"2011Q4", "2012Q1", "2012Q2", "2012Q3", "2012Q4", "2013Q1", "2013Q2", 
"2013Q3", "2013Q4", "2014Q1", "2014Q2", "2014Q3", "2014Q4", "2015Q1", 
"2015Q2", "2015Q3", "2015Q4", "2016Q1", "2016Q2", "2016Q3", "2016Q4", 
"2017Q1", "2017Q2", "2017Q3", "2017Q4", "2018Q1", "2018Q2", "2018Q3", 
"2018Q4", "2019Q1", "2019Q2", "2019Q3", "2019Q4", "2020Q1", "2020Q2", 
"2020Q3", "2020Q4", "2021Q1", "2021Q2", "2021Q3", "2021Q4", "2022Q1", 
"2022Q2", "2022Q3", "2022Q4", "2023Q1", "2023Q2", "2023Q3", "2023Q4", 
"2024Q1", "2024Q2", "2024Q3", "2024Q4", "2025Q1", "2025Q2"), 
    value = c(NA, NA, NA, NA, 0x1.f3afeeb2d0a24p+7, 0x1.da9158fb43d8ap+7, 
    0x1.e18ba40d90e24p+7, 0x1.e95afb7e90ff9p+7, 0x1.0322fdfc19c17p+8, 
    0x1.10acd03537197p+8, 0x1.1dd1fd47bedb7p+8, 0x1.2762ef3d3a1d3p+8, 
    0x1.226a2b063e07ap+8, 0x1.22c15475a31a5p+8, 0x1.21ad84b1ab085p+8, 
    0x1.1e6c4998d046p+8, 0x1.277d49c6f36fp+8, 0x1.2e25bdd76683cp+8, 
    0x1.2eca0f0a5efe9p+8, 0x1.271904d551d69p+8, 0x1.22853415b1423p+8, 
    0x1.1b3df70de8f6dp+8, 0x1.0f1ec2bd7f51fp+8, 0x1.1258ab2e1693cp+8, 
    0x1.0c59b54195cc8p+8, 0x1.12408a04d1202p+8, 0x1.1393311a543f2p+8, 
    0x1.0ba4197e56473p+8, 0x1.1156e9ff0cbbp+8, 0x1.0b8a6299524cp+8, 
    0x1.fd287852f7f4ap+7, 0x1.01c55d5f56a7bp+8, 0x1.f87b97353b4b3p+7, 
    0x1.ef5306c43f5f9p+7, 0x1.ef78f6273929fp+7, 0x1.fedeaa4b9884cp+7, 
    0x1.fe69ca5bd944bp+7, 0x1.05315592d98bfp+8, 0x1.1d1dd54da4ce8p+8, 
    0x1.26b76b3bb83cfp+8, 0x1.2a853996fa82fp+8, 0x1.42e4475e6362ap+8, 
    0x1.417799806f263p+8, 0x1.439404c8bc9cdp+8, 0x1.50a83c18b502bp+8, 
    0x1.5ad07d912556dp+8, 0x1.5f5c2be8bc16ap+8, 0x1.6c85109070fbfp+8, 
    0x1.74b5faa8a82a5p+8, 0x1.7b633e9a6f827p+8, 0x1.9f26658c4bd34p+8, 
    0x1.af8f42dcf4624p+8, 0x1.cb39d52c16df4p+8, 0x1.d3a7493858362p+8, 
    0x1.bf1200e27e0fp+8, 0x1.a3014690de093p+8, 0x1.8a4388fc9363fp+8, 
    0x1.6b268b6d86ec1p+8, 0x1.5a7da6f826edbp+8, 0x1.476fd7e45803dp+8, 
    0x1.2e71db3397ddp+8, 0x1.23380f55de58ep+8, 0x1.15537db6e504p+8, 
    0x1.09bd904b3c3e7p+8, 0x1.06156a4873366p+8, 0x1.f94324a6a875dp+7, 
    0x1.e47e11ba3ca75p+7, 0x1.d8f96616b54e3p+7, 0x1.c7d89e12a51e3p+7, 
    0x1.b3342aa9f7b5bp+7, 0x1.ad792513b5bf7p+7, 0x1.a3e22c2374795p+7, 
    0x1.973fcc7d1bb49p+7, 0x1.953f5b5fa227p+7, 0x1.8f6ee9bbf0dc7p+7, 
    0x1.8b754e6e221c9p+7, 0x1.7e95260f5e41dp+7, 0x1.7b4c9235f8099p+7, 
    0x1.74aec02f2f987p+7, 0x1.6e233e9a6f827p+7, 0x1.776f07bfe7e2p+7, 
    0x1.784f7292c4934p+7, 0x1.77013be22e5dep+7, 0x1.7d7f9ebe9c886p+7, 
    0x1.73e5f394b7b29p+7, 0x1.75b0dcb9a9da6p+7, 0x1.7868f14db5958p+7, 
    0x1.788bb5bf6a0dcp+7, 0x1.820082f0e0a85p+7, 0x1.8716c3fc43b2ep+7, 
    0x1.8e793ff25e56dp+7, 0x1.9295eaee2003bp+7, 0x1.83f778140dd4p+7, 
    0x1.8e4dddb1209eep+7, 0x1.975c0420f6f09p+7, 0x1.a5810adcd2d45p+7, 
    0x1.abbb45ae5ffa4p+7, 0x1.be6faaac1094ap+7, 0x1.b6e4508b32ce9p+7, 
    0x1.b549e53a81dc1p+7, 0x1.d50f705857affp+7, 0x1.943823422467cp+7, 
    0x1.ae5c6822ff089p+7, 0x1.b94fe6f71a7e3p+7, 0x1.c92b0caa326e1p+7, 
    0x1.c635f45e0b4e1p+7, 0x1.e05e26d4801f7p+7, 0x1.ff253bafd977p+7, 
    0x1.0002414e7ee91p+8, 0x1.022bddb9841abp+8, 0x1.022298244e93ep+8, 
    0x1.02c6018a43bb4p+8, 0x1.0deb0079a2835p+8, 0x1.1a0bdd4413554p+8, 
    0x1.27df892ee84adp+8, 0x1.2eef952d234ecp+8, 0x1.2b23cff64cf8dp+8, 
    0x1.1d549d6adf71fp+8, 0x1.112b9dd3bafd9p+8, 0x1.073790752da98p+8, 
    0x1.00d21565c2d28p+8, 0x1.fe13a5a038195p+7)), class = "data.frame", row.names = c(NA, 
-122L))
