structure(list(period_id = c("1995Q1", "1995Q2", "1995Q3", "1995Q4", 
"1996Q1", "1996Q2", "1996Q3", "1996Q4", "1997Q1", "1997Q2", "1997Q3", 
"1997Q4", "1998Q1", "1998Q2", "1998Q3", "1998Q4", "1999Q1", "1999Q2", 
"1999Q3", "1999Q4", "2000Q1", "2000Q2", "2000Q3", "2000Q4", "2001Q1", 
"2001Q2", "2001Q3", "2001Q4", "2002Q1", "2002Q2", "2002Q3", "2002Q4", 
"2003Q1", "2003Q2", "2003Q3", "2003Q4", "2004Q1", "2004Q2", "2004Q3", 
"2004Q4", "2005Q1", "2005Q2", "2005Q3", "2005Q4", "2006Q1", "2006Q2", 
"2006Q3", "2006Q4", "2007Q1", "2007Q2", "2007Q3", "2007Q4", "2008Q1", 
"2008Q2", "2008Q3", "2008Q4", "2009Q1", "2009Q2", "2009Q3", "2009Q4", 
"2010Q1", "2010Q2", "2010Q3", "2010Q4", "2011Q1", "2011Q2", "2011Q3", 
"2011Q4", "2012Q1", "2012Q2", "2012Q3", "2012Q4", "2013Q1", "2013Q2", 
"2013Q3", "2013Q4", "2014Q1", "2014Q2", "2014Q3", "2014Q4", "2015Q1", 
"2015Q2", "2015Q3", "2015Q4", "2016Q1", "2016Q2", "2016Q3", "2016Q4", 
"2017Q1", "2017Q2", "2017Q3", "2017Q4", "2018Q1", "2018Q2", "2018Q3", 
"2018Q4", "2019Q1", "2019Q2", "2019Q3", "2019Q4", "2020Q1", "2020Q2", 
"2020Q3", "2020Q4", "2021Q1", "2021Q2", "2021Q3", "2021Q4", "2022Q1", 
"2022Q2", "2022Q3", "2022Q4", "2023Q1", "2023Q2", "2023Q3", "2023Q4", 
"2024Q1", "2024Q2", "2024Q3", "2024Q4"), value = c(0x1.864e3c536d656p+6, 
0x1.8dff02c4d65e4p+6, 0x1.9868650e7792p+6, 0x1.a939845dc8323p+6, 
0x1.aa71fddebd902p+6, 0x1.b58740c4156e2p+6, 0x1.bd9963992c8c5p+6, 
0x1.b67225fa658c5p+6, 0x1.ee56f9335d24ap+6, 0x1.f47fc6da44849p+6, 
0x1.fe72f48c2e771p+6, 0x1.0175f3f961805p+7, 0x1.06e54c985f06fp+7, 
0x1.077fdf19d66aep+7, 0x1.0b7a15336deb9p+7, 0x1.0d126d698fe69p+7, 
0x1.f37845dc83233p+6, 0x1.f26baf102363bp+6, 0x1.fc90c1b97353bp+6, 
0x1.fb2aa4b9884c7p+6, 0x1.1af4e032db1eap+7, 0x1.15ad66490a351p+7, 
0x1.1bc5c0fcb4f1ep+7, 0x1.165179e16d6dcp+7, 0x1.03938e8ea39c5p+7, 
0x1.2179c1d6cf851p+7, 0x1.2270e3ac0c62ep+7, 0x1.2ebfc4199fe43p+7, 
0x1.4f0718eb89507p+7, 0x1.42b5fefbf401cp+7, 0x1.4c6887ebf22cp+7, 
0x1.676833c60029fp+7, 0x1.0db2e9899bf59p+7, 0x1.16fac2bd7f51fp+7, 
0x1.1b1cc37e6f71ap+7, 0x1.26070ed3d859dp+7, 0x1.345b137b07076p+7, 
0x1.451a3d9231c65p+7, 0x1.4d6d4f5903a75p+7, 0x1.6073c0c1fc8f3p+7, 
0x1.2f028b6d86ec1p+7, 0x1.74d5cf2495e18p+7, 0x1.7ec606748e475p+7, 
0x1.55e346bacf744p+7, 0x1.3e3c3f5f91601p+7, 0x1.406027525460bp+7, 
0x1.4d8aacfb762d8p+7, 0x1.55a7bb2fec56dp+7, 0x1.52d564f97edc8p+7, 
0x1.89c6785b5b707p+7, 0x1.480097204295ap+7, 0x1.69123a6ce3583p+7, 
0x1.64049c2c1b11p+7, 0x1.561a3b7952d23p+7, 0x1.3bad0efdc9c4ep+7, 
0x1.3a8581adea897p+7, 0x1.353320d9945b7p+7, 0x1.39d1dffc5479dp+7, 
0x1.42fd968512232p+7, 0x1.3fe0574b40703p+7, 0x1.144b2ebe596c8p+7, 
0x1.5136136e71cdap+7, 0x1.5ad40420f6f09p+7, 0x1.5fd6abde3fbbdp+7, 
0x1.6f3d464dc22abp+7, 0x1.74cd9791819d2p+7, 0x1.74eb2a6b0d951p+7, 
0x1.8353198288052p+7, 0x1.54b8151a43782p+7, 0x1.4ba161e4f766p+7, 
0x1.4875e4606748ep+7, 0x1.3880244e93e1dp+7, 0x1.3436362a5e786p+7, 
0x1.4fc48dc11e42ep+7, 0x1.5224c985f06f7p+7, 0x1.4ed1333b96afp+7, 
0x1.75fb743632c1fp+7, 0x1.5db201eeed89p+7, 0x1.463f7681669cfp+7, 
0x1.360b5653c9abbp+7, 0x1.6d6fd113836a8p+7, 0x1.837fe6d58c8efp+7, 
0x1.838705c896dd2p+7, 0x1.77f81711947dp+7, 0x1.7c23eaf6837f8p+7, 
0x1.670c5953586cbp+7, 0x1.644fe4ffc9796p+7, 0x1.837c8ecd8dbcfp+7, 
0x1.603d375c8d9f9p+7, 0x1.5c3e4473cd573p+7, 0x1.6f0e58a32f449p+7, 
0x1.77e16052502efp+7, 0x1.b7f04577d9557p+7, 0x1.da6ce6c093d96p+7, 
0x1.c4529c347e8cdp+7, 0x1.b817a355043e5p+7, 0x1.8d3fbfa4c61d8p+7, 
0x1.a2f3d46b26bf8p+7, 0x1.b349c7de5082dp+7, 0x1.c2b75536933ap+7, 
0x1.d8fd2999567dcp+7, 0x1.c3efd86a8fc0dp+7, 0x1.a720854cdb7aep+7, 
0x1.ac167125dd096p+7, 0x1.5bfce50c5eb31p+7, 0x1.6b622b1704ff4p+7, 
0x1.a67632e3821afp+7, 0x1.b31b7585be1a8p+7, 0x1.aaeb586ca89fcp+7, 
0x1.d3b2fb7e90ff9p+7, 0x1.047e468cac4b5p+8, 0x1.06cbf0cbaf966p+8, 
0x1.e3490539fba45p+7, 0x1.d796d43d03969p+7, 0x1.db5b6e2eb1c43p+7, 
0x1.01341a261bf38p+8, 0x1.092cab1d4f9c2p+8, 0x1.e41a8f7db6e5p+7, 
0x1.ea07079e59f2cp+7, 0x1.f418ec743201p+7)), class = "data.frame", row.names = c(NA, 
-120L))
