structure(list(period_id = c("1995Q1", "1995Q2", "1995Q3", "1995Q4", 
"1996Q1", "1996Q2", "1996Q3", "1996Q4", "1997Q1", "1997Q2", "1997Q3", 
"1997Q4", "1998Q1", "1998Q2", "1998Q3", "1998Q4", "1999Q1", "1999Q2", 
"1999Q3", "1999Q4", "2000Q1", "2000Q2", "2000Q3", "2000Q4", "2001Q1", 
"2001Q2", "2001Q3", "2001Q4", "2002Q1", "2002Q2", "2002Q3", "2002Q4", 
"2003Q1", "2003Q2", "2003Q3", "2003Q4", "2004Q1", "2004Q2", "2004Q3", 
"2004Q4", "2005Q1", "2005Q2", "2005Q3", "2005Q4", "2006Q1", "2006Q2", 
"2006Q3", "2006Q4", "2007Q1", "2007Q2", "2007Q3", "2007Q4", "2008Q1", 
"2008Q2", "2008Q3", "2008Q4", "2009Q1", "2009Q2", "2009Q3", "2009Q4", 
"2010Q1", "2010Q2", "2010Q3", "2010Q4", "2011Q1", "2011Q2", "2011Q3", 
"2011Q4", "2012Q1", "2012Q2", "2012Q3", "2012Q4", "2013Q1", "2013Q2", 
"2013Q3", "2013Q4", "2014Q1", "2014Q2", "2014Q3", "2014Q4", "2015Q1", 
"2015Q2", "2015Q3", "2015Q4", "2016Q1", "2016Q2", "2016Q3", "2016Q4", 
"2017Q1", "2017Q2", "2017Q3", "2017Q4", "2018Q1", "2018Q2", "2018Q3", 
"2018Q4", "2019Q1", "2019Q2", "2019Q3", "2019Q4", "2020Q1", "2020Q2", 
"2020Q3", "2020Q4", "2021Q1", "2021Q2", "2021Q3", "2021Q4", "2022Q1", 
"2022Q2", "2022Q3", "2022Q4", "2023Q1", "2023Q2", "2023Q3", "2023Q4", 
"2024Q1", "2024Q2", "2024Q3", "2024Q4"), value = c(NA, NA, NA, 
NA, 0x1.f3afeeb2d0a24p+7, 0x1.da9158fb43d8ap+7, 0x1.e18ba40d90e24p+7, 
0x1.e95afb7e90ff9p+7, 0x1.0322fdfc19c17p+8, 0x1.10acd03537197p+8, 
0x1.1dd1fd47bedb7p+8, 0x1.2762ef3d3a1d3p+8, 0x1.226a2b063e07ap+8, 
0x1.22c15475a31a5p+8, 0x1.21ad84b1ab085p+8, 0x1.1e6c4998d046p+8, 
0x1.277d49c6f36fp+8, 0x1.2e25bdd76683cp+8, 0x1.2eca0f0a5efe9p+8, 
0x1.271904d551d69p+8, 0x1.22853415b1423p+8, 0x1.1b3df70de8f6dp+8, 
0x1.0f1ec2bd7f51fp+8, 0x1.1258ab2e1693cp+8, 0x1.0c59b54195cc8p+8, 
0x1.12408a04d1202p+8, 0x1.1393311a543f2p+8, 0x1.0ba4197e56473p+8, 
0x1.1156e9ff0cbbp+8, 0x1.0b8a6299524cp+8, 0x1.fd287852f7f4ap+7, 
0x1.01c55d5f56a7bp+8, 0x1.f87b97353b4b3p+7, 0x1.ef5306c43f5f9p+7, 
0x1.ef78f6273929fp+7, 0x1.fedeaa4b9884cp+7, 0x1.fe69ca5bd944bp+7, 
0x1.05315592d98bfp+8, 0x1.1d1dd54da4ce8p+8, 0x1.26b76b3bb83cfp+8, 
0x1.2a853996fa82fp+8, 0x1.42e4475e6362ap+8, 0x1.417799806f263p+8, 
0x1.439404c8bc9cdp+8, 0x1.50a83c18b502bp+8, 0x1.5ad07d912556dp+8, 
0x1.5f5c2be8bc16ap+8, 0x1.6c85109070fbfp+8, 0x1.74b5faa8a82a5p+8, 
0x1.7b633e9a6f827p+8, 0x1.9f26658c4bd34p+8, 0x1.af8f42dcf4624p+8, 
0x1.cb39d52c16df4p+8, 0x1.d3a7493858362p+8, 0x1.bf1200e27e0fp+8, 
0x1.a3014690de093p+8, 0x1.8a4388fc9363fp+8, 0x1.6b268b6d86ec1p+8, 
0x1.5a7da6f826edbp+8, 0x1.476fd7e45803dp+8, 0x1.2e69a048e043ap+8, 
0x1.232e80bed740cp+8, 0x1.15507faa044afp+8, 0x1.09c35f91600f3p+8, 
0x1.0607d5454152bp+8, 0x1.f933a83f4eca7p+7, 0x1.e473f76a2f48cp+7, 
0x1.d8f1f2ba9d1f6p+7, 0x1.c7cbf4eca686ep+7, 0x1.b333d188f42ffp+7, 
0x1.ad6d33b107747p+7, 0x1.a3cdaff2a172bp+7, 0x1.974357a355044p+7, 
0x1.9539c7de5082dp+7, 0x1.8f6263305100ap+7, 0x1.8b6564b662fep+7, 
0x1.7e95375c8d9f9p+7, 0x1.7b3e41f644956p+7, 0x1.74aaa7ded6ba9p+7, 
0x1.6e1df3d7d3911p+7, 0x1.776c1a6937d2p+7, 0x1.783fcaea747d8p+7, 
0x1.76f9422ccb3a2p+7, 0x1.7d71b17481b22p+7, 0x1.73e8b7e4de3b9p+7, 
0x1.75a8eabffcdabp+7, 0x1.785c9539b8887p+7, 0x1.787a57214f052p+7, 
0x1.820ffc115df65p+7, 0x1.870d8ba40d90ep+7, 0x1.8e61c886162f1p+7, 
0x1.92791b60ae968p+7, 0x1.840cacd184c27p+7, 0x1.8e438ac18f81fp+7, 
0x1.9757190d173fbp+7, 0x1.a576273929ed4p+7, 0x1.aba99ed7c6fbdp+7, 
0x1.be55c8754f377p+7, 0x1.b6e8f9d2bf551p+7, 0x1.b5625a89b951cp+7, 
0x1.d4d91600f345p+7, 0x1.943ccad57bc7fp+7, 0x1.ae54dcebfec14p+7, 
0x1.b94c9c90c4decp+7, 0x1.c8f1a02752546p+7, 0x1.c6649cb252cep+7, 
0x1.e0639e492bc3p+7, 0x1.ff0be7296f651p+7, 0x1.ffa77d0f1f57bp+7, 
0x1.023f3b645a1cbp+8, 0x1.022ef8bdec5f4p+8, 0x1.02d80da1a9329p+8, 
0x1.0d84c0f01fb83p+8, 0x1.1a3d6a055757dp+8, 0x1.280f8e8ea39c5p+8, 
0x1.2f485cbbc2b95p+8, 0x1.299d219a847b2p+8, 0x1.1dff17ce52dedp+8, 
0x1.11e7d3a1d324p+8, 0x1.07f2a4ca4f441p+8)), class = "data.frame", row.names = c(NA, 
-120L))
