structure(list(period_id = c("1995Q1", "1995Q2", "1995Q3", "1995Q4", 
"1996Q1", "1996Q2", "1996Q3", "1996Q4", "1997Q1", "1997Q2", "1997Q3", 
"1997Q4", "1998Q1", "1998Q2", "1998Q3", "1998Q4", "1999Q1", "1999Q2", 
"1999Q3", "1999Q4", "2000Q1", "2000Q2", "2000Q3", "2000Q4", "2001Q1", 
"2001Q2", "2001Q3", "2001Q4", "2002Q1", "2002Q2", "2002Q3", "2002Q4", 
"2003Q1", "2003Q2", "2003Q3", "2003Q4", "2004Q1", "2004Q2", "2004Q3", 
"2004Q4", "2005Q1", "2005Q2", "2005Q3", "2005Q4", "2006Q1", "2006Q2", 
"2006Q3", "2006Q4", "2007Q1", "2007Q2", "2007Q3", "2007Q4", "2008Q1", 
"2008Q2", "2008Q3", "2008Q4", "2009Q1", "2009Q2", "2009Q3", "2009Q4", 
"2010Q1", "2010Q2", "2010Q3", "2010Q4", "2011Q1", "2011Q2", "2011Q3", 
"2011Q4", "2012Q1", "2012Q2", "2012Q3", "2012Q4", "2013Q1", "2013Q2", 
"2013Q3", "2013Q4", "2014Q1", "2014Q2", "2014Q3", "2014Q4", "2015Q1", 
"2015Q2", "2015Q3", "2015Q4", "2016Q1", "2016Q2", "2016Q3", "2016Q4", 
"2017Q1", "2017Q2", "2017Q3", "2017Q4", "2018Q1", "2018Q2", "2018Q3", 
"2018Q4", "2019Q1", "2019Q2", "2019Q3", "2019Q4", "2020Q1", "2020Q2", 
"2020Q3", "2020Q4", "2021Q1", "2021Q2", "2021Q3", "2021Q4", "2022Q1", 
"2022Q2", "2022Q3", "2022Q4", "2023Q1", "2023Q2", "2023Q3", "2023Q4", 
"2024Q1", "2024Q2", "2024Q3", "2024Q4", "2025Q1", "2025Q2"), 
    value = c(NA, NA, NA, NA, 0x1.bdd3186551937p+8, 0x1.c15fc99ae924fp+8, 
    0x1.c28617f4128bfp+8, 0x1.cc82b7995ee13p+8, 0x1.a15a089e34331p+8, 
    0x1.d43ded06fef7cp+8, 0x1.dd0c7e38eb032p+8, 0x1.db16c2699c7bdp+8, 
    0x1.e33e69f05ea25p+8, 0x1.e4092ce032db2p+8, 0x1.e6d26d4801f75p+8, 
    0x1.efc5e2046c765p+8, 0x1.f1041b10fd7e4p+8, 0x1.fe89f0b28522fp+8, 
    0x1.0320d8a11665ap+9, 0x1.066123d4f15e8p+9, 0x1.0afc02afdda8cp+9, 
    0x1.0d966e32e3822p+9, 0x1.12d82089e3433p+9, 0x1.14536ad70e6f3p+9, 
    0x1.14bb6e37154p+9, 0x1.183b5e7c8d196p+9, 0x1.19d096d4c33b5p+9, 
    0x1.1b79ba5e353f8p+9, 0x1.261708787485ep+9, 0x1.290db8ed1bf7bp+9, 
    0x1.2d196bca5375dp+9, 0x1.34748e043a216p+9, 0x1.32383cf2cf95dp+9, 
    0x1.37479fdbd2fa1p+9, 0x1.3a7701a79fecap+9, 0x1.3c45c4199fe43p+9, 
    0x1.3f5f2b884406cp+9, 0x1.44d1f676ea423p+9, 0x1.49010eed02cd4p+9, 
    0x1.48a72e1ef73c1p+9, 0x1.4fef14013ec46p+9, 0x1.5436005c4651fp+9, 
    0x1.5c325e4e69f06p+9, 0x1.6916d1c7de508p+9, 0x1.6eb5b3397dd01p+9, 
    0x1.76a4eb0318b93p+9, 0x1.81284b33daf8ep+9, 0x1.8f166c5d206c8p+9, 
    0x1.a14743201040cp+9, 0x1.a9f15dcc63f14p+9, 0x1.e11ce30caa327p+9, 
    0x1.e8b9b139c94f7p+9, 0x1.ea05315d701dap+9, 0x1.f40ac332f0175p+9, 
    0x1.f8aa27631b585p+9, 0x1.00278f6cefed6p+10, 0x1.be3ad013a92a3p+9, 
    0x1.bfce89ca18bd6p+9, 0x1.c6fb6d86ec17fp+9, 0x1.c490c857f3062p+9, 
    0x1.c5af681669cedp+9, 0x1.cb8f2f01754bp+9, 0x1.cff15b3e1437cp+9, 
    0x1.d1d5ed3953deap+9, 0x1.d93afa58f7122p+9, 0x1.ce3ec3c18b503p+9, 
    0x1.e08ba4d6e47dcp+9, 0x1.c57ff06f69446p+9, 0x1.d341f5946c333p+9, 
    0x1.d88722424a277p+9, 0x1.da44ee8d10f52p+9, 0x1.e177c536d655ep+9, 
    0x1.c0990728e92d5p+9, 0x1.c4243f67f4dbep+9, 0x1.d7d84eb56fb8fp+9, 
    0x1.e02b192ea52fp+9, 0x1.f3bcab81f969ep+9, 0x1.f7ce66559f6ecp+9, 
    0x1.dc90d9ad85dfbp+9, 0x1.ef62f3a14cec4p+9, 0x1.e8ed9d1b2e59bp+9, 
    0x1.f8dfab6d00b46p+9, 0x1.f81643e5321e6p+9, 0x1.e8a8f2c732592p+9, 
    0x1.fb0aa03c4b09fp+9, 0x1.00155cb790fb6p+10, 0x1.02b9f9fcb0c02p+10, 
    0x1.0f898f4f93bc1p+10, 0x1.18ca1f0c34c1bp+10, 0x1.167c3e4abe6a3p+10, 
    0x1.22680bcbe61dp+10, 0x1.2b175e6ff7dfap+10, 0x1.26cbb28954a8p+10, 
    0x1.2e8beee0f3cb4p+10, 0x1.30b85db76b3bcp+10, 0x1.362a294573a79p+10, 
    0x1.3bb52c881e471p+10, 0x1.3a1b4e618ce2dp+10, 0x1.361dc42a66dbdp+10, 
    0x1.3649e9a6f826fp+10, 0x1.484337e6f71a8p+10, 0x1.dabe294141e9bp+9, 
    0x1.0082096feb4a6p+10, 0x1.1af61715c63aep+10, 0x1.222e2ac753e7p+10, 
    0x1.2daa3f5b5fa22p+10, 0x1.61c69680e0653p+10, 0x1.70583fc0096ffp+10, 
    0x1.748b09784ec63p+10, 0x1.877f827fa1a0dp+10, 0x1.8f610b673c4f4p+10, 
    0x1.8243adbc664d4p+10, 0x1.81382923e5b85p+10, 0x1.82cdf7ec3547ep+10, 
    0x1.85e0ccea28fe2p+10, 0x1.8cd7bdf090f73p+10, 0x1.860e3da72a7bdp+10, 
    0x1.963383f91e647p+10, 0x1.99e8dc8fb86f4p+10, 0x1.9e3b7fb267c6cp+10, 
    0x1.abbdd2e514c23p+10, 0x1.9f6009aed56bp+10)), class = "data.frame", row.names = c(NA, 
-122L))
