structure(list(period_id = c("1995Q1", "1995Q2", "1995Q3", "1995Q4", 
"1996Q1", "1996Q2", "1996Q3", "1996Q4", "1997Q1", "1997Q2", "1997Q3", 
"1997Q4", "1998Q1", "1998Q2", "1998Q3", "1998Q4", "1999Q1", "1999Q2", 
"1999Q3", "1999Q4", "2000Q1", "2000Q2", "2000Q3", "2000Q4", "2001Q1", 
"2001Q2", "2001Q3", "2001Q4", "2002Q1", "2002Q2", "2002Q3", "2002Q4", 
"2003Q1", "2003Q2", "2003Q3", "2003Q4", "2004Q1", "2004Q2", "2004Q3", 
"2004Q4", "2005Q1", "2005Q2", "2005Q3", "2005Q4", "2006Q1", "2006Q2", 
"2006Q3", "2006Q4", "2007Q1", "2007Q2", "2007Q3", "2007Q4", "2008Q1", 
"2008Q2", "2008Q3", "2008Q4", "2009Q1", "2009Q2", "2009Q3", "2009Q4", 
"2010Q1", "2010Q2", "2010Q3", "2010Q4", "2011Q1", "2011Q2", "2011Q3", 
"2011Q4", "2012Q1", "2012Q2", "2012Q3", "2012Q4", "2013Q1", "2013Q2", 
"2013Q3", "2013Q4", "2014Q1", "2014Q2", "2014Q3", "2014Q4", "2015Q1", 
"2015Q2", "2015Q3", "2015Q4", "2016Q1", "2016Q2", "2016Q3", "2016Q4", 
"2017Q1", "2017Q2", "2017Q3", "2017Q4", "2018Q1", "2018Q2", "2018Q3", 
"2018Q4", "2019Q1", "2019Q2", "2019Q3", "2019Q4", "2020Q1", "2020Q2", 
"2020Q3", "2020Q4", "2021Q1", "2021Q2", "2021Q3", "2021Q4", "2022Q1", 
"2022Q2", "2022Q3", "2022Q4", "2023Q1", "2023Q2", "2023Q3", "2023Q4", 
"2024Q1", "2024Q2", "2024Q3", "2024Q4"), value = c(NA, NA, NA, 
NA, 0x1.bdd3186551937p+8, 0x1.c15fc99ae924fp+8, 0x1.c28617f4128bfp+8, 
0x1.cc82b7995ee13p+8, 0x1.a15a089e34331p+8, 0x1.d43ded06fef7cp+8, 
0x1.dd0c7e38eb032p+8, 0x1.db16c2699c7bdp+8, 0x1.e33e69f05ea25p+8, 
0x1.e4092ce032db2p+8, 0x1.e6d26d4801f75p+8, 0x1.efc5e2046c765p+8, 
0x1.f1041b10fd7e4p+8, 0x1.fe89f0b28522fp+8, 0x1.0320d8a11665ap+9, 
0x1.066123d4f15e8p+9, 0x1.0afc02afdda8cp+9, 0x1.0d966e32e3822p+9, 
0x1.12d82089e3433p+9, 0x1.14536ad70e6f3p+9, 0x1.14bb6e37154p+9, 
0x1.183b5e7c8d196p+9, 0x1.19d096d4c33b5p+9, 0x1.1b79ba5e353f8p+9, 
0x1.261708787485ep+9, 0x1.290db8ed1bf7bp+9, 0x1.2d196bca5375dp+9, 
0x1.34748e043a216p+9, 0x1.32383cf2cf95dp+9, 0x1.37479fdbd2fa1p+9, 
0x1.3a7701a79fecap+9, 0x1.3c45c4199fe43p+9, 0x1.3f5f2b884406cp+9, 
0x1.44d1f676ea423p+9, 0x1.49010eed02cd4p+9, 0x1.48a72e1ef73c1p+9, 
0x1.4fef14013ec46p+9, 0x1.5436005c4651fp+9, 0x1.5c325e4e69f06p+9, 
0x1.6916d1c7de508p+9, 0x1.6eb5b3397dd01p+9, 0x1.76a4eb0318b93p+9, 
0x1.81284b33daf8ep+9, 0x1.8f166c5d206c8p+9, 0x1.a14743201040cp+9, 
0x1.a9f15dcc63f14p+9, 0x1.e11ce30caa327p+9, 0x1.e8b9b139c94f7p+9, 
0x1.ea05315d701dap+9, 0x1.f40ac332f0175p+9, 0x1.f8aa27631b585p+9, 
0x1.00278f6cefed6p+10, 0x1.be3ad013a92a3p+9, 0x1.bfce89ca18bd6p+9, 
0x1.c6fb6d86ec17fp+9, 0x1.c490c857f3062p+9, 0x1.c5d1f06705c89p+9, 
0x1.cbb91b60ae968p+9, 0x1.cf8f8c5c9a34dp+9, 0x1.d2202f61ed5aep+9, 
0x1.d965dfa00e27ep+9, 0x1.cea40b242070cp+9, 0x1.dfb5aae6c8f75p+9, 
0x1.c5fe801f75105p+9, 0x1.d3a0f49cf56ebp+9, 0x1.d8d4ee0f3cb3ep+9, 
0x1.d9c878f25a251p+9, 0x1.e15640e9d51b5p+9, 0x1.c1143675ddd2bp+9, 
0x1.c46b0c88a47edp+9, 0x1.d7e6f1dc50ce5p+9, 0x1.e01929a1b9f99p+9, 
0x1.f3cf6848beb5bp+9, 0x1.f790ae4b01861p+9, 0x1.dd2124a6a875dp+9, 
0x1.ef816861e9292p+9, 0x1.e903e79ee02a7p+9, 0x1.f886e37154003p+9, 
0x1.f875b1960fa16p+9, 0x1.e8f0a1ad6451cp+9, 0x1.faf1666234a88p+9, 
0x1.0013e69f05ea2p+10, 0x1.02f68533b1077p+10, 0x1.0f8480ae10492p+10, 
0x1.18ae5e2cdc012p+10, 0x1.16a16290eed03p+10, 0x1.22a7c2ca148bbp+10, 
0x1.2af867caea748p+10, 0x1.26c6bd1676641p+10, 0x1.2e989917939a8p+10, 
0x1.310f264a16a48p+10, 0x1.36285dd4c76d1p+10, 0x1.3b9643419e3p+10, 
0x1.39fc81f53825ep+10, 0x1.368b544fe36d2p+10, 0x1.366783be6601cp+10, 
0x1.483ed10f51acap+10, 0x1.da501c2e33effp+9, 0x1.00cf7980f55dep+10, 
0x1.1ae2799a1fd15p+10, 0x1.22a6765fd8adbp+10, 0x1.2d3a1ef30a4e3p+10, 
0x1.61e33d577963ap+10, 0x1.702fbbf0dc769p+10, 0x1.75f7653c9abbp+10, 
0x1.868af21f6cacdp+10, 0x1.8ef134e3369bap+10, 0x1.81f3bfe3b03e2p+10, 
0x1.83d446f156191p+10, 0x1.8152a237cdccap+10, 0x1.852bacb428912p+10, 
0x1.8bf9805a2d73p+10, 0x1.8ab8011d3671bp+10, 0x1.93505892684cfp+10, 
0x1.98a509a240315p+10, 0x1.9c8f450efdc9cp+10)), class = "data.frame", row.names = c(NA, 
-120L))
