structure(list(period_id = c("1995Q1", "1995Q2", "1995Q3", "1995Q4", 
"1996Q1", "1996Q2", "1996Q3", "1996Q4", "1997Q1", "1997Q2", "1997Q3", 
"1997Q4", "1998Q1", "1998Q2", "1998Q3", "1998Q4", "1999Q1", "1999Q2", 
"1999Q3", "1999Q4", "2000Q1", "2000Q2", "2000Q3", "2000Q4", "2001Q1", 
"2001Q2", "2001Q3", "2001Q4", "2002Q1", "2002Q2", "2002Q3", "2002Q4", 
"2003Q1", "2003Q2", "2003Q3", "2003Q4", "2004Q1", "2004Q2", "2004Q3", 
"2004Q4", "2005Q1", "2005Q2", "2005Q3", "2005Q4", "2006Q1", "2006Q2", 
"2006Q3", "2006Q4", "2007Q1", "2007Q2", "2007Q3", "2007Q4", "2008Q1", 
"2008Q2", "2008Q3", "2008Q4", "2009Q1", "2009Q2", "2009Q3", "2009Q4", 
"2010Q1", "2010Q2", "2010Q3", "2010Q4", "2011Q1", "2011Q2", "2011Q3", 
"2011Q4", "2012Q1", "2012Q2", "2012Q3", "2012Q4", "2013Q1", "2013Q2", 
"2013Q3", "2013Q4", "2014Q1", "2014Q2", "2014Q3", "2014Q4", "2015Q1", 
"2015Q2", "2015Q3", "2015Q4", "2016Q1", "2016Q2", "2016Q3", "2016Q4", 
"2017Q1", "2017Q2", "2017Q3", "2017Q4", "2018Q1", "2018Q2", "2018Q3", 
"2018Q4", "2019Q1", "2019Q2", "2019Q3", "2019Q4", "2020Q1", "2020Q2", 
"2020Q3", "2020Q4", "2021Q1", "2021Q2", "2021Q3", "2021Q4", "2022Q1", 
"2022Q2", "2022Q3", "2022Q4", "2023Q1", "2023Q2", "2023Q3", "2023Q4", 
"2024Q1", "2024Q2", "2024Q3", "2024Q4", "2025Q1"), value = c(0x1.9b72b020c49bap+5, 
0x1.8e147ae147ae1p+5, 0x1.a689374bc6a7fp+5, 0x1.a95604189374cp+5, 
0x1.b6d2f1a9fbe77p+5, 0x1.b176c8b439581p+5, 0x1.c2020c49ba5e3p+5, 
0x1.bedf3b645a1cbp+5, 0x1.cdd2f1a9fbe77p+5, 0x1.b753f7ced9168p+5, 
0x1.d4c28f5c28f5cp+5, 0x1.d46c8b439581p+5, 0x1.edd70a3d70a3dp+5, 
0x1.d6c6a7ef9db23p+5, 0x1.eb66666666666p+5, 0x1.da3d70a3d70a4p+5, 
0x1.fcc6a7ef9db23p+5, 0x1.db189374bc6a8p+5, 0x1.0650e56041893p+6, 
0x1.026872b020c4ap+6, 0x1.04de353f7ced9p+6, 0x1.014fdf3b645a2p+6, 
0x1.1a5b22d0e5604p+6, 0x1.1bf8d4fdf3b64p+6, 0x1.25de353f7ced9p+6, 
0x1.1e5a1cac08312p+6, 0x1.3453f7ced9168p+6, 0x1.2e1db22d0e56p+6, 
0x1.357ced916872bp+6, 0x1.2e9fbe76c8b44p+6, 0x1.43b74bc6a7efap+6, 
0x1.3d395810624ddp+6, 0x1.4347ae147ae14p+6, 0x1.3ae5604189375p+6, 
0x1.4e04189374bc7p+6, 0x1.458p+6, 0x1.48dd2f1a9fbe7p+6, 0x1.3fe353f7ced91p+6, 
0x1.55e147ae147aep+6, 0x1.54b3333333333p+6, 0x1.5689374bc6a7fp+6, 
0x1.42b126e978d5p+6, 0x1.57449ba5e353fp+6, 0x1.58f9db22d0e56p+6, 
0x1.58d604189374cp+6, 0x1.449eb851eb852p+6, 0x1.57f1a9fbe76c9p+6, 
0x1.5e1a9fbe76c8bp+6, 0x1.5c428f5c28f5cp+6, 0x1.4bcac083126e9p+6, 
0x1.5b8a3d70a3d71p+6, 0x1.6dfdf3b645a1dp+6, 0x1.6d26e978d4fdfp+6, 
0x1.59cac083126e9p+6, 0x1.77c28f5c28f5cp+6, 0x1.90dc28f5c28f6p+6, 
0x1.97189374bc6a8p+6, 0x1.850a3d70a3d71p+6, 0x1.8f989374bc6a8p+6, 
0x1.9870a3d70a3d7p+6, 0x1.9ac189374bc6ap+6, 0x1.846872b020c4ap+6, 
0x1.900b439581062p+6, 0x1.90cac083126e9p+6, 0x1.8ea5e353f7ceep+6, 
0x1.8323d70a3d70ap+6, 0x1.897ced916872bp+6, 0x1.944bc6a7ef9dbp+6, 
0x1.90ec8b439581p+6, 0x1.8f3020c49ba5ep+6, 0x1.8873b645a1cacp+6, 
0x1.9ac28f5c28f5cp+6, 0x1.99f7ced916873p+6, 0x1.8a71a9fbe76c9p+6, 
0x1.8e33333333333p+6, 0x1.924fdf3b645a2p+6, 0x1.9666666666666p+6, 
0x1.81c5a1cac0831p+6, 0x1.8b10624dd2f1bp+6, 0x1.955a1cac08312p+6, 
0x1.9696872b020c5p+6, 0x1.836c8b439581p+6, 0x1.899a9fbe76c8bp+6, 
0x1.95ea7ef9db22dp+6, 0x1.a26978d4fdf3bp+6, 0x1.8ae5604189375p+6, 
0x1.957ae147ae148p+6, 0x1.9e29fbe76c8b4p+6, 0x1.a065604189375p+6, 
0x1.910f5c28f5c29p+6, 0x1.9ba9fbe76c8b4p+6, 0x1.9ea9fbe76c8b4p+6, 
0x1.ac9a9fbe76c8bp+6, 0x1.9d4dd2f1a9fbep+6, 0x1.a1ac083126e98p+6, 
0x1.acd916872b021p+6, 0x1.c19a9fbe76c8bp+6, 0x1.b110624dd2f1bp+6, 
0x1.b2ea7ef9db22dp+6, 0x1.b8bf7ced91687p+6, 0x1.d0a0c49ba5e35p+6, 
0x1.f2cbc6a7ef9dbp+6, 0x1.bd645a1cac083p+6, 0x1.db66666666666p+6, 
0x1.f5b53f7ced917p+6, 0x1.dc0a3d70a3d71p+6, 0x1.ce820c49ba5e3p+6, 
0x1.c5d2f1a9fbe77p+6, 0x1.fc71a9fbe76c9p+6, 0x1.e4d810624dd2fp+6, 
0x1.f3e5604189375p+6, 0x1.ff21cac083127p+6, 0x1.17947ae147ae1p+7, 
0x1.09a147ae147aep+7, 0x1.0bf851eb851ecp+7, 0x1.0f4d4fdf3b646p+7, 
0x1.26ce560418937p+7, 0x1.1733b645a1cacp+7, 0x1.1a8189374bc6ap+7, 
0x1.19df3b645a1cbp+7, 0x1.3b88b43958106p+7)), class = "data.frame", row.names = c(NA, 
-121L))
