structure(list(period_id = c("1995Q1", "1995Q2", "1995Q3", "1995Q4", 
"1996Q1", "1996Q2", "1996Q3", "1996Q4", "1997Q1", "1997Q2", "1997Q3", 
"1997Q4", "1998Q1", "1998Q2", "1998Q3", "1998Q4", "1999Q1", "1999Q2", 
"1999Q3", "1999Q4", "2000Q1", "2000Q2", "2000Q3", "2000Q4", "2001Q1", 
"2001Q2", "2001Q3", "2001Q4", "2002Q1", "2002Q2", "2002Q3", "2002Q4", 
"2003Q1", "2003Q2", "2003Q3", "2003Q4", "2004Q1", "2004Q2", "2004Q3", 
"2004Q4", "2005Q1", "2005Q2", "2005Q3", "2005Q4", "2006Q1", "2006Q2", 
"2006Q3", "2006Q4", "2007Q1", "2007Q2", "2007Q3", "2007Q4", "2008Q1", 
"2008Q2", "2008Q3", "2008Q4", "2009Q1", "2009Q2", "2009Q3", "2009Q4", 
"2010Q1", "2010Q2", "2010Q3", "2010Q4", "2011Q1", "2011Q2", "2011Q3", 
"2011Q4", "2012Q1", "2012Q2", "2012Q3", "2012Q4", "2013Q1", "2013Q2", 
"2013Q3", "2013Q4", "2014Q1", "2014Q2", "2014Q3", "2014Q4", "2015Q1", 
"2015Q2", "2015Q3", "2015Q4", "2016Q1", "2016Q2", "2016Q3", "2016Q4", 
"2017Q1", "2017Q2", "2017Q3", "2017Q4", "2018Q1", "2018Q2", "2018Q3", 
"2018Q4", "2019Q1", "2019Q2", "2019Q3", "2019Q4", "2020Q1", "2020Q2", 
"2020Q3", "2020Q4", "2021Q1", "2021Q2", "2021Q3", "2021Q4", "2022Q1", 
"2022Q2", "2022Q3", "2022Q4", "2023Q1", "2023Q2", "2023Q3", "2023Q4", 
"2024Q1", "2024Q2", "2024Q3"), value = c(NA, NA, NA, NA, 0x1.bdd3186551937p+8, 
0x1.c15fc99ae924fp+8, 0x1.c28617f4128bfp+8, 0x1.cc82b7995ee13p+8, 
0x1.a15a089e34331p+8, 0x1.d43ded06fef7cp+8, 0x1.dd0c7e38eb032p+8, 
0x1.db16c2699c7bdp+8, 0x1.e33e69f05ea25p+8, 0x1.e4092ce032db2p+8, 
0x1.e6d26d4801f75p+8, 0x1.efc5e2046c765p+8, 0x1.f1041b10fd7e4p+8, 
0x1.fe89f0b28522fp+8, 0x1.0320d8a11665ap+9, 0x1.066123d4f15e8p+9, 
0x1.0afc02afdda8cp+9, 0x1.0d966e32e3822p+9, 0x1.12d82089e3433p+9, 
0x1.14536ad70e6f3p+9, 0x1.14bb6e37154p+9, 0x1.183b5e7c8d196p+9, 
0x1.19d096d4c33b5p+9, 0x1.1b79ba5e353f8p+9, 0x1.261708787485ep+9, 
0x1.290db8ed1bf7bp+9, 0x1.2d196bca5375dp+9, 0x1.34748e043a216p+9, 
0x1.32383cf2cf95dp+9, 0x1.37479fdbd2fa1p+9, 0x1.3a7701a79fecap+9, 
0x1.3c45c4199fe43p+9, 0x1.3f5f2b884406cp+9, 0x1.44d1f676ea423p+9, 
0x1.49010eed02cd4p+9, 0x1.48a72e1ef73c1p+9, 0x1.4fef14013ec46p+9, 
0x1.5436005c4651fp+9, 0x1.5c325e4e69f06p+9, 0x1.6916d1c7de508p+9, 
0x1.6eb5b3397dd01p+9, 0x1.76a4eb0318b93p+9, 0x1.81284b33daf8ep+9, 
0x1.8f166c5d206c8p+9, 0x1.a14743201040cp+9, 0x1.a9f15dcc63f14p+9, 
0x1.e11ce30caa327p+9, 0x1.e8b9b139c94f7p+9, 0x1.ea05315d701dap+9, 
0x1.f40ac332f0175p+9, 0x1.f8aa27631b585p+9, 0x1.00278f6cefed6p+10, 
0x1.be3ad013a92a3p+9, 0x1.bfce89ca18bd6p+9, 0x1.c6fb6d86ec17fp+9, 
0x1.c490c857f3062p+9, 0x1.c5dbffe6d58c9p+9, 0x1.cbc39d451fc4cp+9, 
0x1.cf6bb845564b6p+9, 0x1.d233d512ec6bdp+9, 0x1.d96b98fa37692p+9, 
0x1.cec017dae8188p+9, 0x1.df645a57646aep+9, 0x1.c622c471b4784p+9, 
0x1.d3ba2120e1f7dp+9, 0x1.d8e721ff2e48fp+9, 0x1.d996ecfa69be1p+9, 
0x1.e13beafee6fb5p+9, 0x1.c13a8c3f3e037p+9, 0x1.c47ef240fa9c1p+9, 
0x1.d7e5dc37a3db4p+9, 0x1.e008fa8b4bf9p+9, 0x1.f3c9fb480a5adp+9, 
0x1.f76fe6d58c8efp+9, 0x1.dd4f72580c309p+9, 0x1.ef836295208e1p+9, 
0x1.e903ea35935fcp+9, 0x1.f85dd9ec70004p+9, 0x1.f88aead0c3d25p+9, 
0x1.e905a109d0636p+9, 0x1.fadea38327675p+9, 0x1.0010667b5f1bfp+10, 
0x1.0305dbc23315dp+10, 0x1.0f7ed7cb2d906p+10, 0x1.189de7c8d1959p+10, 
0x1.16ad28522ea1p+10, 0x1.22b5671ef30a5p+10, 0x1.2ae9a719b4dcfp+10, 
0x1.26be4b662fdfcp+10, 0x1.2e9bc792d1288p+10, 0x1.3123ece571088p+10, 
0x1.36277e5eaab04p+10, 0x1.3b7e7d912556dp+10, 0x1.39f2a682b6284p+10, 
0x1.36a6b4bb5e0f8p+10, 0x1.3678204af9229p+10, 0x1.4827e9a2c669p+10, 
0x1.da319285a921dp+9, 0x1.00de157abb88p+10, 0x1.1ae6e40c8472cp+10, 
0x1.22b63cf2cf95dp+10, 0x1.2d202bcb5fe54p+10, 0x1.61cbf03d145d8p+10, 
0x1.7044f21f6cacdp+10, 0x1.7646dcad14a0ap+10, 0x1.8665dc50ce4ebp+10, 
0x1.8e6eb3461309cp+10, 0x1.82213022dd7aap+10, 0x1.8474851a8694p+10, 
0x1.81395c31593e6p+10, 0x1.843b124074645p+10, 0x1.8c408e581cf78p+10, 
0x1.8757636f3b214p+10, 0x1.8f86476295209p+10, 0x1.94d5cf67b1cp+10
)), class = "data.frame", row.names = c(NA, -119L))
