structure(list(period_id = c("1995Q1", "1995Q2", "1995Q3", "1995Q4", 
"1996Q1", "1996Q2", "1996Q3", "1996Q4", "1997Q1", "1997Q2", "1997Q3", 
"1997Q4", "1998Q1", "1998Q2", "1998Q3", "1998Q4", "1999Q1", "1999Q2", 
"1999Q3", "1999Q4", "2000Q1", "2000Q2", "2000Q3", "2000Q4", "2001Q1", 
"2001Q2", "2001Q3", "2001Q4", "2002Q1", "2002Q2", "2002Q3", "2002Q4", 
"2003Q1", "2003Q2", "2003Q3", "2003Q4", "2004Q1", "2004Q2", "2004Q3", 
"2004Q4", "2005Q1", "2005Q2", "2005Q3", "2005Q4", "2006Q1", "2006Q2", 
"2006Q3", "2006Q4", "2007Q1", "2007Q2", "2007Q3", "2007Q4", "2008Q1", 
"2008Q2", "2008Q3", "2008Q4", "2009Q1", "2009Q2", "2009Q3", "2009Q4", 
"2010Q1", "2010Q2", "2010Q3", "2010Q4", "2011Q1", "2011Q2", "2011Q3", 
"2011Q4", "2012Q1", "2012Q2", "2012Q3", "2012Q4", "2013Q1", "2013Q2", 
"2013Q3", "2013Q4", "2014Q1", "2014Q2", "2014Q3", "2014Q4", "2015Q1", 
"2015Q2", "2015Q3", "2015Q4", "2016Q1", "2016Q2", "2016Q3", "2016Q4", 
"2017Q1", "2017Q2", "2017Q3", "2017Q4", "2018Q1", "2018Q2", "2018Q3", 
"2018Q4", "2019Q1", "2019Q2", "2019Q3", "2019Q4", "2020Q1", "2020Q2", 
"2020Q3", "2020Q4", "2021Q1", "2021Q2", "2021Q3", "2021Q4", "2022Q1", 
"2022Q2", "2022Q3", "2022Q4", "2023Q1", "2023Q2", "2023Q3", "2023Q4", 
"2024Q1", "2024Q2", "2024Q3"), value = c(0x1.f1ac5af6c69b6p+9, 
0x1.1a49cb3a2595cp+10, 0x1.e9da8f08461fap+9, 0x1.1ea8b7e0ac7dap+10, 
0x1.19eee49b1fab9p+10, 0x1.422a7dfa00e28p+10, 0x1.1fd59c886162fp+10, 
0x1.3e1eec6bce853p+10, 0x1.44fa68405b39ep+10, 0x1.7828cc20d562ap+10, 
0x1.58c73a3a8e714p+10, 0x1.7ff85dc832336p+10, 0x1.944c7d523b363p+10, 
0x1.977f7219220ffp+10, 0x1.7274bd273d5bbp+10, 0x1.a70a5cf67b1cp+10, 
0x1.8ca1be6a337a8p+10, 0x1.f0974128bf3bfp+10, 0x1.88a9b54195cc8p+10, 
0x1.e5b8147ae147bp+10, 0x1.f93bedd484513p+10, 0x1.0eb7fe79ee02ap+11, 
0x1.0cbbdfe974a34p+11, 0x1.2a20d2bb23572p+11, 0x1.21aa708ede54bp+11, 
0x1.3658acd39da16p+11, 0x1.1eb29d0c8041p+11, 0x1.3444ad1aeb3ddp+11, 
0x1.331f7c9de0503p+11, 0x1.413f4ad794a6fp+11, 0x1.33547a41e57dap+11, 
0x1.567db99b2c40dp+11, 0x1.4e5729d40ee07p+11, 0x1.5c2391148fdap+11, 
0x1.50151f46ed246p+11, 0x1.73e80effe2a3dp+11, 0x1.7178c7e28240bp+11, 
0x1.afb17f06705c9p+11, 0x1.9cdb3508f648cp+11, 0x1.cc842059a73b4p+11, 
0x1.ad41923e5b856p+11, 0x1.d2528c23fab11p+11, 0x1.d1f32bcb5fe54p+11, 
0x1.0affaf1cb89d7p+12, 0x1.00e9dc219eb64p+12, 0x1.0b6f306c43f6p+12, 
0x1.0d6c0e5e67946p+12, 0x1.37e431db445edp+12, 0x1.31f8a82b62846p+12, 
0x1.480b6eaa6d267p+12, 0x1.44f85f86e3b47p+12, 0x1.5d16ef8df7a4ep+12, 
0x1.53041b35b0bbfp+12, 0x1.6f46b69014b5ap+12, 0x1.61a51933e35c6p+12, 
0x1.441278fabda0ep+12, 0x1.f516168512232p+11, 0x1.f78244284dfcep+11, 
0x1.046daca57a787p+12, 0x1.1986297d06bbep+12, 0x1.0f1ad208e1501p+12, 
0x1.2d314894c447cp+12, 0x1.2d32d09070fbfp+12, 0x1.4c99125fe974ap+12, 
0x1.4b0c016052503p+12, 0x1.5a4e7886594afp+12, 0x1.4f0ed1b823c86p+12, 
0x1.59bad83d79075p+12, 0x1.523124f765fd9p+12, 0x1.4e353b5d03105p+12, 
0x1.3fd0d3879c411p+12, 0x1.4d15dfcb0c027p+12, 0x1.4c7de0535c9e6p+12, 
0x1.52447632c1f43p+12, 0x1.40d96ef5ec80cp+12, 0x1.56b013404ea4bp+12, 
0x1.4ea7c86df82b2p+12, 0x1.50caa04af9229p+12, 0x1.503960e1f7d74p+12, 
0x1.612e9593e5fb7p+12, 0x1.58786a8b8f14ep+12, 0x1.6169e0370cdc8p+12, 
0x1.579e2f47b677fp+12, 0x1.6af6282e87d2cp+12, 0x1.5ba4b6d76252p+12, 
0x1.71c1d9791819dp+12, 0x1.6612918f3ecccp+12, 0x1.808317a99fa12p+12, 
0x1.95383f2b239a4p+12, 0x1.a1d498d045fe1p+12, 0x1.964abc33f8551p+12, 
0x1.bae41e603d578p+12, 0x1.bec4b2ffd1dcdp+12, 0x1.d06248a9bcfd5p+12, 
0x1.bf37644fa0514p+12, 0x1.e79505f4a1273p+12, 0x1.d952fc59b8024p+12, 
0x1.eb97479f66623p+12, 0x1.dd0a1479d4d83p+12, 0x1.dce1772606facp+12, 
0x1.c7850857f3062p+12, 0x1.6e6358a761028p+12, 0x1.a0bbd48ba83f5p+12, 
0x1.d2ea7a27ae9abp+12, 0x1.dcb0cba83f4edp+12, 0x1.08e05ed30f063p+13, 
0x1.06cf3af20ea5bp+13, 0x1.341c253b8e4b8p+13, 0x1.4888a34eb9a17p+13, 
0x1.696253ad5bee4p+13, 0x1.5e4ae1437c569p+13, 0x1.675fb862b27ccp+13, 
0x1.51f6664020818p+13, 0x1.4313d0bb6ed67p+13, 0x1.28f9e94ff0026p+13, 
0x1.42e83cae21102p+13, 0x1.419d0cdc8754fp+13, 0x1.4e95efd651b0dp+13, 
0x1.3626695faa8a8p+13)), class = "data.frame", row.names = c(NA, 
-119L))
