structure(list(period_id = c("1995Q1", "1995Q2", "1995Q3", "1995Q4", 
"1996Q1", "1996Q2", "1996Q3", "1996Q4", "1997Q1", "1997Q2", "1997Q3", 
"1997Q4", "1998Q1", "1998Q2", "1998Q3", "1998Q4", "1999Q1", "1999Q2", 
"1999Q3", "1999Q4", "2000Q1", "2000Q2", "2000Q3", "2000Q4", "2001Q1", 
"2001Q2", "2001Q3", "2001Q4", "2002Q1", "2002Q2", "2002Q3", "2002Q4", 
"2003Q1", "2003Q2", "2003Q3", "2003Q4", "2004Q1", "2004Q2", "2004Q3", 
"2004Q4", "2005Q1", "2005Q2", "2005Q3", "2005Q4", "2006Q1", "2006Q2", 
"2006Q3", "2006Q4", "2007Q1", "2007Q2", "2007Q3", "2007Q4", "2008Q1", 
"2008Q2", "2008Q3", "2008Q4", "2009Q1", "2009Q2", "2009Q3", "2009Q4", 
"2010Q1", "2010Q2", "2010Q3", "2010Q4", "2011Q1", "2011Q2", "2011Q3", 
"2011Q4", "2012Q1", "2012Q2", "2012Q3", "2012Q4", "2013Q1", "2013Q2", 
"2013Q3", "2013Q4", "2014Q1", "2014Q2", "2014Q3", "2014Q4", "2015Q1", 
"2015Q2", "2015Q3", "2015Q4", "2016Q1", "2016Q2", "2016Q3", "2016Q4", 
"2017Q1", "2017Q2", "2017Q3", "2017Q4", "2018Q1", "2018Q2", "2018Q3", 
"2018Q4", "2019Q1", "2019Q2", "2019Q3", "2019Q4", "2020Q1", "2020Q2", 
"2020Q3", "2020Q4", "2021Q1", "2021Q2", "2021Q3", "2021Q4", "2022Q1", 
"2022Q2", "2022Q3", "2022Q4", "2023Q1", "2023Q2", "2023Q3", "2023Q4", 
"2024Q1", "2024Q2", "2024Q3", "2024Q4", "2025Q1"), value = c(0x1.d1583126e978dp+9, 
0x1.cebf3b645a1cbp+9, 0x1.cbb16872b020cp+9, 0x1.c9047ae147ae1p+9, 
0x1.c6c189374bc6ap+9, 0x1.c5124dd2f1aap+9, 0x1.c271cac083127p+9, 
0x1.c158b43958106p+9, 0x1.baf78d4fdf3b6p+9, 0x1.bb095810624ddp+9, 
0x1.bcb3333333333p+9, 0x1.bc7b22d0e5604p+9, 0x1.bb76c8b439581p+9, 
0x1.bb63f7ced9168p+9, 0x1.bb5e353f7ced9p+9, 0x1.bc23126e978d5p+9, 
0x1.bf27ced916873p+9, 0x1.c10c083126e98p+9, 0x1.c2ac49ba5e354p+9, 
0x1.c4ef9db22d0e5p+9, 0x1.c66810624dd2fp+9, 0x1.c864fdf3b645ap+9, 
0x1.ca68b43958106p+9, 0x1.cb6eb851eb852p+9, 0x1.cc0dd2f1a9fbep+9, 
0x1.cc278d4fdf3b6p+9, 0x1.cc0d2f1a9fbe7p+9, 0x1.cb35604189375p+9, 
0x1.d2d78d4fdf3b6p+9, 0x1.d265810624dd3p+9, 0x1.d1fbe76c8b439p+9, 
0x1.d225c28f5c28fp+9, 0x1.d1276c8b43958p+9, 0x1.d0e53f7ced917p+9, 
0x1.d0670a3d70a3dp+9, 0x1.d01be76c8b439p+9, 0x1.d21d4fdf3b646p+9, 
0x1.d25f1a9fbe76dp+9, 0x1.d3b4dd2f1a9fcp+9, 0x1.d3b604189374cp+9, 
0x1.d10b439581062p+9, 0x1.d1674bc6a7efap+9, 0x1.d0dc28f5c28f6p+9, 
0x1.d1e5a1cac0831p+9, 0x1.d48df3b645a1dp+9, 0x1.d6895810624ddp+9, 
0x1.d95916872b021p+9, 0x1.dcf22d0e56042p+9, 0x1.e1aa7ef9db22dp+9, 
0x1.e5c395810624ep+9, 0x1.ea3df3b645a1dp+9, 0x1.ed9b22d0e5604p+9, 
0x1.f0c9db22d0e56p+9, 0x1.f44126e978d5p+9, 0x1.f5d083126e979p+9, 
0x1.f5dae147ae148p+9, 0x1.f295a1cac0831p+9, 0x1.ee15c28f5c28fp+9, 
0x1.ea7020c49ba5ep+9, 0x1.e731cac083127p+9, 0x1.e568f5c28f5c3p+9, 
0x1.e2c395810624ep+9, 0x1.e0b5c28f5c28fp+9, 0x1.de0fbe76c8b44p+9, 
0x1.db3e147ae147bp+9, 0x1.d9ee560418937p+9, 0x1.d97645a1cac08p+9, 
0x1.d7e0624dd2f1bp+9, 0x1.d8f3126e978d5p+9, 0x1.d70ba5e353f7dp+9, 
0x1.d3e083126e979p+9, 0x1.d11c083126e98p+9, 0x1.d038d4fdf3b64p+9, 
0x1.cf3ba5e353f7dp+9, 0x1.cf7c083126e98p+9, 0x1.d0da5e353f7cfp+9, 
0x1.cf6f1a9fbe76dp+9, 0x1.d157ae147ae14p+9, 0x1.d1db439581062p+9, 
0x1.d50e560418937p+9, 0x1.d5ffdf3b645a2p+9, 0x1.d6d374bc6a7fp+9, 
0x1.d9128f5c28f5cp+9, 0x1.da478d4fdf3b6p+9, 0x1.db8851eb851ecp+9, 
0x1.df678d4fdf3b6p+9, 0x1.e27978d4fdf3bp+9, 0x1.e5d2d0e560419p+9, 
0x1.e8d6c8b439581p+9, 0x1.ed06a7ef9db23p+9, 0x1.f0f3333333333p+9, 
0x1.f45f3b645a1cbp+9, 0x1.f9545a1cac083p+9, 0x1.fcac6a7ef9db2p+9, 
0x1.ffa3f7ced9168p+9, 0x1.021bf7ced9168p+10, 0x1.0403333333333p+10, 
0x1.0505b22d0e56p+10, 0x1.064af1a9fbe77p+10, 0x1.065f0a3d70a3dp+10, 
0x1.06ac5a1cac083p+10, 0x1.0228p+10, 0x1.023cdd2f1a9fcp+10, 0x1.037051eb851ecp+10, 
0x1.040a0c49ba5e3p+10, 0x1.05f322d0e5604p+10, 0x1.0813f7ced9168p+10, 
0x1.09e6147ae147bp+10, 0x1.0cbe353f7ced9p+10, 0x1.0e0020c49ba5ep+10, 
0x1.0f3ef9db22d0ep+10, 0x1.106f6c8b43958p+10, 0x1.120e353f7ced9p+10, 
0x1.12acbc6a7ef9ep+10, 0x1.135f3b645a1cbp+10, 0x1.1404189374bc7p+10, 
0x1.13bb645a1cac1p+10, 0x1.1391db22d0e56p+10, 0x1.13623d70a3d71p+10, 
0x1.1309ba5e353f8p+10, 0x1.1261db22d0e56p+10)), class = "data.frame", row.names = c(NA, 
-121L))
