structure(list(period_id = c("1999Q1", "1999Q2", "1999Q3", "1999Q4", 
"2000Q1", "2000Q2", "2000Q3", "2000Q4", "2001Q1", "2001Q2", "2001Q3", 
"2001Q4", "2002Q1", "2002Q2", "2002Q3", "2002Q4", "2003Q1", "2003Q2", 
"2003Q3", "2003Q4", "2004Q1", "2004Q2", "2004Q3", "2004Q4", "2005Q1", 
"2005Q2", "2005Q3", "2005Q4", "2006Q1", "2006Q2", "2006Q3", "2006Q4", 
"2007Q1", "2007Q2", "2007Q3", "2007Q4", "2008Q1", "2008Q2", "2008Q3", 
"2008Q4", "2009Q1", "2009Q2", "2009Q3", "2009Q4", "2010Q1", "2010Q2", 
"2010Q3", "2010Q4", "2011Q1", "2011Q2", "2011Q3", "2011Q4", "2012Q1", 
"2012Q2", "2012Q3", "2012Q4", "2013Q1", "2013Q2", "2013Q3", "2013Q4", 
"2014Q1", "2014Q2", "2014Q3", "2014Q4", "2015Q1", "2015Q2", "2015Q3", 
"2015Q4", "2016Q1", "2016Q2", "2016Q3", "2016Q4", "2017Q1", "2017Q2", 
"2017Q3", "2017Q4", "2018Q1", "2018Q2", "2018Q3", "2018Q4", "2019Q1", 
"2019Q2", "2019Q3", "2019Q4", "2020Q1", "2020Q2", "2020Q3", "2020Q4", 
"2021Q1", "2021Q2", "2021Q3", "2021Q4", "2022Q1", "2022Q2", "2022Q3", 
"2022Q4", "2023Q1", "2023Q2", "2023Q3", "2023Q4", "2024Q1", "2024Q2", 
"2024Q3", "2024Q4", "2025Q1"), value = c(0x1.e1cf15e7c8d19p+3, 
0x1.4bc893b7d849p+4, 0x1.425fba450acc1p+4, 0x1.15c4c729f59cdp+5, 
0x1.307f141205bcp+4, 0x1.24e54c5543287p+4, 0x1.ab370ac3a860ep+4, 
0x1.35df5946c332fp+5, 0x1.9de006d0d4995p+4, 0x1.48944dca8e2e3p+4, 
0x1.7f0fd5cb790fbp+4, 0x1.0bfa33bd9cae2p+5, 0x1.3b9d334c5da6ap+4, 
0x1.177ab430f4949p+4, 0x1.f5d4cb9ecf638p+3, 0x1.5a6ed4e4c942dp+5, 
0x1.006bfec13b9f1p+5, 0x1.8501dc0db2703p+4, 0x1.7be14bdfd2631p+4, 
0x1.63e0af1cb89d7p+5, 0x1.6448522ea0fd4p+5, 0x1.286fff36ac647p+4, 
0x1.5d3ff36ac6477p+4, 0x1.f58e4a7b4e54fp+4, 0x1.81a2f8bdec5f4p+4, 
0x1.a66de97d06bbep+4, 0x1.7849fd7a13c25p+4, 0x1.2474bc6a7ef9ep+5, 
0x1.14214163779eap+4, 0x1.b15eeaa6d2674p+4, 0x1.4cc4178705426p+4, 
0x1.1b5280f12c27ap+5, 0x1.06f69fcf3dc05p+4, 0x1.1b813122b7bafp+4, 
0x1.25dbc33f85511p+4, 0x1.d11740c4156e2p+4, 0x1.a7f1b25f633cep+3, 
0x1.c90f733a8a3f9p+3, 0x1.d9c0a4a05dd9p+3, 0x1.76e7a85015c21p+4, 
0x1.22f72e6a76966p+4, 0x1.39b1b8aa00193p+4, 0x1.45268b19a415fp+4, 
0x1.014ef88b97785p+5, 0x1.0fdf926c7eae6p+4, 0x1.8e37b4a2339c1p+4, 
0x1.a86f555821294p+4, 0x1.d5509aed56b01p+4, 0x1.d834f3fd933e3p+1, 
0x1.19fe4cd749279p+4, 0x1.7ab1c0010c6f8p+3, 0x1.ce079a2834d27p+3, 
0x1.c9cab81f969e4p+3, 0x1.234e39b456b44p+4, 0x1.504f8f8a4c1ecp+2, 
0x1.2d06f8ad2567ap+4, 0x1.32aa52ef911cfp+4, 0x1.4d5556084a516p+3, 
0x1.6cdf17bd8be73p+3, 0x1.a4cd7add15f03p+3, 0x1.69119695d91acp+3, 
0x1.e532a8c9b8455p+3, 0x1.a1f993d5347a6p+3, 0x1.cd69b9d7fd827p+3, 
0x1.65b702602c908p+3, 0x1.abc15f45e0b4ep+3, 0x1.92374ff865d7dp+3, 
0x1.b309e12a51e32p+3, 0x1.6449ff92f2b67p+3, 0x1.c54a5df2239e7p+3, 
0x1.9f0867ad8e432p+3, 0x1.ba45baf533f42p+3, 0x1.736f8055fbb51p+3, 
0x1.96599cbee807cp+3, 0x1.af9f687b139c9p+3, 0x1.02bbeb9e492bcp+4, 
0x1.cc5b1e9f27781p+3, 0x1.c6532a497fa5dp+3, 0x1.b55ae3e6c4c59p+3, 
0x1.1c6c710cb295fp+4, 0x1.f9a1c25d07421p+3, 0x1.f5477dd872f34p+3, 
0x1.fca01040bfe3bp+3, 0x1.41d3fd0d0678cp+4, 0x1.beebb341e14bep+3, 
0x1.23c23d9231c65p+3, 0x1.2e7526527a205p+4, 0x1.a93a4d6e47dc3p+3, 
0x1.526365cb35f3dp+4, 0x1.54d6a37ac3eb8p+4, 0x1.55ecb966be7bp+4, 
0x1.61f5eb7457c0bp+4, 0x1.392b0b7c3504cp+4, 0x1.9a3865d7cb2d9p+4, 
0x1.77b94b7b28955p+4, 0x1.408b220791c4cp+5, 0x1.2e2f3d9ec7p+7, 
0x1.bba3d816aceabp+6, 0x1.03d1e5c0b9991p+7, 0x1.ed026394face6p+6, 
0x1.c277a80cf9e38p+5, 0x1.4c10870110a13p+5, 0x1.77de931876189p+5, 
0x1.09b36bd2b6f1ap+6, 0x1.5c096ededaec5p+5)), class = "data.frame", row.names = c(NA, 
-105L))
