structure(list(period_id = c("1995Q1", "1995Q2", "1995Q3", "1995Q4", 
"1996Q1", "1996Q2", "1996Q3", "1996Q4", "1997Q1", "1997Q2", "1997Q3", 
"1997Q4", "1998Q1", "1998Q2", "1998Q3", "1998Q4", "1999Q1", "1999Q2", 
"1999Q3", "1999Q4", "2000Q1", "2000Q2", "2000Q3", "2000Q4", "2001Q1", 
"2001Q2", "2001Q3", "2001Q4", "2002Q1", "2002Q2", "2002Q3", "2002Q4", 
"2003Q1", "2003Q2", "2003Q3", "2003Q4", "2004Q1", "2004Q2", "2004Q3", 
"2004Q4", "2005Q1", "2005Q2", "2005Q3", "2005Q4", "2006Q1", "2006Q2", 
"2006Q3", "2006Q4", "2007Q1", "2007Q2", "2007Q3", "2007Q4", "2008Q1", 
"2008Q2", "2008Q3", "2008Q4", "2009Q1", "2009Q2", "2009Q3", "2009Q4", 
"2010Q1", "2010Q2", "2010Q3", "2010Q4", "2011Q1", "2011Q2", "2011Q3", 
"2011Q4", "2012Q1", "2012Q2", "2012Q3", "2012Q4", "2013Q1", "2013Q2", 
"2013Q3", "2013Q4", "2014Q1", "2014Q2", "2014Q3", "2014Q4", "2015Q1", 
"2015Q2", "2015Q3", "2015Q4", "2016Q1", "2016Q2", "2016Q3", "2016Q4", 
"2017Q1", "2017Q2", "2017Q3", "2017Q4", "2018Q1", "2018Q2", "2018Q3", 
"2018Q4", "2019Q1", "2019Q2", "2019Q3", "2019Q4", "2020Q1", "2020Q2", 
"2020Q3", "2020Q4", "2021Q1", "2021Q2", "2021Q3", "2021Q4", "2022Q1", 
"2022Q2", "2022Q3", "2022Q4", "2023Q1", "2023Q2", "2023Q3", "2023Q4", 
"2024Q1", "2024Q2", "2024Q3", "2024Q4", "2025Q1", "2025Q2", "2025Q3"
), value = c(NA, NA, NA, NA, 0x1.614588a04d12p+9, 0x1.5e14746cb966cp+9, 
0x1.5f70181e03f7p+9, 0x1.669db1f255f35p+9, 0x1.65b26e115592ep+9, 
0x1.73ffcc319c5a4p+9, 0x1.66434e54f7a92p+9, 0x1.6c29371971c11p+9, 
0x1.707e08a697aeep+9, 0x1.5e9dcad14a0a1p+9, 0x1.6a26bf5d78812p+9, 
0x1.5ae77603925bbp+9, 0x1.56ef6c2699c7cp+9, 0x1.56be0913a4f87p+9, 
0x1.4bd5e8815e397p+9, 0x1.5901ac3eb7cbbp+9, 0x1.5f1a89c1b5419p+9, 
0x1.658c5814940bcp+9, 0x1.7138821f2990fp+9, 0x1.74ea8ace24bbap+9, 
0x1.82240d349be9p+9, 0x1.7ec7dee78184p+9, 0x1.8b112513b5bf7p+9, 
0x1.84c0a3161a1dcp+9, 0x1.8963036c9c0a9p+9, 0x1.98448d7e02646p+9, 
0x1.96fb7c5ef62fap+9, 0x1.9f7a1a048e044p+9, 0x1.8673e6256366dp+9, 
0x1.961622bbecaacp+9, 0x1.9350bbcb1cc96p+9, 0x1.9e8557470eb25p+9, 
0x1.ad86b020c49bap+9, 0x1.b3d803a322af5p+9, 0x1.be2fb97bb7308p+9, 
0x1.c76aeae9ee45cp+9, 0x1.c6558ca8198f2p+9, 0x1.d2b202c0a4a06p+9, 
0x1.f32f0e23af31bp+9, 0x1.ecf009246bf01p+9, 0x1.ea870563ed0f6p+9, 
0x1.f90f61565c2d2p+9, 0x1.0a049463cfb33p+10, 0x1.0a468f7553693p+10, 
0x1.1c6c059ea5721p+10, 0x1.1fbd22ccb3a26p+10, 0x1.2bedffa7eb6bfp+10, 
0x1.29387229e9079p+10, 0x1.48d2b3edd8b61p+10, 0x1.582ea24031487p+10, 
0x1.460a63dc486adp+10, 0x1.56ef5275ee99ap+10, 0x1.1cade924f227dp+10, 
0x1.192547f130596p+10, 0x1.1a650d49949e9p+10, 0x1.29f080cb6c7a8p+10, 
0x1.216fe9e5e2479p+10, 0x1.237bb1dd5d3ddp+10, 0x1.2bdefe21d96eap+10, 
0x1.30c3969e3c969p+10, 0x1.2cc9a1f8e3ac1p+10, 0x1.305cddf43c7d6p+10, 
0x1.2e64944241c3fp+10, 0x1.329fbe1a82624p+10, 0x1.341d3d5bab218p+10, 
0x1.2f226ee30caa3p+10, 0x1.34fc0468448cfp+10, 0x1.3524a52ac753ep+10, 
0x1.3555725c3dee8p+10, 0x1.39eda5df2239ep+10, 0x1.3d4ff38c5436cp+10, 
0x1.3644f83be6602p+10, 0x1.3fea40703298p+10, 0x1.4c61a32b12d34p+10, 
0x1.4b58459d9902ap+10, 0x1.4b028323358f3p+10, 0x1.4bc707c84b5ddp+10, 
0x1.4f56c89f40a28p+10, 0x1.549515a07b353p+10, 0x1.5b079a06a6e33p+10, 
0x1.657ca1d323feep+10, 0x1.644ca372606fbp+10, 0x1.6ed85bfad2999p+10, 
0x1.7b1d469d7342fp+10, 0x1.8d6e2b734b513p+10, 0x1.900243393ab43p+10, 
0x1.9c3dfdc1615ecp+10, 0x1.9ba62c77574f7p+10, 0x1.a7d964628027ep+10, 
0x1.aca60ad46f588p+10, 0x1.b6b4a70d1fa33p+10, 0x1.c6a7d640e9d52p+10, 
0x1.c2aec054ef45ap+10, 0x1.d1f351e75360dp+10, 0x1.c51ba925fe975p+10, 
0x1.ca431b4bb5e0fp+10, 0x1.bea3d2e514c23p+10, 0x1.340a2c4d65e46p+10, 
0x1.59871e5c0b999p+10, 0x1.7e5cb5e529baep+10, 0x1.87470de4c5111p+10, 
0x1.9093a6ca03c4bp+10, 0x1.cc65be4cd7492p+10, 0x1.eb81702e6644ep+10, 
0x1.022e5592d98bfp+11, 0x1.1878d610adcd3p+11, 0x1.21ab18d25eddp+11, 
0x1.1592c58cd20bp+11, 0x1.1e9d064020818p+11, 0x1.18151085f4a12p+11, 
0x1.10b7300bcbe62p+11, 0x1.1617ef86a0989p+11, 0x1.15f58e29f9ce9p+11, 
0x1.166c04cf0739bp+11, 0x1.1f5585ab3aabdp+11, 0x1.1f408b7a1c25dp+11, 
0x1.1ee2f52fc2657p+11, 0x1.1e7cf9cc74b84p+11, 0x1.1fcf7ace67d78p+11
)), class = "data.frame", row.names = c(NA, -123L))
