structure(list(period_id = c("1995Q1", "1995Q2", "1995Q3", "1995Q4", 
"1996Q1", "1996Q2", "1996Q3", "1996Q4", "1997Q1", "1997Q2", "1997Q3", 
"1997Q4", "1998Q1", "1998Q2", "1998Q3", "1998Q4", "1999Q1", "1999Q2", 
"1999Q3", "1999Q4", "2000Q1", "2000Q2", "2000Q3", "2000Q4", "2001Q1", 
"2001Q2", "2001Q3", "2001Q4", "2002Q1", "2002Q2", "2002Q3", "2002Q4", 
"2003Q1", "2003Q2", "2003Q3", "2003Q4", "2004Q1", "2004Q2", "2004Q3", 
"2004Q4", "2005Q1", "2005Q2", "2005Q3", "2005Q4", "2006Q1", "2006Q2", 
"2006Q3", "2006Q4", "2007Q1", "2007Q2", "2007Q3", "2007Q4", "2008Q1", 
"2008Q2", "2008Q3", "2008Q4", "2009Q1", "2009Q2", "2009Q3", "2009Q4", 
"2010Q1", "2010Q2", "2010Q3", "2010Q4", "2011Q1", "2011Q2", "2011Q3", 
"2011Q4", "2012Q1", "2012Q2", "2012Q3", "2012Q4", "2013Q1", "2013Q2", 
"2013Q3", "2013Q4", "2014Q1", "2014Q2", "2014Q3", "2014Q4", "2015Q1", 
"2015Q2", "2015Q3", "2015Q4", "2016Q1", "2016Q2", "2016Q3", "2016Q4", 
"2017Q1", "2017Q2", "2017Q3", "2017Q4", "2018Q1", "2018Q2", "2018Q3", 
"2018Q4", "2019Q1", "2019Q2", "2019Q3", "2019Q4", "2020Q1", "2020Q2", 
"2020Q3", "2020Q4", "2021Q1", "2021Q2", "2021Q3", "2021Q4", "2022Q1", 
"2022Q2", "2022Q3", "2022Q4", "2023Q1", "2023Q2", "2023Q3", "2023Q4", 
"2024Q1", "2024Q2", "2024Q3", "2024Q4", "2025Q1", "2025Q2"), 
    value = c(NA, NA, NA, NA, 0x1.0e5314445aa2ep+7, 0x1.0a60ecb74ddf8p+7, 
    0x1.0aa1162281345p+7, 0x1.065a8d64d7f0fp+7, 0x1.2bae82b62845ap+7, 
    0x1.316f17df19d67p+7, 0x1.3432bb8800eaep+7, 0x1.35f6c6de76428p+7, 
    0x1.3491e108c3f3ep+7, 0x1.3ad78c21e1d21p+7, 0x1.42fbf0dc768ep+7, 
    0x1.4d5f72d5e071cp+7, 0x1.609c100e6afcdp+7, 0x1.769e4b44a1f08p+7, 
    0x1.7a0df4e4430b1p+7, 0x1.72e5193708aadp+7, 0x1.66c1ce4a7b4e5p+7, 
    0x1.6d24e7253da73p+7, 0x1.6fa55c52e72dap+7, 0x1.6b666772d5e07p+7, 
    0x1.7f2d1efb6dcap+7, 0x1.7be5cf893faf4p+7, 0x1.81f6544fe36d2p+7, 
    0x1.9320fa15db339p+7, 0x1.90450ca1cef24p+7, 0x1.9099e6687f456p+7, 
    0x1.8ecc8b220791cp+7, 0x1.894ace24bba13p+7, 0x1.700584b1ab085p+7, 
    0x1.650de82d7b635p+7, 0x1.664684ad794a7p+7, 0x1.72b4cbe1eb42p+7, 
    0x1.8215e225fa659p+7, 0x1.9102cecc814d7p+7, 0x1.9691331a08bfcp+7, 
    0x1.9fd23e9ea1405p+7, 0x1.9e871455219a8p+7, 0x1.a3a9c864883fdp+7, 
    0x1.a9e92f09d8c6dp+7, 0x1.ada02e44b6e93p+7, 0x1.b8eae7f6f4be8p+7, 
    0x1.b68b4a44c7b03p+7, 0x1.c50737da61e0cp+7, 0x1.d78f31098d478p+7, 
    0x1.e57ddaceee0f4p+7, 0x1.f07abd5dc4007p+7, 0x1.ea3f345069a4ep+7, 
    0x1.fb5eaca793576p+7, 0x1.e9d4a6ca03c4bp+7, 0x1.1b6048e043a21p+8, 
    0x1.039978c436fc1p+8, 0x1.f6ef4c4cdfacap+7, 0x1.0362cbb7f9d6fp+8, 
    0x1.06097a99fa11bp+8, 0x1.0e7076188b114p+8, 0x1.17ed8537e2c56p+8, 
    0x1.171c1a6937d2p+8, 0x1.1809d6bebe165p+8, 0x1.1a35e0f7fcfc4p+8, 
    0x1.274b486f049aap+8, 0x1.19d05729b280fp+8, 0x1.1a91e353f7ceep+8, 
    0x1.1bba3dc486ad3p+8, 0x1.18c0ab1d4f9c2p+8, 0x1.0fd5d1d4738a4p+8, 
    0x1.0fbbfd5022574p+8, 0x1.0b1913c68661bp+8, 0x1.0d58ef1348b22p+8, 
    0x1.15575ab7dc7acp+8, 0x1.1806e9bbf0dc7p+8, 0x1.15c1b3f20a73fp+8, 
    0x1.13313996fa82fp+8, 0x1.0f71bd8383adap+8, 0x1.0a34e64b2314p+8, 
    0x1.0722593a2df93p+8, 0x1.05df8f041461bp+8, 0x1.06b45d52c16dfp+8, 
    0x1.02a79f559b3dp+8, 0x1.081296e58a32fp+8, 0x1.07f7cd78c437p+8, 
    0x1.04fcaa21a719bp+8, 0x1.0bbfca7503b82p+8, 0x1.071ab4e981388p+8, 
    0x1.0c6cebcc6c54cp+8, 0x1.13f9d8c6d612cp+8, 0x1.174d3e0bd449ap+8, 
    0x1.2165851654d62p+8, 0x1.23c808d8ec95cp+8, 0x1.25f2d42c3c9efp+8, 
    0x1.2ccf25e56cd6cp+8, 0x1.34a6f08cc575cp+8, 0x1.40a257c914b16p+8, 
    0x1.454744e50c5ebp+8, 0x1.4e9695a6c5d2p+8, 0x1.552edeebb341ep+8, 
    0x1.5aca557de0d67p+8, 0x1.477f9acffa7ebp+8, 0x1.468b05c896dd2p+8, 
    0x1.4cf6807bbb624p+8, 0x1.4d2c84d76ab58p+8, 0x1.53349f0e4da0ap+8, 
    0x1.56c7589efd86bp+8, 0x1.56acc22ee4192p+8, 0x1.630cc05921038p+8, 
    0x1.5e98ea39c51dbp+8, 0x1.68e59f0a1be2bp+8, 0x1.6e943d68405b4p+8, 
    0x1.61eeefd438d1ep+8, 0x1.4cd8ffeb074a7p+8, 0x1.461da11233df3p+8, 
    0x1.42ffcb0c026ccp+8, 0x1.45f3aecd07853p+8, 0x1.4b6280ae10492p+8, 
    0x1.49bf925bb7b6cp+8, 0x1.47581ecd4aa11p+8, 0x1.46ef6199780bbp+8, 
    0x1.4af014e7ee914p+8, 0x1.4cbace789e775p+8)), class = "data.frame", row.names = c(NA, 
-122L))
