structure(list(period_id = c("1995Q1", "1995Q2", "1995Q3", "1995Q4", 
"1996Q1", "1996Q2", "1996Q3", "1996Q4", "1997Q1", "1997Q2", "1997Q3", 
"1997Q4", "1998Q1", "1998Q2", "1998Q3", "1998Q4", "1999Q1", "1999Q2", 
"1999Q3", "1999Q4", "2000Q1", "2000Q2", "2000Q3", "2000Q4", "2001Q1", 
"2001Q2", "2001Q3", "2001Q4", "2002Q1", "2002Q2", "2002Q3", "2002Q4", 
"2003Q1", "2003Q2", "2003Q3", "2003Q4", "2004Q1", "2004Q2", "2004Q3", 
"2004Q4", "2005Q1", "2005Q2", "2005Q3", "2005Q4", "2006Q1", "2006Q2", 
"2006Q3", "2006Q4", "2007Q1", "2007Q2", "2007Q3", "2007Q4", "2008Q1", 
"2008Q2", "2008Q3", "2008Q4", "2009Q1", "2009Q2", "2009Q3", "2009Q4", 
"2010Q1", "2010Q2", "2010Q3", "2010Q4", "2011Q1", "2011Q2", "2011Q3", 
"2011Q4", "2012Q1", "2012Q2", "2012Q3", "2012Q4", "2013Q1", "2013Q2", 
"2013Q3", "2013Q4", "2014Q1", "2014Q2", "2014Q3", "2014Q4", "2015Q1", 
"2015Q2", "2015Q3", "2015Q4", "2016Q1", "2016Q2", "2016Q3", "2016Q4", 
"2017Q1", "2017Q2", "2017Q3", "2017Q4", "2018Q1", "2018Q2", "2018Q3", 
"2018Q4", "2019Q1", "2019Q2", "2019Q3", "2019Q4", "2020Q1", "2020Q2", 
"2020Q3", "2020Q4", "2021Q1", "2021Q2", "2021Q3", "2021Q4", "2022Q1", 
"2022Q2", "2022Q3", "2022Q4", "2023Q1", "2023Q2", "2023Q3", "2023Q4", 
"2024Q1", "2024Q2", "2024Q3"), value = c(NA, NA, NA, NA, 0x1.0e5314445aa2ep+7, 
0x1.0a60ecb74ddf8p+7, 0x1.0aa1162281345p+7, 0x1.065a8d64d7f0fp+7, 
0x1.2bae82b62845ap+7, 0x1.316f17df19d67p+7, 0x1.3432bb8800eaep+7, 
0x1.35f6c6de76428p+7, 0x1.3491e108c3f3ep+7, 0x1.3ad78c21e1d21p+7, 
0x1.42fbf0dc768ep+7, 0x1.4d5f72d5e071cp+7, 0x1.609c100e6afcdp+7, 
0x1.769e4b44a1f08p+7, 0x1.7a0df4e4430b1p+7, 0x1.72e5193708aadp+7, 
0x1.66c1ce4a7b4e5p+7, 0x1.6d24e7253da73p+7, 0x1.6fa55c52e72dap+7, 
0x1.6b666772d5e07p+7, 0x1.7f2d1efb6dcap+7, 0x1.7be5cf893faf4p+7, 
0x1.81f6544fe36d2p+7, 0x1.9320fa15db339p+7, 0x1.90450ca1cef24p+7, 
0x1.9099e6687f456p+7, 0x1.8ecc8b220791cp+7, 0x1.894ace24bba13p+7, 
0x1.700584b1ab085p+7, 0x1.650de82d7b635p+7, 0x1.664684ad794a7p+7, 
0x1.72b4cbe1eb42p+7, 0x1.8215e225fa659p+7, 0x1.9102cecc814d7p+7, 
0x1.9691331a08bfcp+7, 0x1.9fd23e9ea1405p+7, 0x1.9e871455219a8p+7, 
0x1.a3a9c864883fdp+7, 0x1.a9e92f09d8c6dp+7, 0x1.ada02e44b6e93p+7, 
0x1.b8eae7f6f4be8p+7, 0x1.b68b4a44c7b03p+7, 0x1.c50737da61e0cp+7, 
0x1.d78f31098d478p+7, 0x1.e57ddaceee0f4p+7, 0x1.f07abd5dc4007p+7, 
0x1.ea3f345069a4ep+7, 0x1.fb5eaca793576p+7, 0x1.e9d4a6ca03c4bp+7, 
0x1.1b6048e043a21p+8, 0x1.039978c436fc1p+8, 0x1.f6ef4c4cdfacap+7, 
0x1.0362cbb7f9d6fp+8, 0x1.06097a99fa11bp+8, 0x1.0e7076188b114p+8, 
0x1.17ed8537e2c56p+8, 0x1.16fb160956c0dp+8, 0x1.17df1c10d7beap+8, 
0x1.1a5e37de939ebp+8, 0x1.27a83d68405b4p+8, 0x1.1972641b328b7p+8, 
0x1.1a8e88bda9436p+8, 0x1.1bfbec2480e8dp+8, 0x1.1949cad14a0a1p+8, 
0x1.0fb478a6dacacp+8, 0x1.1000343b70ef5p+8, 0x1.0acd3ad5bee3dp+8, 
0x1.0d517c6fbd274p+8, 0x1.15ab74eebf65ep+8, 0x1.1898f63800219p+8, 
0x1.159e47991bc56p+8, 0x1.1329563a9f384p+8, 0x1.0fcc78d92fb1ap+8, 
0x1.0a3a9e4d5d80ep+8, 0x1.07214cfd08d4cp+8, 0x1.060d4ee392e1fp+8, 
0x1.06e45fbf83383p+8, 0x1.029f9a9da597dp+8, 0x1.0831e7b80a9dfp+8, 
0x1.083b42aa9f7b6p+8, 0x1.0500d7be9856ap+8, 0x1.0bf2050374ff8p+8, 
0x1.072e3beec397ap+8, 0x1.0c8e136e71cdap+8, 0x1.13d8fc829cfddp+8, 
0x1.176d7d1782d38p+8, 0x1.21ce73929ed39p+8, 0x1.243586876e1dfp+8, 
0x1.25c0ee8d10f52p+8, 0x1.2c87474107315p+8, 0x1.34eb1704ff434p+8, 
0x1.41197689ca18cp+8, 0x1.45996d8f4f93cp+8, 0x1.4e687485e3da3p+8, 
0x1.5533d36f7e3d2p+8, 0x1.5a9b42784a948p+8, 0x1.4892ba27ae9abp+8, 
0x1.46a42fa509396p+8, 0x1.4cae9270b06c4p+8, 0x1.4c165d7cb2d9p+8, 
0x1.55218ea7ce0fcp+8, 0x1.577ff9b56323cp+8, 0x1.56033fa6defc8p+8, 
0x1.5fef5f1bef49dp+8, 0x1.62aa4d1a65061p+8, 0x1.6aa72ce89656fp+8, 
0x1.6cea2003ab863p+8, 0x1.5b44bc169c23bp+8, 0x1.54a5d7342edbbp+8, 
0x1.48e2d1f1cfbb9p+8, 0x1.3fe53b6cbd988p+8, 0x1.3c41c0ebedfa4p+8, 
0x1.568efdc9c4da9p+8, 0x1.4eb1cd4ed2cbfp+8, 0x1.44fa06a6e32e4p+8
)), class = "data.frame", row.names = c(NA, -119L))
