structure(list(period_id = c("1995Q1", "1995Q2", "1995Q3", "1995Q4", 
"1996Q1", "1996Q2", "1996Q3", "1996Q4", "1997Q1", "1997Q2", "1997Q3", 
"1997Q4", "1998Q1", "1998Q2", "1998Q3", "1998Q4", "1999Q1", "1999Q2", 
"1999Q3", "1999Q4", "2000Q1", "2000Q2", "2000Q3", "2000Q4", "2001Q1", 
"2001Q2", "2001Q3", "2001Q4", "2002Q1", "2002Q2", "2002Q3", "2002Q4", 
"2003Q1", "2003Q2", "2003Q3", "2003Q4", "2004Q1", "2004Q2", "2004Q3", 
"2004Q4", "2005Q1", "2005Q2", "2005Q3", "2005Q4", "2006Q1", "2006Q2", 
"2006Q3", "2006Q4", "2007Q1", "2007Q2", "2007Q3", "2007Q4", "2008Q1", 
"2008Q2", "2008Q3", "2008Q4", "2009Q1", "2009Q2", "2009Q3", "2009Q4", 
"2010Q1", "2010Q2", "2010Q3", "2010Q4", "2011Q1", "2011Q2", "2011Q3", 
"2011Q4", "2012Q1", "2012Q2", "2012Q3", "2012Q4", "2013Q1", "2013Q2", 
"2013Q3", "2013Q4", "2014Q1", "2014Q2", "2014Q3", "2014Q4", "2015Q1", 
"2015Q2", "2015Q3", "2015Q4", "2016Q1", "2016Q2", "2016Q3", "2016Q4", 
"2017Q1", "2017Q2", "2017Q3", "2017Q4", "2018Q1", "2018Q2", "2018Q3", 
"2018Q4", "2019Q1", "2019Q2", "2019Q3", "2019Q4", "2020Q1", "2020Q2", 
"2020Q3", "2020Q4", "2021Q1", "2021Q2", "2021Q3", "2021Q4", "2022Q1", 
"2022Q2", "2022Q3", "2022Q4", "2023Q1", "2023Q2", "2023Q3", "2023Q4", 
"2024Q1", "2024Q2", "2024Q3", "2024Q4"), value = c(0x1.fa6c8b439581p+6, 
0x1.fde04189374bcp+6, 0x1.0091eb851eb85p+7, 0x1.020624dd2f1aap+7, 
0x1.03b3333333333p+7, 0x1.05a8f5c28f5c3p+7, 0x1.05e76c8b43958p+7, 
0x1.091999999999ap+7, 0x1.0ba5604189375p+7, 0x1.0d8b439581062p+7, 
0x1.0ee353f7ced91p+7, 0x1.0fe04189374bcp+7, 0x1.0df020c49ba5ep+7, 
0x1.0eac083126e98p+7, 0x1.0fcb439581062p+7, 0x1.110083126e979p+7, 
0x1.12d6872b020c5p+7, 0x1.1743126e978d5p+7, 0x1.1883126e978d5p+7, 
0x1.19b126e978d5p+7, 0x1.19ff7ced91687p+7, 0x1.1c66666666666p+7, 
0x1.1dbef9db22d0ep+7, 0x1.1f774bc6a7efap+7, 0x1.20c51eb851eb8p+7, 
0x1.22828f5c28f5cp+7, 0x1.2410e56041893p+7, 0x1.25e04189374bcp+7, 
0x1.27a76c8b43958p+7, 0x1.2947ae147ae14p+7, 0x1.2b5a1cac08312p+7, 
0x1.2d27ef9db22d1p+7, 0x1.2f16872b020c5p+7, 0x1.313126e978d5p+7, 
0x1.32dba5e353f7dp+7, 0x1.3495810624dd3p+7, 0x1.369f3b645a1cbp+7, 
0x1.389604189374cp+7, 0x1.3a50624dd2f1bp+7, 0x1.3c25604189375p+7, 
0x1.3d9604189374cp+7, 0x1.3edfbe76c8b44p+7, 0x1.4050e56041893p+7, 
0x1.41b7ced916873p+7, 0x1.42db22d0e5604p+7, 0x1.43fb645a1cac1p+7, 
0x1.44c6a7ef9db23p+7, 0x1.452b020c49ba6p+7, 0x1.45828f5c28f5cp+7, 
0x1.4620c49ba5e35p+7, 0x1.472a7ef9db22dp+7, 0x1.4866e978d4fdfp+7, 
0x1.4a25e353f7ceep+7, 0x1.4bb1a9fbe76c9p+7, 0x1.4d604189374bcp+7, 
0x1.4f6d0e5604189p+7, 0x1.51420c49ba5e3p+7, 0x1.5333b645a1cacp+7, 
0x1.550f5c28f5c29p+7, 0x1.56e978d4fdf3bp+7, 0x1.591fbe76c8b44p+7, 
0x1.5ad16872b020cp+7, 0x1.5c50e56041893p+7, 0x1.5d74bc6a7ef9ep+7, 
0x1.5d87ae147ae14p+7, 0x1.5e020c49ba5e3p+7, 0x1.5f516872b020cp+7, 
0x1.6077ced916873p+7, 0x1.629d2f1a9fbe7p+7, 0x1.63753f7ced917p+7, 
0x1.6169fbe76c8b4p+7, 0x1.6122d0e560419p+7, 0x1.606e147ae147bp+7, 
0x1.5fef1a9fbe76dp+7, 0x1.5ffae147ae148p+7, 0x1.6073b645a1cacp+7, 
0x1.607ae147ae148p+7, 0x1.6166e978d4fdfp+7, 0x1.61c83126e978dp+7, 
0x1.623ced916872bp+7, 0x1.62e6e978d4fdfp+7, 0x1.638dd2f1a9fbep+7, 
0x1.647df3b645a1dp+7, 0x1.661a1cac08312p+7, 0x1.67dd2f1a9fbe7p+7, 
0x1.6ab4bc6a7ef9ep+7, 0x1.6d374bc6a7efap+7, 0x1.6fd2f1a9fbe77p+7, 
0x1.722c8b439581p+7, 0x1.73e872b020c4ap+7, 0x1.75fc6a7ef9db2p+7, 
0x1.783126e978d5p+7, 0x1.7a8dd2f1a9fbep+7, 0x1.7c89ba5e353f8p+7, 
0x1.7de9fbe76c8b4p+7, 0x1.7fa1cac083127p+7, 0x1.81428f5c28f5cp+7, 
0x1.83147ae147ae1p+7, 0x1.84e6666666666p+7, 0x1.86bdf3b645a1dp+7, 
0x1.8925e353f7ceep+7, 0x1.8a95810624dd3p+7, 0x1.8d7ae147ae148p+7, 
0x1.905e353f7ced9p+7, 0x1.92a6666666666p+7, 0x1.964d4fdf3b646p+7, 
0x1.98d916872b021p+7, 0x1.9b04189374bc7p+7, 0x1.9d2c083126e98p+7, 
0x1.9e570a3d70a3dp+7, 0x1.9fbc6a7ef9db2p+7, 0x1.a1624dd2f1aap+7, 
0x1.a2c7ae147ae14p+7, 0x1.a4ad916872b02p+7, 0x1.a66f1a9fbe76dp+7, 
0x1.a88p+7, 0x1.aa5cac083126fp+7, 0x1.abdf3b645a1cbp+7, 0x1.ad570a3d70a3dp+7, 
0x1.ae428f5c28f5cp+7)), class = "data.frame", row.names = c(NA, 
-120L))
