structure(list(period_id = c("1999Q1", "1999Q2", "1999Q3", "1999Q4", 
"2000Q1", "2000Q2", "2000Q3", "2000Q4", "2001Q1", "2001Q2", "2001Q3", 
"2001Q4", "2002Q1", "2002Q2", "2002Q3", "2002Q4", "2003Q1", "2003Q2", 
"2003Q3", "2003Q4", "2004Q1", "2004Q2", "2004Q3", "2004Q4", "2005Q1", 
"2005Q2", "2005Q3", "2005Q4", "2006Q1", "2006Q2", "2006Q3", "2006Q4", 
"2007Q1", "2007Q2", "2007Q3", "2007Q4", "2008Q1", "2008Q2", "2008Q3", 
"2008Q4", "2009Q1", "2009Q2", "2009Q3", "2009Q4", "2010Q1", "2010Q2", 
"2010Q3", "2010Q4", "2011Q1", "2011Q2", "2011Q3", "2011Q4", "2012Q1", 
"2012Q2", "2012Q3", "2012Q4", "2013Q1", "2013Q2", "2013Q3", "2013Q4", 
"2014Q1", "2014Q2", "2014Q3", "2014Q4", "2015Q1", "2015Q2", "2015Q3", 
"2015Q4", "2016Q1", "2016Q2", "2016Q3", "2016Q4", "2017Q1", "2017Q2", 
"2017Q3", "2017Q4", "2018Q1", "2018Q2", "2018Q3", "2018Q4", "2019Q1", 
"2019Q2", "2019Q3", "2019Q4", "2020Q1", "2020Q2", "2020Q3", "2020Q4", 
"2021Q1", "2021Q2", "2021Q3", "2021Q4", "2022Q1", "2022Q2", "2022Q3", 
"2022Q4", "2023Q1", "2023Q2", "2023Q3", "2023Q4", "2024Q1", "2024Q2", 
"2024Q3"), value = c(0x1.4d7f1ff7164c7p+9, 0x1.70cfedfa43fe6p+9, 
0x1.61e9e12a51e32p+9, 0x1.7bbc2f6a50d6bp+9, 0x1.7b7a3a42f1ed1p+9, 
0x1.9953843c3a42fp+9, 0x1.899e33f85510dp+9, 0x1.9ce5729b280f1p+9, 
0x1.a11308bb90646p+9, 0x1.d32cc332f0175p+9, 0x1.b2a6e831ad213p+9, 
0x1.c9c79c8c9320ep+9, 0x1.da2913e81450fp+9, 0x1.0a6f081c2e33fp+10, 
0x1.e5fd86a098916p+9, 0x1.f01fe6687f456p+9, 0x1.fa094024b33dbp+9, 
0x1.213a4901d1915p+10, 0x1.0946ecb74ddf8p+10, 0x1.0e119fec99f1bp+10, 
0x1.1334212d77319p+10, 0x1.3050645e4e69fp+10, 0x1.196f4f2ae07e6p+10, 
0x1.19933708aac97p+10, 0x1.1fcc29c779a6bp+10, 0x1.3e7042aa9f7b6p+10, 
0x1.2a00bdc69f8c2p+10, 0x1.29de306e5cd4fp+10, 0x1.2d1b4606748e4p+10, 
0x1.4fabf7d30ad47p+10, 0x1.303ed3d4280aep+10, 0x1.3c897aaac1095p+10, 
0x1.3bf01758e2196p+10, 0x1.5e6234efcbd55p+10, 0x1.3aa97160956c1p+10, 
0x1.51724b5568e82p+10, 0x1.5281b71758e22p+10, 0x1.74c6e68a0d34ap+10, 
0x1.5d88456f75d9ap+10, 0x1.85665492ff4bap+10, 0x1.6ff77c4e2f38p+10, 
0x1.9bf785553ef6bp+10, 0x1.7ca4d4cb9ecf6p+10, 0x1.7e941d3ed527ep+10, 
0x1.877ece4ead0c4p+10, 0x1.aa5aee8d10f52p+10, 0x1.85bf0e12e83a1p+10, 
0x1.90a578c868bap+10, 0x1.9bba5e9185ceep+10, 0x1.bf82ccab3edd9p+10, 
0x1.9543714b9cb68p+10, 0x1.97c437a3db3cp+10, 0x1.9a48c2eba27afp+10, 
0x1.9135a8f7db6e5p+10, 0x1.a52908c8259e2p+10, 0x1.8bd8cd9e83e42p+10, 
0x1.995d857f3061cp+10, 0x1.938c7589efd87p+10, 0x1.a3f4f75104d55p+10, 
0x1.8d6aa79fec99fp+10, 0x1.9476b7281fd9cp+10, 0x1.9a2812be48a59p+10, 
0x1.a2c0f3ade226p+10, 0x1.8e4427d45a5fcp+10, 0x1.92c155a3a083ap+10, 
0x1.9ac399029ae4fp+10, 0x1.ae0221c8a7a42p+10, 0x1.91d31476af89cp+10, 
0x1.96848ceb356dap+10, 0x1.98b0d98394749p+10, 0x1.accfc2d6a9c56p+10, 
0x1.952befbf401c5p+10, 0x1.a3d489b0ee49fp+10, 0x1.a23ec942d490ep+10, 
0x1.bacefa871a3b1p+10, 0x1.a53d66490a351p+10, 0x1.aa1518f81e8a3p+10, 
0x1.b0becfaeff5c7p+10, 0x1.d0b5cc5fbf834p+10, 0x1.b4c35eedcc20dp+10, 
0x1.c2dcf11f926c8p+10, 0x1.c6f2554b8bef9p+10, 0x1.e740fc7607c42p+10, 
0x1.ca53dcc20d563p+10, 0x1.e0e40eed02cd4p+10, 0x1.14c137c99ae92p+11, 
0x1.e9f86c7219221p+10, 0x1.fe04894c447c3p+10, 0x1.01f9ecb74ddf8p+11, 
0x1.10eef924af0bfp+11, 0x1.fb3ba0f4d7addp+10, 0x1.0d345a5119cep+11, 
0x1.11c94b1cc9646p+11, 0x1.37f64968943e1p+11, 0x1.14456f672b884p+11, 
0x1.272901d5c3159p+11, 0x1.229e68bc169c2p+11, 0x1.3aca026cc1ca4p+11, 
0x1.22c812b5e529cp+11, 0x1.3e8342f1ed17cp+11, 0x1.3d265694ccab4p+11, 
0x1.5aaea59c065b6p+11, 0x1.4315c2bd7f51fp+11)), class = "data.frame", row.names = c(NA, 
-103L))
