structure(list(period_id = c("1995Q1", "1995Q2", "1995Q3", "1995Q4", 
"1996Q1", "1996Q2", "1996Q3", "1996Q4", "1997Q1", "1997Q2", "1997Q3", 
"1997Q4", "1998Q1", "1998Q2", "1998Q3", "1998Q4", "1999Q1", "1999Q2", 
"1999Q3", "1999Q4", "2000Q1", "2000Q2", "2000Q3", "2000Q4", "2001Q1", 
"2001Q2", "2001Q3", "2001Q4", "2002Q1", "2002Q2", "2002Q3", "2002Q4", 
"2003Q1", "2003Q2", "2003Q3", "2003Q4", "2004Q1", "2004Q2", "2004Q3", 
"2004Q4", "2005Q1", "2005Q2", "2005Q3", "2005Q4", "2006Q1", "2006Q2", 
"2006Q3", "2006Q4", "2007Q1", "2007Q2", "2007Q3", "2007Q4", "2008Q1", 
"2008Q2", "2008Q3", "2008Q4", "2009Q1", "2009Q2", "2009Q3", "2009Q4", 
"2010Q1", "2010Q2", "2010Q3", "2010Q4", "2011Q1", "2011Q2", "2011Q3", 
"2011Q4", "2012Q1", "2012Q2", "2012Q3", "2012Q4", "2013Q1", "2013Q2", 
"2013Q3", "2013Q4", "2014Q1", "2014Q2", "2014Q3", "2014Q4", "2015Q1", 
"2015Q2", "2015Q3", "2015Q4", "2016Q1", "2016Q2", "2016Q3", "2016Q4", 
"2017Q1", "2017Q2", "2017Q3", "2017Q4", "2018Q1", "2018Q2", "2018Q3", 
"2018Q4", "2019Q1", "2019Q2", "2019Q3", "2019Q4", "2020Q1", "2020Q2", 
"2020Q3", "2020Q4", "2021Q1", "2021Q2", "2021Q3", "2021Q4", "2022Q1", 
"2022Q2", "2022Q3", "2022Q4", "2023Q1", "2023Q2", "2023Q3", "2023Q4", 
"2024Q1", "2024Q2", "2024Q3", "2024Q4", "2025Q1"), value = c(0x1.864e3c536d656p+6, 
0x1.8dff02c4d65e4p+6, 0x1.9868650e7792p+6, 0x1.a939845dc8323p+6, 
0x1.aa71fddebd902p+6, 0x1.b58740c4156e2p+6, 0x1.bd9963992c8c5p+6, 
0x1.b67225fa658c5p+6, 0x1.ee56f9335d24ap+6, 0x1.f47fc6da44849p+6, 
0x1.fe72f48c2e771p+6, 0x1.0175f3f961805p+7, 0x1.06e54c985f06fp+7, 
0x1.077fdf19d66aep+7, 0x1.0b7a15336deb9p+7, 0x1.0d126d698fe69p+7, 
0x1.f37845dc83233p+6, 0x1.f26baf102363bp+6, 0x1.fc90c1b97353bp+6, 
0x1.fb2aa4b9884c7p+6, 0x1.1af4e032db1eap+7, 0x1.15ad66490a351p+7, 
0x1.1bc5c0fcb4f1ep+7, 0x1.165179e16d6dcp+7, 0x1.03938e8ea39c5p+7, 
0x1.2179c1d6cf851p+7, 0x1.2270e3ac0c62ep+7, 0x1.2ebfc4199fe43p+7, 
0x1.4f0718eb89507p+7, 0x1.42b5fefbf401cp+7, 0x1.4c6887ebf22cp+7, 
0x1.676833c60029fp+7, 0x1.0db2e9899bf59p+7, 0x1.16fac2bd7f51fp+7, 
0x1.1b1cc37e6f71ap+7, 0x1.26070ed3d859dp+7, 0x1.345b137b07076p+7, 
0x1.451a3d9231c65p+7, 0x1.4d6d4f5903a75p+7, 0x1.6073c0c1fc8f3p+7, 
0x1.2f028b6d86ec1p+7, 0x1.74d5cf2495e18p+7, 0x1.7ec606748e475p+7, 
0x1.55e346bacf744p+7, 0x1.3e3c3f5f91601p+7, 0x1.406027525460bp+7, 
0x1.4d8aacfb762d8p+7, 0x1.55a7bb2fec56dp+7, 0x1.52d564f97edc8p+7, 
0x1.89c6785b5b707p+7, 0x1.480097204295ap+7, 0x1.69123a6ce3583p+7, 
0x1.64049c2c1b11p+7, 0x1.561a3b7952d23p+7, 0x1.3bad0efdc9c4ep+7, 
0x1.3a8581adea897p+7, 0x1.353320d9945b7p+7, 0x1.39d1dffc5479dp+7, 
0x1.42fd968512232p+7, 0x1.3fe0574b40703p+7, 0x1.1401741d084e8p+7, 
0x1.5165d851654d6p+7, 0x1.5ae6bb341e14cp+7, 0x1.5fccdf8b15726p+7, 
0x1.6e92d6238da3cp+7, 0x1.752cb1cc96463p+7, 0x1.750fe8ccdd93cp+7, 
0x1.833f401c4fc1ep+7, 0x1.5429e96c3fc44p+7, 0x1.4bec5e9185ceep+7, 
0x1.4890d8665e02fp+7, 0x1.3866601bc98a2p+7, 0x1.33c9198aeb80fp+7, 
0x1.500b10342aa9fp+7, 0x1.52394ea077037p+7, 0x1.4eadd1a21ea36p+7, 
0x1.75918cc144029p+7, 0x1.5df266dbd72bdp+7, 0x1.464daa2e3c537p+7, 
0x1.35f14141e9af6p+7, 0x1.6d0563a9f383fp+7, 0x1.83af2239e6abap+7, 
0x1.83a1a671ef30ap+7, 0x1.7808effe2a3cfp+7, 0x1.7b9c579f23465p+7, 
0x1.67128e92d55a4p+7, 0x1.646f202107b78p+7, 0x1.83c70a1be2b49p+7, 
0x1.5fa3866e43aa8p+7, 0x1.5c2ab990afe61p+7, 0x1.6f3a528ae74f3p+7, 
0x1.7852d3415b142p+7, 0x1.b70118a009f62p+7, 0x1.da3a0d77b7c78p+7, 
0x1.c4aa81dc0db27p+7, 0x1.b8db005814941p+7, 0x1.8c327aa68f4b6p+7, 
0x1.a29714fce746dp+7, 0x1.b3b7e6d58c8efp+7, 0x1.c3cf112fd32c6p+7, 
0x1.d78872b020c4ap+7, 0x1.c3583ab862b28p+7, 0x1.a7ac020817fc7p+7, 
0x1.ad6a37ef5a965p+7, 0x1.5ab3302f72b45p+7, 0x1.6abb84988094ep+7, 
0x1.a72bd640e9d52p+7, 0x1.b4cb68ad68837p+7, 0x1.a90e7dbb16c1ep+7, 
0x1.d2a8d2806af47p+7, 0x1.04ffb97bb7308p+8, 0x1.080658a32f449p+8, 
0x1.e0e86e7e62dc7p+7, 0x1.d6601adea8976p+7, 0x1.dc54cb3a2595cp+7, 
0x1.02970079a2835p+8, 0x1.07b3d77fae361p+8, 0x1.e2c4abe6a337bp+7, 
0x1.eb2b2bdc26dcep+7, 0x1.f718c692f6e83p+7, 0x1.0f8e9ccb7d417p+8
)), class = "data.frame", row.names = c(NA, -121L))
