structure(list(period_id = c("1995Q1", "1995Q2", "1995Q3", "1995Q4", 
"1996Q1", "1996Q2", "1996Q3", "1996Q4", "1997Q1", "1997Q2", "1997Q3", 
"1997Q4", "1998Q1", "1998Q2", "1998Q3", "1998Q4", "1999Q1", "1999Q2", 
"1999Q3", "1999Q4", "2000Q1", "2000Q2", "2000Q3", "2000Q4", "2001Q1", 
"2001Q2", "2001Q3", "2001Q4", "2002Q1", "2002Q2", "2002Q3", "2002Q4", 
"2003Q1", "2003Q2", "2003Q3", "2003Q4", "2004Q1", "2004Q2", "2004Q3", 
"2004Q4", "2005Q1", "2005Q2", "2005Q3", "2005Q4", "2006Q1", "2006Q2", 
"2006Q3", "2006Q4", "2007Q1", "2007Q2", "2007Q3", "2007Q4", "2008Q1", 
"2008Q2", "2008Q3", "2008Q4", "2009Q1", "2009Q2", "2009Q3", "2009Q4", 
"2010Q1", "2010Q2", "2010Q3", "2010Q4", "2011Q1", "2011Q2", "2011Q3", 
"2011Q4", "2012Q1", "2012Q2", "2012Q3", "2012Q4", "2013Q1", "2013Q2", 
"2013Q3", "2013Q4", "2014Q1", "2014Q2", "2014Q3", "2014Q4", "2015Q1", 
"2015Q2", "2015Q3", "2015Q4", "2016Q1", "2016Q2", "2016Q3", "2016Q4", 
"2017Q1", "2017Q2", "2017Q3", "2017Q4", "2018Q1", "2018Q2", "2018Q3", 
"2018Q4", "2019Q1", "2019Q2", "2019Q3", "2019Q4", "2020Q1", "2020Q2", 
"2020Q3", "2020Q4", "2021Q1", "2021Q2", "2021Q3", "2021Q4", "2022Q1", 
"2022Q2", "2022Q3", "2022Q4", "2023Q1", "2023Q2", "2023Q3", "2023Q4", 
"2024Q1", "2024Q2", "2024Q3", "2024Q4", "2025Q1"), value = c(0x1.578a8p+18, 
0x1.589e8p+18, 0x1.57e78p+18, 0x1.5adf8p+18, 0x1.5da739999999ap+18, 
0x1.5e3ca66666666p+18, 0x1.5eedf9999999ap+18, 0x1.5db8d33333333p+18, 
0x1.5ebb066666666p+18, 0x1.64482cccccccdp+18, 0x1.65f2f9999999ap+18, 
0x1.6b3fb9999999ap+18, 0x1.6969ecccccccdp+18, 0x1.6b9599999999ap+18, 
0x1.6bdd19999999ap+18, 0x1.6ab94p+18, 0x1.6c790cccccccdp+18, 
0x1.6de3ecccccccdp+18, 0x1.71b2266666666p+18, 0x1.772b79999999ap+18, 
0x1.7bc72cccccccdp+18, 0x1.7e47ccccccccdp+18, 0x1.81bcb33333333p+18, 
0x1.8579866666666p+18, 0x1.888a133333333p+18, 0x1.8846f33333333p+18, 
0x1.86c4333333333p+18, 0x1.863399999999ap+18, 0x1.86b059999999ap+18, 
0x1.87c4d9999999ap+18, 0x1.8873c66666666p+18, 0x1.8ab8933333333p+18, 
0x1.89122cccccccdp+18, 0x1.8860ccccccccdp+18, 0x1.876ad33333333p+18, 
0x1.8b188cccccccdp+18, 0x1.8cbfp+18, 0x1.8dc359999999ap+18, 0x1.8e0b866666666p+18, 
0x1.8f11466666666p+18, 0x1.8e580cccccccdp+18, 0x1.91c7866666666p+18, 
0x1.93ea133333333p+18, 0x1.95cc39999999ap+18, 0x1.96dbep+18, 
0x1.985d39999999ap+18, 0x1.99a6466666666p+18, 0x1.9f70266666666p+18, 
0x1.9e92133333333p+18, 0x1.9fc5133333333p+18, 0x1.9fe8b9999999ap+18, 
0x1.9f084p+18, 0x1.a349f33333333p+18, 0x1.9f5e866666666p+18, 
0x1.9930a66666666p+18, 0x1.8fcc8p+18, 0x1.8605p+18, 0x1.83bd266666666p+18, 
0x1.84b5ap+18, 0x1.85ae066666666p+18, 0x1.8783ep+18, 0x1.8a05533333333p+18, 
0x1.8b160cccccccdp+18, 0x1.8e8ap+18, 0x1.908b8p+18, 0x1.8fca333333333p+18, 
0x1.8e13066666666p+18, 0x1.8a428cccccccdp+18, 0x1.85c2p+18, 0x1.82cd79999999ap+18, 
0x1.802299999999ap+18, 0x1.7d6b666666666p+18, 0x1.79f879999999ap+18, 
0x1.79f32cccccccdp+18, 0x1.7b2dc66666666p+18, 0x1.7add19999999ap+18, 
0x1.7ab299999999ap+18, 0x1.7ae1666666666p+18, 0x1.7af6733333333p+18, 
0x1.7a91d9999999ap+18, 0x1.7be639999999ap+18, 0x1.7d65533333333p+18, 
0x1.7d8af33333333p+18, 0x1.7f91066666666p+18, 0x1.803e79999999ap+18, 
0x1.814c2p+18, 0x1.8408733333333p+18, 0x1.858059999999ap+18, 
0x1.873e8cccccccdp+18, 0x1.88c34p+18, 0x1.896eacccccccdp+18, 
0x1.8bc799999999ap+18, 0x1.8b14866666666p+18, 0x1.8be58p+18, 
0x1.8be179999999ap+18, 0x1.8d0ef9999999ap+18, 0x1.8dea0cccccccdp+18, 
0x1.8f0359999999ap+18, 0x1.8d8959999999ap+18, 0x1.8c0ed9999999ap+18, 
0x1.750579999999ap+18, 0x1.47094cccccccdp+18, 0x1.7627d9999999ap+18, 
0x1.75ed133333333p+18, 0x1.7c95acccccccdp+18, 0x1.85d62cccccccdp+18, 
0x1.8f890cccccccdp+18, 0x1.95bd066666666p+18, 0x1.98a3c66666666p+18, 
0x1.9e89p+18, 0x1.9fae2cccccccdp+18, 0x1.9f3a0cccccccdp+18, 0x1.a126533333333p+18, 
0x1.a03d59999999ap+18, 0x1.a0a08cccccccdp+18, 0x1.a18859999999ap+18, 
0x1.a23ecp+18, 0x1.a319533333333p+18, 0x1.a313b33333333p+18, 
0x1.a3caep+18, 0x1.a4e1ecccccccdp+18)), class = "data.frame", row.names = c(NA, 
-121L))
