structure(list(period_id = c("1995Q1", "1995Q2", "1995Q3", "1995Q4", 
"1996Q1", "1996Q2", "1996Q3", "1996Q4", "1997Q1", "1997Q2", "1997Q3", 
"1997Q4", "1998Q1", "1998Q2", "1998Q3", "1998Q4", "1999Q1", "1999Q2", 
"1999Q3", "1999Q4", "2000Q1", "2000Q2", "2000Q3", "2000Q4", "2001Q1", 
"2001Q2", "2001Q3", "2001Q4", "2002Q1", "2002Q2", "2002Q3", "2002Q4", 
"2003Q1", "2003Q2", "2003Q3", "2003Q4", "2004Q1", "2004Q2", "2004Q3", 
"2004Q4", "2005Q1", "2005Q2", "2005Q3", "2005Q4", "2006Q1", "2006Q2", 
"2006Q3", "2006Q4", "2007Q1", "2007Q2", "2007Q3", "2007Q4", "2008Q1", 
"2008Q2", "2008Q3", "2008Q4", "2009Q1", "2009Q2", "2009Q3", "2009Q4", 
"2010Q1", "2010Q2", "2010Q3", "2010Q4", "2011Q1", "2011Q2", "2011Q3", 
"2011Q4", "2012Q1", "2012Q2", "2012Q3", "2012Q4", "2013Q1", "2013Q2", 
"2013Q3", "2013Q4", "2014Q1", "2014Q2", "2014Q3", "2014Q4", "2015Q1", 
"2015Q2", "2015Q3", "2015Q4", "2016Q1", "2016Q2", "2016Q3", "2016Q4", 
"2017Q1", "2017Q2", "2017Q3", "2017Q4", "2018Q1", "2018Q2", "2018Q3", 
"2018Q4", "2019Q1", "2019Q2", "2019Q3", "2019Q4", "2020Q1", "2020Q2", 
"2020Q3", "2020Q4", "2021Q1", "2021Q2", "2021Q3", "2021Q4", "2022Q1", 
"2022Q2", "2022Q3", "2022Q4", "2023Q1", "2023Q2", "2023Q3", "2023Q4", 
"2024Q1", "2024Q2", "2024Q3", "2024Q4", "2025Q1"), value = c(0x1.e3154b8bef8cfp+4, 
0x1.f4e9dc725c3dfp+4, 0x1.03b11d798d8a9p+5, 0x1.0c76b11c6d1e1p+5, 
0x1.13a0ab7132724p+5, 0x1.188d25edd0529p+5, 0x1.1ae2f61ed5ae2p+5, 
0x1.20c938de6ddfp+5, 0x1.2a7a47a9e2bdp+5, 0x1.2eaba27ae9ab3p+5, 
0x1.35ae0c1765775p+5, 0x1.3aa74080f98fap+5, 0x1.3e5675ddd2ae9p+5, 
0x1.43a90c4dec1c2p+5, 0x1.48fd4bf0995abp+5, 0x1.539fd2e946801p+5, 
0x1.58bc92ddbdb5ep+5, 0x1.651dde37585bep+5, 0x1.70a3af31b152fp+5, 
0x1.6f87f993d5348p+5, 0x1.76b0d9d7774acp+5, 0x1.822e75ff609ddp+5, 
0x1.893441355475ap+5, 0x1.91368b5cbff47p+5, 0x1.6031bf7ad4b27p+5, 
0x1.5fdef1fddebd9p+5, 0x1.64c2c4502689p+5, 0x1.7a69c12f09d8cp+5, 
0x1.8fdc714fce747p+5, 0x1.9d13868fd199cp+5, 0x1.b0169fcf3dc05p+5, 
0x1.b911348b22079p+5, 0x1.c2e7f23cc8de3p+5, 0x1.d1d1a65061416p+5, 
0x1.de3381d7dbf48p+5, 0x1.e6e038194c016p+5, 0x1.fdac2acb85a4fp+5, 
0x1.07b0389f83be6p+6, 0x1.0d42a30553261p+6, 0x1.efccfe9b7bf1fp+5, 
0x1.eab031055b899p+5, 0x1.e92b8f9b13166p+5, 0x1.f44a27f1b6912p+5, 
0x1.01a76f2a5a46ap+6, 0x1.ddf22b7baecdp+5, 0x1.0355ce9e5e248p+6, 
0x1.0847c200c0f02p+6, 0x1.0ab9b23dd54dap+6, 0x1.0bcde2ef4e011p+6, 
0x1.118b81733226cp+6, 0x1.14df8f4730404p+6, 0x1.1e9f9d2bf5515p+6, 
0x1.2d4b068123811p+6, 0x1.37e61cffeb075p+6, 0x1.3cd7dd4413554p+6, 
0x1.3c2132f87ad08p+6, 0x1.3cd11b60ae968p+6, 0x1.43657afea3df7p+6, 
0x1.4c5f94c87980fp+6, 0x1.4f714b9cb6849p+6, 0x1.53ff62b6ae7d5p+6, 
0x1.600ad9ad85dfbp+6, 0x1.65285a4f00ef1p+6, 0x1.6f2be7afa7222p+6, 
0x1.6f6226809d495p+6, 0x1.6a7157689ca19p+6, 0x1.5e132f01754bp+6, 
0x1.5e41cb039ef0fp+6, 0x1.5565c70435efap+6, 0x1.49d2ce89656efp+6, 
0x1.4e854b8bef8cfp+6, 0x1.43eb906466b1ep+6, 0x1.4b44330d73861p+6, 
0x1.4f3cbd1244a62p+6, 0x1.4f9352220bc38p+6, 0x1.57b34e3369b9dp+6, 
0x1.580929aa1d756p+6, 0x1.5b50f776c4828p+6, 0x1.5eb03b3e9a6f8p+6, 
0x1.5c755e28aa433p+6, 0x1.53cc94f69ca9fp+6, 0x1.5567442c7fbadp+6, 
0x1.5331e9f277814p+6, 0x1.566c5004fb118p+6, 0x1.5dbfda4052d66p+6, 
0x1.657fe0ce0b913p+6, 0x1.688059a73b42dp+6, 0x1.706817763e4acp+6, 
0x1.709e297396d09p+6, 0x1.76486ec17ebafp+6, 0x1.7abd0c804103p+6, 
0x1.7f8bb3c81908ep+6, 0x1.8ace32e3821afp+6, 0x1.8d48ede54b48dp+6, 
0x1.97a1919ac797p+6, 0x1.9e2e95b78cc9ap+6, 0x1.9f7569b17481bp+6, 
0x1.aac9ae924f228p+6, 0x1.aeae1e2de8709p+6, 0x1.c00b8e086bdf5p+6, 
0x1.83d2d77318fc5p+6, 0x1.9122b3461309cp+6, 0x1.acecd5b6805a3p+6, 
0x1.b35e086bdf4c3p+6, 0x1.a1c1904b3c3e7p+6, 0x1.e2ac2938de6dep+6, 
0x1.f734dd2f1a9fcp+6, 0x1.125845fe11127p+7, 0x1.28c450ce4ead1p+7, 
0x1.36cdc981beb18p+7, 0x1.42f44da9003efp+7, 0x1.485bec892ab69p+7, 
0x1.4b6e1c15097c8p+7, 0x1.51913f077cccp+7, 0x1.55324e7ab7564p+7, 
0x1.5c111dffc547ap+7, 0x1.6163b1290257dp+7, 0x1.63df8f041461bp+7, 
0x1.6a5d696e58a33p+7, 0x1.6d1a0e1f7d73dp+7, 0x1.734a89dadfb5p+7
)), class = "data.frame", row.names = c(NA, -121L))
