structure(list(period_id = c("1995Q1", "1995Q2", "1995Q3", "1995Q4", 
"1996Q1", "1996Q2", "1996Q3", "1996Q4", "1997Q1", "1997Q2", "1997Q3", 
"1997Q4", "1998Q1", "1998Q2", "1998Q3", "1998Q4", "1999Q1", "1999Q2", 
"1999Q3", "1999Q4", "2000Q1", "2000Q2", "2000Q3", "2000Q4", "2001Q1", 
"2001Q2", "2001Q3", "2001Q4", "2002Q1", "2002Q2", "2002Q3", "2002Q4", 
"2003Q1", "2003Q2", "2003Q3", "2003Q4", "2004Q1", "2004Q2", "2004Q3", 
"2004Q4", "2005Q1", "2005Q2", "2005Q3", "2005Q4", "2006Q1", "2006Q2", 
"2006Q3", "2006Q4", "2007Q1", "2007Q2", "2007Q3", "2007Q4", "2008Q1", 
"2008Q2", "2008Q3", "2008Q4", "2009Q1", "2009Q2", "2009Q3", "2009Q4", 
"2010Q1", "2010Q2", "2010Q3", "2010Q4", "2011Q1", "2011Q2", "2011Q3", 
"2011Q4", "2012Q1", "2012Q2", "2012Q3", "2012Q4", "2013Q1", "2013Q2", 
"2013Q3", "2013Q4", "2014Q1", "2014Q2", "2014Q3", "2014Q4", "2015Q1", 
"2015Q2", "2015Q3", "2015Q4", "2016Q1", "2016Q2", "2016Q3", "2016Q4", 
"2017Q1", "2017Q2", "2017Q3", "2017Q4", "2018Q1", "2018Q2", "2018Q3", 
"2018Q4", "2019Q1", "2019Q2", "2019Q3", "2019Q4", "2020Q1", "2020Q2", 
"2020Q3", "2020Q4", "2021Q1", "2021Q2", "2021Q3", "2021Q4", "2022Q1", 
"2022Q2", "2022Q3", "2022Q4", "2023Q1", "2023Q2", "2023Q3", "2023Q4", 
"2024Q1", "2024Q2", "2024Q3"), value = c(0x1.d1583126e978dp+9, 
0x1.cebf3b645a1cbp+9, 0x1.cbb16872b020cp+9, 0x1.c9047ae147ae1p+9, 
0x1.c6c189374bc6ap+9, 0x1.c5124dd2f1aap+9, 0x1.c271cac083127p+9, 
0x1.c158b43958106p+9, 0x1.baf78d4fdf3b6p+9, 0x1.bb095810624ddp+9, 
0x1.bcb3333333333p+9, 0x1.bc7b22d0e5604p+9, 0x1.bb76c8b439581p+9, 
0x1.bb63f7ced9168p+9, 0x1.bb5e353f7ced9p+9, 0x1.bc23126e978d5p+9, 
0x1.bf27ced916873p+9, 0x1.c10c083126e98p+9, 0x1.c2ac49ba5e354p+9, 
0x1.c4ef9db22d0e5p+9, 0x1.c66810624dd2fp+9, 0x1.c864fdf3b645ap+9, 
0x1.ca68b43958106p+9, 0x1.cb6eb851eb852p+9, 0x1.cc0dd2f1a9fbep+9, 
0x1.cc278d4fdf3b6p+9, 0x1.cc0d2f1a9fbe7p+9, 0x1.cb35604189375p+9, 
0x1.d2d78d4fdf3b6p+9, 0x1.d265810624dd3p+9, 0x1.d1fbe76c8b439p+9, 
0x1.d225c28f5c28fp+9, 0x1.d1276c8b43958p+9, 0x1.d0e53f7ced917p+9, 
0x1.d0670a3d70a3dp+9, 0x1.d01be76c8b439p+9, 0x1.d21d4fdf3b646p+9, 
0x1.d25f1a9fbe76dp+9, 0x1.d3b4dd2f1a9fcp+9, 0x1.d3b604189374cp+9, 
0x1.d10b439581062p+9, 0x1.d1674bc6a7efap+9, 0x1.d0dc28f5c28f6p+9, 
0x1.d1e5a1cac0831p+9, 0x1.d48df3b645a1dp+9, 0x1.d6895810624ddp+9, 
0x1.d95916872b021p+9, 0x1.dcf22d0e56042p+9, 0x1.e1aa7ef9db22dp+9, 
0x1.e5c395810624ep+9, 0x1.ea3df3b645a1dp+9, 0x1.ed9b22d0e5604p+9, 
0x1.f0c9db22d0e56p+9, 0x1.f44126e978d5p+9, 0x1.f5d083126e979p+9, 
0x1.f5dae147ae148p+9, 0x1.f295a1cac0831p+9, 0x1.ee15c28f5c28fp+9, 
0x1.ea7020c49ba5ep+9, 0x1.e731cac083127p+9, 0x1.e568f5c28f5c3p+9, 
0x1.e2c2f1a9fbe77p+9, 0x1.e0b70a3d70a3dp+9, 0x1.de0e978d4fdf4p+9, 
0x1.db3e353f7ced9p+9, 0x1.d9ed916872b02p+9, 0x1.d9776c8b43958p+9, 
0x1.d7de353f7ced9p+9, 0x1.d8f3d70a3d70ap+9, 0x1.d70c28f5c28f6p+9, 
0x1.d3e0c49ba5e35p+9, 0x1.d11ae147ae148p+9, 0x1.d0383126e978dp+9, 
0x1.cf3b851eb851fp+9, 0x1.cf7bc6a7ef9dbp+9, 0x1.d0dbe76c8b439p+9, 
0x1.cf6d70a3d70a4p+9, 0x1.d1572b020c49cp+9, 0x1.d1da7ef9db22dp+9, 
0x1.d510a3d70a3d7p+9, 0x1.d5fdf3b645a1dp+9, 0x1.d6d3333333333p+9, 
0x1.d9126e978d4fep+9, 0x1.da48d4fdf3b64p+9, 0x1.db8604189374cp+9, 
0x1.df67ae147ae14p+9, 0x1.e279ba5e353f8p+9, 0x1.e5d353f7ced91p+9, 
0x1.e8d5810624dd3p+9, 0x1.ed070a3d70a3dp+9, 0x1.f0f2b020c49bap+9, 
0x1.f45ed916872bp+9, 0x1.f9549ba5e353fp+9, 0x1.fcacccccccccdp+9, 
0x1.ffa2d0e560419p+9, 0x1.021b851eb851fp+10, 0x1.040374bc6a7fp+10, 
0x1.050624dd2f1aap+10, 0x1.064a9fbe76c8bp+10, 0x1.065e76c8b4396p+10, 
0x1.06ac5a1cac083p+10, 0x1.022883126e979p+10, 0x1.023c7ae147ae1p+10, 
0x1.036f9db22d0e5p+10, 0x1.040a5e353f7cfp+10, 0x1.05f3a5e353f7dp+10, 
0x1.0813439581062p+10, 0x1.09e4ed916872bp+10, 0x1.0cbf5c28f5c29p+10, 
0x1.0e00f5c28f5c3p+10, 0x1.0f3de353f7ceep+10, 0x1.106d916872b02p+10, 
0x1.120f9db22d0e5p+10, 0x1.12ae24dd2f1aap+10, 0x1.135de353f7ceep+10, 
0x1.14028f5c28f5cp+10, 0x1.138b126e978d5p+10, 0x1.135322d0e5604p+10, 
0x1.13222d0e56042p+10)), class = "data.frame", row.names = c(NA, 
-119L))
