structure(list(period_id = c("2008Q1", "2008Q2", "2008Q3", "2008Q4", 
"2009Q1", "2009Q2", "2009Q3", "2009Q4", "2010Q1", "2010Q2", "2010Q3", 
"2010Q4", "2011Q1", "2011Q2", "2011Q3", "2011Q4", "2012Q1", "2012Q2", 
"2012Q3", "2012Q4", "2013Q1", "2013Q2", "2013Q3", "2013Q4", "2014Q1", 
"2014Q2", "2014Q3", "2014Q4", "2015Q1", "2015Q2", "2015Q3", "2015Q4", 
"2016Q1", "2016Q2", "2016Q3", "2016Q4", "2017Q1", "2017Q2", "2017Q3", 
"2017Q4", "2018Q1", "2018Q2", "2018Q3", "2018Q4", "2019Q1", "2019Q2", 
"2019Q3", "2019Q4", "2020Q1", "2020Q2", "2020Q3", "2020Q4", "2021Q1", 
"2021Q2", "2021Q3", "2021Q4", "2022Q1", "2022Q2", "2022Q3", "2022Q4", 
"2023Q1", "2023Q2", "2023Q3", "2023Q4", "2024Q1", "2024Q2", "2024Q3", 
"2024Q4"), value = c(0x1.5fp+9, 0x1.5d8p+9, 0x1.608p+9, 0x1.62p+9, 
0x1.5ap+9, 0x1.5bp+9, 0x1.598p+9, 0x1.61p+9, 0x1.5c8p+9, 0x1.5f8p+9, 
0x1.598p+9, 0x1.5e8p+9, 0x1.5d8p+9, 0x1.5c8p+9, 0x1.59p+9, 0x1.59p+9, 
0x1.5bp+9, 0x1.5c8p+9, 0x1.5b8p+9, 0x1.5cp+9, 0x1.59p+9, 0x1.568p+9, 
0x1.57p+9, 0x1.56p+9, 0x1.58p+9, 0x1.55p+9, 0x1.528p+9, 0x1.5p+9, 
0x1.4f8p+9, 0x1.538p+9, 0x1.52p+9, 0x1.4fp+9, 0x1.4a8p+9, 0x1.4e8p+9, 
0x1.4ap+9, 0x1.4dp+9, 0x1.4c8p+9, 0x1.498p+9, 0x1.4b8p+9, 0x1.4d8p+9, 
0x1.488p+9, 0x1.458p+9, 0x1.488p+9, 0x1.4b8p+9, 0x1.4b8p+9, 0x1.4bp+9, 
0x1.498p+9, 0x1.4a8p+9, 0x1.4dp+9, 0x1.478p+9, 0x1.498p+9, 0x1.4a8p+9, 
0x1.378p+9, 0x1.3f8p+9, 0x1.4p+9, 0x1.3e8p+9, 0x1.3d8p+9, 0x1.3cp+9, 
0x1.3a8p+9, 0x1.3b8p+9, 0x1.38p+9, 0x1.3bp+9, 0x1.398p+9, 0x1.3bp+9, 
0x1.3c8p+9, 0x1.3cp+9, 0x1.37p+9, 0x1.3a8p+9)), class = "data.frame", row.names = c(NA, 
-68L))
