structure(list(period_id = c("1999Q1", "1999Q2", "1999Q3", "1999Q4", 
"2000Q1", "2000Q2", "2000Q3", "2000Q4", "2001Q1", "2001Q2", "2001Q3", 
"2001Q4", "2002Q1", "2002Q2", "2002Q3", "2002Q4", "2003Q1", "2003Q2", 
"2003Q3", "2003Q4", "2004Q1", "2004Q2", "2004Q3", "2004Q4", "2005Q1", 
"2005Q2", "2005Q3", "2005Q4", "2006Q1", "2006Q2", "2006Q3", "2006Q4", 
"2007Q1", "2007Q2", "2007Q3", "2007Q4", "2008Q1", "2008Q2", "2008Q3", 
"2008Q4", "2009Q1", "2009Q2", "2009Q3", "2009Q4", "2010Q1", "2010Q2", 
"2010Q3", "2010Q4", "2011Q1", "2011Q2", "2011Q3", "2011Q4", "2012Q1", 
"2012Q2", "2012Q3", "2012Q4", "2013Q1", "2013Q2", "2013Q3", "2013Q4", 
"2014Q1", "2014Q2", "2014Q3", "2014Q4", "2015Q1", "2015Q2", "2015Q3", 
"2015Q4", "2016Q1", "2016Q2", "2016Q3", "2016Q4", "2017Q1", "2017Q2", 
"2017Q3", "2017Q4", "2018Q1", "2018Q2", "2018Q3", "2018Q4", "2019Q1", 
"2019Q2", "2019Q3", "2019Q4", "2020Q1", "2020Q2", "2020Q3", "2020Q4", 
"2021Q1", "2021Q2", "2021Q3", "2021Q4", "2022Q1", "2022Q2", "2022Q3", 
"2022Q4", "2023Q1", "2023Q2", "2023Q3", "2023Q4", "2024Q1", "2024Q2", 
"2024Q3", "2024Q4", "2025Q1"), value = c(0x1.cd92aa00192a7p+10, 
0x1.fc9be7e1fc09p+10, 0x1.f24d332acfb76p+10, 0x1.154921fafc8bp+11, 
0x1.0209d718eb895p+11, 0x1.16ceb7fe08afp+11, 0x1.14c74c6822ff1p+11, 
0x1.31d9b226c3b92p+11, 0x1.3685b5eb7457cp+11, 0x1.3efddb3397ddp+11, 
0x1.39cdf72f76e61p+11, 0x1.5750fbd8be729p+11, 0x1.4421008e9b38dp+11, 
0x1.5fe01d92b7fe1p+11, 0x1.53cca5c3dee78p+11, 0x1.7679ac1d29dc7p+11, 
0x1.64c35e37585bep+11, 0x1.7dc9a3e5b8562p+11, 0x1.71bb95208e15p+11, 
0x1.90e6754d1e96cp+11, 0x1.7af0e07a28bb1p+11, 0x1.94436f672b884p+11, 
0x1.9074b79746024p+11, 0x1.a864766c6de76p+11, 0x1.8e4d1bf7ad4b2p+11, 
0x1.ac3be7967caeap+11, 0x1.9fd828ed5f139p+11, 0x1.bb3e12ab68cefp+11, 
0x1.a26cbfceb7889p+11, 0x1.c89a9455219a8p+11, 0x1.b996b10fd7e46p+11, 
0x1.d749eaec0724bp+11, 0x1.ba68e512a94ffp+11, 0x1.e562834d26fa4p+11, 
0x1.d25d6db50f40ep+11, 0x1.f8fa1437c5693p+11, 0x1.eb2273929ed39p+11, 
0x1.0d68a04e1e71p+12, 0x1.085fbc68661aep+12, 0x1.1e5b4cab3edd9p+12, 
0x1.0db4116fc9bc7p+12, 0x1.1c53a1da7b0b4p+12, 0x1.11d31eacc9214p+12, 
0x1.23d6b211cb03ap+12, 0x1.0f881f85d744fp+12, 0x1.27a581919ac79p+12, 
0x1.1a75ba95c853cp+12, 0x1.253fb85f8d2e5p+12, 0x1.2739b121ab4b7p+12, 
0x1.310eddde37586p+12, 0x1.1d543877ab325p+12, 0x1.2843192967019p+12, 
0x1.15740d2f5dbbap+12, 0x1.177a915f02c4dp+12, 0x1.1afdaac860568p+12, 
0x1.1b25f71865519p+12, 0x1.2b3af73affb05p+12, 0x1.20057c72e275bp+12, 
0x1.1f61f8726d04ep+12, 0x1.a9ad59c38b04bp+12, 0x1.15cce788db057p+12, 
0x1.24e10dae3e6c5p+12, 0x1.23a0d9b8023a7p+12, 0x1.3b594c9539b89p+12, 
0x1.18fe7985271bdp+12, 0x1.29ae289a88acep+12, 0x1.2a728029f16b1p+12, 
0x1.39a6aa6c1a049p+12, 0x1.1ab9c4ea4a8c1p+12, 0x1.261f3662fdfc2p+12, 
0x1.252881ebc83a9p+12, 0x1.2f1c661e0c5a8p+12, 0x1.1f36129cbab65p+12, 
0x1.273c8435efa61p+12, 0x1.2a91f121ab4b7p+12, 0x1.3373d4317acc5p+12, 
0x1.2a8d732ce8965p+12, 0x1.37556ef911cf3p+12, 0x1.3c03b1bde82d8p+12, 
0x1.45fc2f2c73259p+12, 0x1.3af7b826edaa9p+12, 0x1.450a9355475a3p+12, 
0x1.4a21537d1fe65p+12, 0x1.5b9cc6b26bf87p+12, 0x1.567eb98d8a97ap+12, 
0x1.97d4b25d4a5dfp+12, 0x1.616c92b7fe08bp+12, 0x1.9957296f6512bp+12, 
0x1.85cb9454152b1p+12, 0x1.a39149e8815e4p+12, 0x1.86ee14ac29bf1p+12, 
0x1.a5ef46d71f362p+12, 0x1.86b166d698fe7p+12, 0x1.b29de66fd651bp+12, 
0x1.9b5fb3882278dp+12, 0x1.ca4dbecfe9b7cp+12, 0x1.ae2839cf9a06ap+12, 
0x1.cf499adc8fb87p+12, 0x1.c958e2b4959e6p+12, 0x1.fbfbc83fd5022p+12, 
0x1.c1be19ac79703p+12, 0x1.f4e163886594bp+12, 0x1.e83c73b752114p+12, 
0x1.038e2fa05143cp+13, 0x1.f32df8bbd3804p+12)), class = "data.frame", row.names = c(NA, 
-105L))
