structure(list(period_id = c("1998M01", "1998M02", "1998M03", 
"1998M04", "1998M05", "1998M06", "1998M07", "1998M08", "1998M09", 
"1998M10", "1998M11", "1998M12", "1999M01", "1999M02", "1999M03", 
"1999M04", "1999M05", "1999M06", "1999M07", "1999M08", "1999M09", 
"1999M10", "1999M11", "1999M12", "2000M01", "2000M02", "2000M03", 
"2000M04", "2000M05", "2000M06", "2000M07", "2000M08", "2000M09", 
"2000M10", "2000M11", "2000M12", "2001M01", "2001M02", "2001M03", 
"2001M04", "2001M05", "2001M06", "2001M07", "2001M08", "2001M09", 
"2001M10", "2001M11", "2001M12", "2002M01", "2002M02", "2002M03", 
"2002M04", "2002M05", "2002M06", "2002M07", "2002M08", "2002M09", 
"2002M10", "2002M11", "2002M12", "2003M01", "2003M02", "2003M03", 
"2003M04", "2003M05", "2003M06", "2003M07", "2003M08", "2003M09", 
"2003M10", "2003M11", "2003M12", "2004M01", "2004M02", "2004M03", 
"2004M04", "2004M05", "2004M06", "2004M07", "2004M08", "2004M09", 
"2004M10", "2004M11", "2004M12", "2005M01", "2005M02", "2005M03", 
"2005M04", "2005M05", "2005M06", "2005M07", "2005M08", "2005M09", 
"2005M10", "2005M11", "2005M12", "2006M01", "2006M02", "2006M03", 
"2006M04", "2006M05", "2006M06", "2006M07", "2006M08", "2006M09", 
"2006M10", "2006M11", "2006M12", "2007M01", "2007M02", "2007M03", 
"2007M04", "2007M05", "2007M06", "2007M07", "2007M08", "2007M09", 
"2007M10", "2007M11", "2007M12", "2008M01", "2008M02", "2008M03", 
"2008M04", "2008M05", "2008M06", "2008M07", "2008M08", "2008M09", 
"2008M10", "2008M11", "2008M12", "2009M01", "2009M02", "2009M03", 
"2009M04", "2009M05", "2009M06", "2009M07", "2009M08", "2009M09", 
"2009M10", "2009M11", "2009M12", "2010M01", "2010M02", "2010M03", 
"2010M04", "2010M05", "2010M06", "2010M07", "2010M08", "2010M09", 
"2010M10", "2010M11", "2010M12", "2011M01", "2011M02", "2011M03", 
"2011M04", "2011M05", "2011M06", "2011M07", "2011M08", "2011M09", 
"2011M10", "2011M11", "2011M12", "2012M01", "2012M02", "2012M03", 
"2012M04", "2012M05", "2012M06", "2012M07", "2012M08", "2012M09", 
"2012M10", "2012M11", "2012M12", "2013M01", "2013M02", "2013M03", 
"2013M04", "2013M05", "2013M06", "2013M07", "2013M08", "2013M09", 
"2013M10", "2013M11", "2013M12", "2014M01", "2014M02", "2014M03", 
"2014M04", "2014M05", "2014M06", "2014M07", "2014M08", "2014M09", 
"2014M10", "2014M11", "2014M12", "2015M01", "2015M02", "2015M03", 
"2015M04", "2015M05", "2015M06", "2015M07", "2015M08", "2015M09", 
"2015M10", "2015M11", "2015M12", "2016M01", "2016M02", "2016M03", 
"2016M04", "2016M05", "2016M06", "2016M07", "2016M08", "2016M09", 
"2016M10", "2016M11", "2016M12", "2017M01", "2017M02", "2017M03", 
"2017M04", "2017M05", "2017M06", "2017M07", "2017M08", "2017M09", 
"2017M10", "2017M11", "2017M12", "2018M01", "2018M02", "2018M03", 
"2018M04", "2018M05", "2018M06", "2018M07", "2018M08", "2018M09", 
"2018M10", "2018M11", "2018M12", "2019M01", "2019M02", "2019M03", 
"2019M04", "2019M05", "2019M06", "2019M07", "2019M08", "2019M09", 
"2019M10", "2019M11", "2019M12", "2020M01", "2020M02", "2020M03", 
"2020M04", "2020M05", "2020M06", "2020M07", "2020M08", "2020M09", 
"2020M10", "2020M11", "2020M12", "2021M01", "2021M02", "2021M03", 
"2021M04", "2021M05", "2021M06", "2021M07", "2021M08", "2021M09", 
"2021M10", "2021M11", "2021M12", "2022M01", "2022M02", "2022M03", 
"2022M04", "2022M05", "2022M06", "2022M07", "2022M08", "2022M09", 
"2022M10", "2022M11", "2022M12", "2023M01", "2023M02", "2023M03", 
"2023M04", "2023M05", "2023M06", "2023M07", "2023M08", "2023M09", 
"2023M10", "2023M11", "2023M12", "2024M01", "2024M02", "2024M03", 
"2024M04", "2024M05", "2024M06", "2024M07", "2024M08", "2024M09", 
"2024M10", "2024M11", "2024M12", "2025M01", "2025M02", "2025M03", 
"2025M04"), value = c(0x1.39af77f0141d4p+6, 0x1.4d7d45722597dp+6, 
0x1.59e7d83500336p+6, 0x1.5c9e61886d57p+6, 0x1.6db9edd8a7a59p+6, 
0x1.75fd7af82f268p+6, 0x1.8311eb502f791p+6, 0x1.79030f669b64ap+6, 
0x1.844843c2f62e6p+6, 0x1.8d095f6266fb8p+6, 0x1.76f17233ac7dbp+6, 
0x1.aa737a5cdb62p+6, 0x1.9a443dec7bfbap+6, 0x1.993b9bfca6aecp+6, 
0x1.f6826d1c5c78ap+6, 0x1.a7a98ba7f768fp+6, 0x1.0dc2e68fdcf07p+7, 
0x1.55af6d3089af5p+7, 0x1.19100b96fcdd1p+6, 0x1.15124b87a415dp+6, 
0x1.67ee01edb1c9cp+6, 0x1.63fa6b1a27aa2p+6, 0x1.67bdb5df0b21dp+6, 
0x1.61c12a506d999p+6, 0x1.4f26155ba49bbp+6, 0x1.9dcfb85010159p+6, 
0x1.e6da752acc0a8p+4, 0x1.4f0cdc30b3633p+6, 0x1.48d0005567f7ap+6, 
0x1.3fc0cf958c686p+6, 0x1.3a684c423769dp+6, 0x1.48a4e1d5cb18dp+6, 
0x1.40ddb4cc76b0dp+6, 0x1.42a16372fc659p+6, 0x1.fe5c82cfa2b11p+5, 
0x1.395f0c9afeefep+6, 0x1.2bf2d7a883202p+6, 0x1.33495c4f4c955p+6, 
0x1.28fa7721ffd2cp+6, 0x1.260ff9709c113p+6, 0x1.2281f9ebb518ap+6, 
0x1.22f39ab60588ep+6, 0x1.2312bec17f205p+6, 0x1.2cbc80a154393p+6, 
0x1.11697a947382p+6, 0x1.15cfa5db80eadp+6, 0x1.1964e96ab9579p+6, 
0x1.06b9ebe41ac6p+6, 0x1.231f667645723p+6, 0x1.1bdd6ea0e07dbp+6, 
0x1.27844f34c15c3p+6, 0x1.fe9869dccb3ep+5, 0x1.0b079f2efc475p+6, 
0x1.0956826d29c33p+6, 0x1.19593135a63adp+6, 0x1.0ee07cca88cc5p+6, 
0x1.21c0a6179759ep+6, 0x1.2b6d3a2a7f85fp+6, 0x1.29f7c159b0728p+6, 
0x1.205b5ee7b02edp+6, 0x1.2b008f66cf83ep+6, 0x1.330057fbf0c5ep+6, 
0x1.2c3b1286416p+6, 0x1.39cf722cca771p+6, 0x1.41188788b8475p+6, 
0x1.5f6dc79c31e54p+6, 0x1.4196a065771e6p+6, 0x1.48fbbbe43ade4p+6, 
0x1.485759a61a63ep+6, 0x1.48f354aae21b8p+6, 0x1.5fcdb4a1fbb5bp+6, 
0x1.ce20ed8a93e18p+6, 0x1.58f8bd2a7ec7fp+6, 0x1.6d0e699da6b08p+6, 
0x1.66de4b5052a6fp+6, 0x1.6813d64026729p+6, 0x1.5904c33851a8bp+6, 
0x1.430b6ec9e8306p+6, 0x1.5734eb17c6b03p+6, 0x1.477a9e38e83b8p+6, 
0x1.48f90429253abp+6, 0x1.3a4fc77d77604p+6, 0x1.4dc62db48f52dp+6, 
0x1.5944fbee6349fp+6, 0x1.69340b0b1a757p+6, 0x1.3e7191c32076cp+6, 
0x1.3914fcda5764fp+6, 0x1.52ba6a11ee0e7p+6, 0x1.5140a62831457p+6, 
0x1.56b686cded8c1p+6, 0x1.43a4c69e2a18bp+6, 0x1.4240b024a9357p+6, 
0x1.518ffe49a2339p+6, 0x1.496a6cc03e50ep+6, 0x1.44a4698babdd3p+6, 
0x1.4876b618b7c65p+6, 0x1.4f589d4ed1cd1p+6, 0x1.4cb343b0c070ep+6, 
0x1.5258508ad71bfp+6, 0x1.4d926aa9a50ddp+6, 0x1.4b8ee97d0ccfep+6, 
0x1.32f6ce3bf5a72p+6, 0x1.49e8483cfb166p+6, 0x1.4f8c3a710c7d5p+6, 
0x1.4996fccdc516fp+6, 0x1.4990d05d75c71p+6, 0x1.49acc3da2f393p+6, 
0x1.46aac641690f1p+6, 0x1.412265fc2911cp+6, 0x1.571acc3b5764ep+6, 
0x1.65b78534b3d4fp+6, 0x1.73591ccb97239p+6, 0x1.782ea23c9e7bfp+6, 
0x1.81f95e267d14p+6, 0x1.6ec885b023468p+6, 0x1.8606fbd397a61p+6, 
0x1.827301567e17cp+6, 0x1.9adcb08f10c56p+6, 0x1.8006dcaba886ap+6, 
0x1.ac6b76474812cp+6, 0x1.8f70690fe427cp+6, 0x1.8f48b6db4fc38p+6, 
0x1.8b5a42049c4d1p+6, 0x1.b0fcd55b3224dp+6, 0x1.89935752e2d43p+6, 
0x1.940ec7c5bed73p+6, 0x1.9fe6f54b70c41p+6, 0x1.83bcfcfa9f3f2p+6, 
0x1.8be8961e69218p+6, 0x1.908409fe6b512p+6, 0x1.45e5739206e9p+6, 
0x1.317e3c403bbc3p+6, 0x1.31d984ee64832p+6, 0x1.38ced0427a69ep+6, 
0x1.35648201767ddp+6, 0x1.290868dba425p+6, 0x1.2ca79a27730cp+6, 
0x1.337822b3394d5p+6, 0x1.4448f0d5a9226p+6, 0x1.4ac2a71c9cd0ap+6, 
0x1.4adcaf476e4ap+6, 0x1.3eae82683077dp+6, 0x1.41bcaf29404a6p+6, 
0x1.503b1e2ea2674p+6, 0x1.4ac30405ccbdp+6, 0x1.42beec66b3c9ep+6, 
0x1.47d69aa7f9618p+6, 0x1.4c6d3d6476cf1p+6, 0x1.519afdd9b6526p+6, 
0x1.505fd24d3005p+6, 0x1.4e43d35be4ca1p+6, 0x1.5687810b0ef8cp+6, 
0x1.54e65ef6b4692p+6, 0x1.47680415381e7p+6, 0x1.51cc0c7843acap+6, 
0x1.3cd8c3028aad6p+6, 0x1.5218cac73823dp+6, 0x1.6a31c9094a0c4p+6, 
0x1.474584b1899dbp+6, 0x1.3a549b3d3eb07p+6, 0x1.4ae75c15c690fp+6, 
0x1.481cf478f1038p+6, 0x1.41625637d947dp+6, 0x1.564ed0431f2bap+6, 
0x1.45aad38d1664fp+6, 0x1.40d483bb4e6ebp+6, 0x1.32fde886477d1p+6, 
0x1.3c653885b18abp+6, 0x1.335dd4ca8ba0dp+6, 0x1.1bd82917ebb22p+6, 
0x1.2377d84502473p+6, 0x1.17165fac9f6b7p+6, 0x1.130d71fbaf868p+6, 
0x1.218c7f13055dfp+6, 0x1.1260dfe262ed7p+6, 0x1.f9f81b7e305ecp+5, 
0x1.ecb1305c5f22bp+5, 0x1.ecf3d99c7c1d5p+5, 0x1.073237cac5f97p+6, 
0x1.04348e7eb4814p+6, 0x1.0a242e1650d3ap+6, 0x1.0b2b6b4bb8c6bp+6, 
0x1.08024f2ed1661p+6, 0x1.1c62b0040047bp+6, 0x1.1ea5d71fae4d4p+6, 
0x1.6071eadb4b067p+6, 0x1.169e7c2c07839p+6, 0x1.2012389ef71abp+6, 
0x1.29290121db931p+6, 0x1.296d71951dec6p+6, 0x1.1dd9630a95793p+6, 
