structure(list(period_id = c("1995Q1", "1995Q2", "1995Q3", "1995Q4", 
"1996Q1", "1996Q2", "1996Q3", "1996Q4", "1997Q1", "1997Q2", "1997Q3", 
"1997Q4", "1998Q1", "1998Q2", "1998Q3", "1998Q4", "1999Q1", "1999Q2", 
"1999Q3", "1999Q4", "2000Q1", "2000Q2", "2000Q3", "2000Q4", "2001Q1", 
"2001Q2", "2001Q3", "2001Q4", "2002Q1", "2002Q2", "2002Q3", "2002Q4", 
"2003Q1", "2003Q2", "2003Q3", "2003Q4", "2004Q1", "2004Q2", "2004Q3", 
"2004Q4", "2005Q1", "2005Q2", "2005Q3", "2005Q4", "2006Q1", "2006Q2", 
"2006Q3", "2006Q4", "2007Q1", "2007Q2", "2007Q3", "2007Q4", "2008Q1", 
"2008Q2", "2008Q3", "2008Q4", "2009Q1", "2009Q2", "2009Q3", "2009Q4", 
"2010Q1", "2010Q2", "2010Q3", "2010Q4", "2011Q1", "2011Q2", "2011Q3", 
"2011Q4", "2012Q1", "2012Q2", "2012Q3", "2012Q4", "2013Q1", "2013Q2", 
"2013Q3", "2013Q4", "2014Q1", "2014Q2", "2014Q3", "2014Q4", "2015Q1", 
"2015Q2", "2015Q3", "2015Q4", "2016Q1", "2016Q2", "2016Q3", "2016Q4", 
"2017Q1", "2017Q2", "2017Q3", "2017Q4", "2018Q1", "2018Q2", "2018Q3", 
"2018Q4", "2019Q1", "2019Q2", "2019Q3", "2019Q4", "2020Q1", "2020Q2", 
"2020Q3", "2020Q4", "2021Q1", "2021Q2", "2021Q3", "2021Q4", "2022Q1", 
"2022Q2", "2022Q3", "2022Q4", "2023Q1", "2023Q2", "2023Q3", "2023Q4", 
"2024Q1", "2024Q2", "2024Q3", "2024Q4", "2025Q1"), value = c(NA, 
NA, NA, NA, 0x1.7c4545803cd14p+10, 0x1.7f15109070fbfp+10, 0x1.8395133c1ce6cp+10, 
0x1.87517f2c3009bp+10, 0x1.8c9836262cba7p+10, 0x1.90b3eeaa6d267p+10, 
0x1.91e72a8869c67p+10, 0x1.92abf57f737dap+10, 0x1.93117c73eee52p+10, 
0x1.95e33f811f4f5p+10, 0x1.9a9204d12018ap+10, 0x1.9f8b34117f844p+10, 
0x1.a3455a57646aep+10, 0x1.a7238e368f084p+10, 0x1.ab119491f2dc3p+10, 
0x1.adc64128bf3bfp+10, 0x1.aec608b32ce89p+10, 0x1.acd868661ae71p+10, 
0x1.b3c82391d58p+10, 0x1.b4f823ee1bd1fp+10, 0x1.b7396672fba02p+10, 
0x1.bac048f10a99bp+10, 0x1.b5aed4e09784fp+10, 0x1.b6e0fcc5b8dc5p+10, 
0x1.ba232edbb59dep+10, 0x1.bd93aa433508fp+10, 0x1.bef33b03e20cdp+10, 
0x1.c3700902de00dp+10, 0x1.c4fa700474d9cp+10, 0x1.c9345953586cbp+10, 
0x1.cf7dddf00abf7p+10, 0x1.d0971a3f4666fp+10, 0x1.d6cadc4c9c90cp+10, 
0x1.db457a6bd6e8bp+10, 0x1.e12c09cc319c6p+10, 0x1.ea6e5d95dd4c7p+10, 
0x1.edfc9d3458cd2p+10, 0x1.f5280e453d20fp+10, 0x1.f6ceff9b56324p+10, 
0x1.f75d271fff79dp+10, 0x1.fa4a1fd5885d3p+10, 0x1.fbe2f22c01e69p+10, 
0x1.012520a30db6ap+11, 0x1.067bd82ba5a04p+11, 0x1.0ac6086bdf4c3p+11, 
0x1.0e90e2b4959e6p+11, 0x1.12a2b6113404fp+11, 0x1.1171e581cf788p+11, 
0x1.131e884e831adp+11, 0x1.154759429175p+11, 0x1.13858de4c5111p+11, 
0x1.14636277c45ccp+11, 0x1.13e1bc3c5bd0ep+11, 0x1.11e91b2a27f1bp+11, 
0x1.111e2161e4f76p+11, 0x1.11164e50c5eb3p+11, 0x1.11b59290257c9p+11, 
0x1.12ed8ddc61954p+11, 0x1.134571fbc5deap+11, 0x1.14d904c6a3bdep+11, 
0x1.156e4e9a2c669p+11, 0x1.187c16a055758p+11, 0x1.1c78430f49492p+11, 
0x1.19e11dde37586p+11, 0x1.1bcbc3201040cp+11, 0x1.17ae13bc0a06fp+11, 
0x1.152425529fep+11, 0x1.15971fba450adp+11, 0x1.1291d19bd4068p+11, 
0x1.144ca8f9f44d4p+11, 0x1.15df4111ada77p+11, 0x1.1694000c9539cp+11, 
0x1.1733ac1094a2cp+11, 0x1.15742a9930be1p+11, 0x1.14681a1554fbep+11, 
0x1.1706352220bc4p+11, 0x1.199d8d60a633p+11, 0x1.1c0b16f6512a9p+11, 
0x1.1df3263f9a49cp+11, 0x1.1c203e5321e6p+11, 0x1.1e0f3f0bae89fp+11, 
0x1.202283968d75ap+11, 0x1.217529a804966p+11, 0x1.24b8de33269ep+11, 
0x1.24f46f0281ba8p+11, 0x1.26be770153bd1p+11, 0x1.2a6a80b029281p+11, 
0x1.2daaef19934fp+11, 0x1.307e0b6d86ec1p+11, 0x1.319dafe3f35ap+11, 
0x1.3225cf440af1dp+11, 0x1.34e8b93ee5eeep+11, 0x1.37e7ece13f4aap+11, 
0x1.3c3e739b024f6p+11, 0x1.3ed34eee0f3cbp+11, 0x1.3ff5319c5a3e4p+11, 
0x1.2c5a7fa1a0cf2p+11, 0x1.e27decaeea63bp+10, 0x1.168213c89f40ap+11, 
0x1.ffd9dc1615ecp+10, 0x1.06eddeacc9214p+11, 0x1.0c2bc1bda511ap+11, 
0x1.41a670307f23dp+11, 0x1.451d342aa9f7bp+11, 0x1.42c640c62e4d2p+11, 
0x1.455b05ea24cc7p+11, 0x1.485f6a26e5471p+11, 0x1.4d6beea422899p+11, 
0x1.4f2727d028a1ep+11, 0x1.4f919bbf0dc77p+11, 0x1.506026fe718a8p+11, 
0x1.4e0f462a1b5c8p+11, 0x1.5062dbf26f1dcp+11, 0x1.5212c280ae105p+11, 
0x1.533b9743e963ep+11, 0x1.5523941e9af5cp+11, 0x1.564cb15d701dap+11
)), class = "data.frame", row.names = c(NA, -121L))
