structure(list(period_id = c("2008M01", "2008M02", "2008M03", 
"2008M04", "2008M05", "2008M06", "2008M07", "2008M08", "2008M09", 
"2008M10", "2008M11", "2008M12", "2009M01", "2009M02", "2009M03", 
"2009M04", "2009M05", "2009M06", "2009M07", "2009M08", "2009M09", 
"2009M10", "2009M11", "2009M12", "2010M01", "2010M02", "2010M03", 
"2010M04", "2010M05", "2010M06", "2010M07", "2010M08", "2010M09", 
"2010M10", "2010M11", "2010M12", "2011M01", "2011M02", "2011M03", 
"2011M04", "2011M05", "2011M06", "2011M07", "2011M08", "2011M09", 
"2011M10", "2011M11", "2011M12", "2012M01", "2012M02", "2012M03", 
"2012M04", "2012M05", "2012M06", "2012M07", "2012M08", "2012M09", 
"2012M10", "2012M11", "2012M12", "2013M01", "2013M02", "2013M03", 
"2013M04", "2013M05", "2013M06", "2013M07", "2013M08", "2013M09", 
"2013M10", "2013M11", "2013M12", "2014M01", "2014M02", "2014M03", 
"2014M04", "2014M05", "2014M06", "2014M07", "2014M08", "2014M09", 
"2014M10", "2014M11", "2014M12", "2015M01", "2015M02", "2015M03", 
"2015M04", "2015M05", "2015M06", "2015M07", "2015M08", "2015M09", 
"2015M10", "2015M11", "2015M12", "2016M01", "2016M02", "2016M03", 
"2016M04", "2016M05", "2016M06", "2016M07", "2016M08", "2016M09", 
"2016M10", "2016M11", "2016M12", "2017M01", "2017M02", "2017M03", 
"2017M04", "2017M05", "2017M06", "2017M07", "2017M08", "2017M09", 
"2017M10", "2017M11", "2017M12", "2018M01", "2018M02", "2018M03", 
"2018M04", "2018M05", "2018M06", "2018M07", "2018M08", "2018M09", 
"2018M10", "2018M11", "2018M12", "2019M01", "2019M02", "2019M03", 
"2019M04", "2019M05", "2019M06", "2019M07", "2019M08", "2019M09", 
"2019M10", "2019M11", "2019M12", "2020M01", "2020M02", "2020M03", 
"2020M04", "2020M05", "2020M06", "2020M07", "2020M08", "2020M09", 
"2020M10", "2020M11", "2020M12", "2021M01", "2021M02", "2021M03", 
"2021M04", "2021M05", "2021M06", "2021M07", "2021M08", "2021M09", 
"2021M10", "2021M11", "2021M12", "2022M01", "2022M02", "2022M03", 
"2022M04", "2022M05", "2022M06", "2022M07", "2022M08", "2022M09", 
"2022M10", "2022M11", "2022M12", "2023M01", "2023M02", "2023M03", 
"2023M04", "2023M05", "2023M06", "2023M07", "2023M08", "2023M09", 
"2023M10", "2023M11", "2023M12", "2024M01", "2024M02", "2024M03", 
"2024M04", "2024M05", "2024M06", "2024M07", "2024M08", "2024M09", 
"2024M10", "2024M11", "2024M12", "2025M01", "2025M02", "2025M03", 
"2025M04", "2025M05"), value = c(0x1.75b32c4732083p+10, 0x1.782e2e1f69a9dp+10, 
0x1.79cf1c9d70ec6p+10, 0x1.787c5cede124ep+10, 0x1.7abefe2329caep+10, 
0x1.7950e5842a47bp+10, 0x1.7916c9bf19798p+10, 0x1.86c094341b066p+10, 
0x1.84bce93d72de9p+10, 0x1.8751edcb960d7p+10, 0x1.8c10ef55aa036p+10, 
0x1.8b8bfe3c02c75p+10, 0x1.89cf9feb7eed6p+10, 0x1.843a185649fe7p+10, 
0x1.8537e940dc4ep+10, 0x1.896eef16dde85p+10, 0x1.87c6de42d6c99p+10, 
0x1.88f1fda61ef34p+10, 0x1.898517575fc19p+10, 0x1.883736c50a62cp+10, 
0x1.8e259dcc8f475p+10, 0x1.8e02fa3a7f3fcp+10, 0x1.8ab51067e7843p+10, 
0x1.8c849d7f6fc69p+10, 0x1.8cda4e213aed2p+10, 0x1.8d1ddb87ce606p+10, 
0x1.92902cb91e444p+10, 0x1.90f9d990b263cp+10, 0x1.8f3878f000f23p+10, 
0x1.92a54bba408f3p+10, 0x1.91ad1dad74299p+10, 0x1.9139fdfb906c9p+10, 
0x1.94a611d8d987bp+10, 0x1.92de3a5f21237p+10, 0x1.968e70c7a10dbp+10, 
0x1.90d6c8e34a434p+10, 0x1.913c791e6828fp+10, 0x1.976bb292c3806p+10, 
0x1.91a626cc631bep+10, 0x1.9148a9b2ca57dp+10, 0x1.912f0a430bba7p+10, 
0x1.943d287701a45p+10, 0x1.93d828de6125bp+10, 0x1.96c6bd3f90d89p+10, 
0x1.92cf7348ddeap+10, 0x1.8fb30f694205p+10, 0x1.91baeeee9d5e5p+10, 
0x1.8e3f034527206p+10, 0x1.8fefc4de578afp+10, 0x1.8d4e96bf357f8p+10, 
0x1.8c75e124343e3p+10, 0x1.8a70ea5e54897p+10, 0x1.8c3c1beb718dcp+10, 
0x1.8894653020c73p+10, 0x1.88a1fe88c548ep+10, 0x1.88a324550195bp+10, 
0x1.844a048163807p+10, 0x1.84b1d4b757477p+10, 0x1.80a84bce18112p+10, 
0x1.82b5f2a6f2da1p+10, 0x1.837e5ccc9c28dp+10, 0x1.814724b6a1ef5p+10, 
0x1.81d5b903c638bp+10, 0x1.816060339e5bbp+10, 0x1.83edf1c5b68dp+10, 
0x1.810efaaedf762p+10, 0x1.808c7ca86f991p+10, 0x1.80066d0d93038p+10, 
0x1.7fdf517c48988p+10, 0x1.82347156223ccp+10, 0x1.7f136e86b88c1p+10, 
0x1.810113e2d6e14p+10, 0x1.829590e493919p+10, 0x1.852ca9a5e5387p+10, 
0x1.80e68297806ebp+10, 0x1.82ea056c0b759p+10, 0x1.84a27a4d27a0ep+10, 
0x1.8408ac5f3bc67p+10, 0x1.8747755326e07p+10, 0x1.8582a90e0a8f1p+10, 
0x1.86a03263b575ep+10, 0x1.87933c39f6dc1p+10, 0x1.84286b52b0b15p+10, 
0x1.83b7c6f8d41ap+10, 0x1.864f7df87c077p+10, 0x1.85265a873284dp+10, 
0x1.8651a6f606b69p+10, 0x1.895619f9e36a7p+10, 0x1.8675314abdc5ap+10, 
0x1.8b12a3304c78ap+10, 0x1.8b4f1873a78fap+10, 0x1.881d7da6234c8p+10, 
0x1.8a51c01119c0bp+10, 0x1.8ad37ba51d93bp+10, 0x1.9000e018e96a1p+10, 
0x1.89c57d63e40ffp+10, 0x1.8ebc6c99db8fbp+10, 0x1.922b851b9b321p+10, 
0x1.93d4f3056f94ep+10, 0x1.9240f6ce99df7p+10, 0x1.8f86e75d195c3p+10, 
0x1.901e1ebf51c24p+10, 0x1.8fb6da2bb3bb7p+10, 0x1.930aa900fef41p+10, 
0x1.933bbcd7c00a1p+10, 0x1.921dcdd326997p+10, 0x1.8fb8f08a54989p+10, 
0x1.94d8448c911edp+10, 0x1.904dbb0d7b782p+10, 0x1.90c0e1a3d68cdp+10, 
0x1.92d83816dab0cp+10, 0x1.929bd52e461bfp+10, 0x1.96cfec080971fp+10, 
0x1.96c8f825ed62bp+10, 0x1.97a47a589714p+10, 0x1.9953b5cf9d672p+10, 
0x1.9b76dfd6c4348p+10, 0x1.9b17437503982p+10, 0x1.9b2298c7eeb4ep+10, 
0x1.9e86f1cc26b0ep+10, 0x1.99cc5931a7c12p+10, 0x1.998a3404d150ep+10, 
0x1.9a89538e8559fp+10, 0x1.9d7dd466cb426p+10, 0x1.9adb2581cb068p+10, 
0x1.9e86a8b71c1c5p+10, 0x1.9e8aac192796ep+10, 0x1.a0e0fdec27b0ap+10, 
0x1.9cf1456c2f8c3p+10, 0x1.9fbeb7e914b2fp+10, 0x1.9fe1d885e283fp+10, 
0x1.a573be88b88f9p+10, 0x1.a4cf456b84e32p+10, 0x1.a66d21e08606dp+10, 
0x1.a8337290828c4p+10, 0x1.a4015db2e5f45p+10, 0x1.a42f9ea10b38dp+10, 
0x1.a91a9e645b592p+10, 0x1.abc3be812c651p+10, 0x1.a771618894559p+10, 
0x1.a9761b00a3fe7p+10, 0x1.aaa0cc8f8f1ep+10, 0x1.ae6b7b30be49bp+10, 
0x1.ad3b7ea99c01cp+10, 0x1.ad6dc1ffb226bp+10, 0x1.abff00aaddaa4p+10, 
0x1.a5d99580e8824p+10, 0x1.dc4d313d620dfp+10, 0x1.d1cc035d8fb12p+10, 
0x1.c08d9b23f7e55p+10, 0x1.be61b24f65e89p+10, 0x1.be665a75901c6p+10, 
0x1.c045f757b8febp+10, 0x1.bfc59462870f5p+10, 0x1.cf30077f4d93p+10, 
0x1.d6b3d07a09f7dp+10, 0x1.d9cf599d34d32p+10, 0x1.d96a7aebc3353p+10, 
0x1.deb30646756ffp+10, 0x1.debd4f96ac923p+10, 0x1.e117ed2e9e252p+10, 
0x1.dbae99193f306p+10, 0x1.d6f49b14ea344p+10, 0x1.c9a5b95df5d43p+10, 
0x1.c896964666d86p+10, 0x1.c455d573d15f1p+10, 0x1.c758e0c955695p+10, 
0x1.ca2f2e0e10eap+10, 0x1.b32a448fde8abp+10, 0x1.b6b74f8a7234ap+10, 
0x1.c55468b87c4fp+10, 0x1.c2251e6c1db2p+10, 0x1.b8ba0d4d5ef2fp+10, 
0x1.b8fef74929dd8p+10, 0x1.b635595724ff9p+10, 0x1.b3c2883fc221dp+10, 
0x1.b91ce91e8d44bp+10, 0x1.bb2a44b82b83dp+10, 0x1.bcce29d89865ap+10, 
0x1.b5ea6825e4a7fp+10, 0x1.b96058fabf0e7p+10, 0x1.bd33914169e8ep+10, 
0x1.bfcbb7e454264p+10, 0x1.c22bb9a03cceap+10, 0x1.c31d98381576bp+10, 
0x1.c41340e851dcap+10, 0x1.c4d9ffa766e1p+10, 0x1.c6b02519c293dp+10, 
0x1.c343fe05b40b7p+10, 0x1.c3cbaaf21246dp+10, 0x1.ca5b134e74941p+10, 
0x1.cbc97c5f989f2p+10, 0x1.cd85a297e7754p+10, 0x1.c9c8941744182p+10, 
0x1.cd62ab6a55f48p+10, 0x1.ced77e0fee893p+10, 0x1.d283ab7bdd404p+10, 
0x1.d7981ba04c75bp+10, 0x1.dbf97c7593f68p+10, 0x1.dbffcdffbc76ep+10, 
0x1.dc0d8b48cf1e3p+10, 0x1.e0e7428bc6695p+10, 0x1.dfb1d411c05eep+10, 
0x1.d39f199d86cb5p+10, 0x1.e35d370f5a052p+10, 0x1.e65212e2a767dp+10, 
0x1.e8460618cd304p+10, 0x1.e76d9c7bb906ep+10, 0x1.ec3cafc4786a2p+10
)), class = "data.frame", row.names = c(NA, -209L))
