structure(list(period_id = c("1998M01", "1998M02", "1998M03", 
"1998M04", "1998M05", "1998M06", "1998M07", "1998M08", "1998M09", 
"1998M10", "1998M11", "1998M12", "1999M01", "1999M02", "1999M03", 
"1999M04", "1999M05", "1999M06", "1999M07", "1999M08", "1999M09", 
"1999M10", "1999M11", "1999M12", "2000M01", "2000M02", "2000M03", 
"2000M04", "2000M05", "2000M06", "2000M07", "2000M08", "2000M09", 
"2000M10", "2000M11", "2000M12", "2001M01", "2001M02", "2001M03", 
"2001M04", "2001M05", "2001M06", "2001M07", "2001M08", "2001M09", 
"2001M10", "2001M11", "2001M12", "2002M01", "2002M02", "2002M03", 
"2002M04", "2002M05", "2002M06", "2002M07", "2002M08", "2002M09", 
"2002M10", "2002M11", "2002M12", "2003M01", "2003M02", "2003M03", 
"2003M04", "2003M05", "2003M06", "2003M07", "2003M08", "2003M09", 
"2003M10", "2003M11", "2003M12", "2004M01", "2004M02", "2004M03", 
"2004M04", "2004M05", "2004M06", "2004M07", "2004M08", "2004M09", 
"2004M10", "2004M11", "2004M12", "2005M01", "2005M02", "2005M03", 
"2005M04", "2005M05", "2005M06", "2005M07", "2005M08", "2005M09", 
"2005M10", "2005M11", "2005M12", "2006M01", "2006M02", "2006M03", 
"2006M04", "2006M05", "2006M06", "2006M07", "2006M08", "2006M09", 
"2006M10", "2006M11", "2006M12", "2007M01", "2007M02", "2007M03", 
"2007M04", "2007M05", "2007M06", "2007M07", "2007M08", "2007M09", 
"2007M10", "2007M11", "2007M12", "2008M01", "2008M02", "2008M03", 
"2008M04", "2008M05", "2008M06", "2008M07", "2008M08", "2008M09", 
"2008M10", "2008M11", "2008M12", "2009M01", "2009M02", "2009M03", 
"2009M04", "2009M05", "2009M06", "2009M07", "2009M08", "2009M09", 
"2009M10", "2009M11", "2009M12", "2010M01", "2010M02", "2010M03", 
"2010M04", "2010M05", "2010M06", "2010M07", "2010M08", "2010M09", 
"2010M10", "2010M11", "2010M12", "2011M01", "2011M02", "2011M03", 
"2011M04", "2011M05", "2011M06", "2011M07", "2011M08", "2011M09", 
"2011M10", "2011M11", "2011M12", "2012M01", "2012M02", "2012M03", 
"2012M04", "2012M05", "2012M06", "2012M07", "2012M08", "2012M09", 
"2012M10", "2012M11", "2012M12", "2013M01", "2013M02", "2013M03", 
"2013M04", "2013M05", "2013M06", "2013M07", "2013M08", "2013M09", 
"2013M10", "2013M11", "2013M12", "2014M01", "2014M02", "2014M03", 
"2014M04", "2014M05", "2014M06", "2014M07", "2014M08", "2014M09", 
"2014M10", "2014M11", "2014M12", "2015M01", "2015M02", "2015M03", 
"2015M04", "2015M05", "2015M06", "2015M07", "2015M08", "2015M09", 
"2015M10", "2015M11", "2015M12", "2016M01", "2016M02", "2016M03", 
"2016M04", "2016M05", "2016M06", "2016M07", "2016M08", "2016M09", 
"2016M10", "2016M11", "2016M12", "2017M01", "2017M02", "2017M03", 
"2017M04", "2017M05", "2017M06", "2017M07", "2017M08", "2017M09", 
"2017M10", "2017M11", "2017M12", "2018M01", "2018M02", "2018M03", 
"2018M04", "2018M05", "2018M06", "2018M07", "2018M08", "2018M09", 
"2018M10", "2018M11", "2018M12", "2019M01", "2019M02", "2019M03", 
"2019M04", "2019M05", "2019M06", "2019M07", "2019M08", "2019M09", 
"2019M10", "2019M11", "2019M12", "2020M01", "2020M02", "2020M03", 
"2020M04", "2020M05", "2020M06", "2020M07", "2020M08", "2020M09", 
"2020M10", "2020M11", "2020M12", "2021M01", "2021M02", "2021M03", 
"2021M04", "2021M05", "2021M06", "2021M07", "2021M08", "2021M09", 
"2021M10", "2021M11", "2021M12", "2022M01", "2022M02", "2022M03", 
"2022M04", "2022M05", "2022M06", "2022M07", "2022M08", "2022M09", 
"2022M10", "2022M11", "2022M12", "2023M01", "2023M02", "2023M03", 
"2023M04", "2023M05", "2023M06", "2023M07", "2023M08", "2023M09", 
"2023M10", "2023M11", "2023M12", "2024M01", "2024M02", "2024M03", 
"2024M04", "2024M05", "2024M06", "2024M07", "2024M08", "2024M09", 
"2024M10", "2024M11", "2024M12", "2025M01", "2025M02", "2025M03", 
"2025M04", "2025M05", "2025M06"), value = c(0x1.39ddd26da5822p+6, 
0x1.4d8d1911e0d78p+6, 0x1.59d9e3733d329p+6, 0x1.5cad6eecec484p+6, 
0x1.6dacab008c52bp+6, 0x1.75e8035f149e1p+6, 0x1.82f2c5f642f49p+6, 
0x1.78f52abf08741p+6, 0x1.843742b1bd652p+6, 0x1.8cf52bbafd44ep+6, 
0x1.76ff07ac3317ep+6, 0x1.aa628782ec126p+6, 0x1.9a47d2dab0eb7p+6, 
0x1.9940f651b3e23p+6, 0x1.f67a4cf3e0542p+6, 0x1.a7a252c232794p+6, 
0x1.0dc2118b0c93bp+7, 0x1.55c60f486261p+7, 0x1.1916d2b8f4d23p+6, 
0x1.150a7a7793bap+6, 0x1.67f202fde210fp+6, 0x1.63fc7f1b2c4f1p+6, 
0x1.67c031b859e78p+6, 0x1.619b1940480fdp+6, 0x1.4f2dffd760724p+6, 
0x1.9dce8cb04aabep+6, 0x1.e6c5f17caf505p+4, 0x1.4f1897552ce48p+6, 
0x1.48d4e28c1e9b9p+6, 0x1.3fc4d4cb6375ep+6, 0x1.3a74020d180b6p+6, 
0x1.48abfbf6e684ep+6, 0x1.40df05a89dbcap+6, 0x1.42910bc6a5e3dp+6, 
0x1.fe71c3d715949p+5, 0x1.3963bfac90728p+6, 0x1.2bf4f9e9655f2p+6, 
0x1.333883ef102aep+6, 0x1.2902db0e88879p+6, 0x1.2622b9fa2b049p+6, 
0x1.2291a22393508p+6, 0x1.22fd2f6449a43p+6, 0x1.23018112ca6adp+6, 
0x1.2cadc3c9ec077p+6, 0x1.1178cc52052e7p+6, 0x1.15c8cc31a1747p+6, 
0x1.194e41cba5292p+6, 0x1.06d19d3116f2p+6, 0x1.2323564dd2034p+6, 
0x1.1be92af9e64f6p+6, 0x1.2774e4f79dd9dp+6, 0x1.fe74c0c56e8bp+5, 
0x1.0af929636c258p+6, 0x1.0968e2c91cb11p+6, 0x1.19543edbd3aabp+6, 
0x1.0ee712b60e19dp+6, 0x1.21b756e10d885p+6, 0x1.2b6a169c2cb0bp+6, 
0x1.2a0c5fedd3066p+6, 0x1.2049f462d31b9p+6, 0x1.2ae20941bf673p+6, 
0x1.32dd61f42852bp+6, 0x1.2c4233ffa6805p+6, 0x1.39da5304f8412p+6, 
0x1.4134ff2629581p+6, 0x1.5f5ae2ff5408p+6, 0x1.419ec69d8c7f4p+6, 
0x1.49155fc245ccdp+6, 0x1.48567c3859559p+6, 0x1.4907cc7d01ec7p+6, 
0x1.5fbc7739ebf96p+6, 0x1.ce30ef3b7c1b8p+6, 0x1.5907eaf3a504p+6, 
0x1.6d08342673cffp+6, 0x1.66d32694cd6e5p+6, 0x1.6802b2f39e81p+6, 
0x1.58fd2dfcca8edp+6, 0x1.43200c7db8b8fp+6, 0x1.5749ff4cdde77p+6, 
0x1.477d377a947cep+6, 0x1.490bf9f2db6f2p+6, 0x1.3a60f3387e052p+6, 
0x1.4dc2fd28b91afp+6, 0x1.592675a99c037p+6, 0x1.691f1c328f6b6p+6, 
0x1.3e768d8e4c04cp+6, 0x1.391591807f305p+6, 0x1.52b7c11f83b5dp+6, 
0x1.51344839a6cdp+6, 0x1.56ab2a281a241p+6, 0x1.43a2239e2122bp+6, 
0x1.4243d9c1ea407p+6, 0x1.51864c8c41a52p+6, 0x1.4984bfbaf738bp+6, 
0x1.44abc13da69a8p+6, 0x1.489334a07dd2dp+6, 0x1.4f4b8a8ac5392p+6, 
0x1.4cb6033b1ccffp+6, 0x1.524e0cd24ed13p+6, 0x1.4d83672c40156p+6, 
0x1.4b87aaa506159p+6, 0x1.32fea4e945e0fp+6, 0x1.49fb8236eeb17p+6, 
0x1.4f9b3fd649459p+6, 0x1.499d76e60b474p+6, 0x1.4986d54e43ad7p+6, 
0x1.49c4c0ef148c6p+6, 0x1.46a767be9e7e4p+6, 0x1.41264c84e45e8p+6, 
0x1.5714c6c9e6a05p+6, 0x1.65cd580ab0c16p+6, 0x1.7349c390f5541p+6, 
0x1.7834a1625becdp+6, 0x1.820bba29ae292p+6, 0x1.6eb58bc4a5c05p+6, 
0x1.85f95b98fa4ecp+6, 0x1.828769932ea5ap+6, 0x1.9ad305f838bd7p+6, 
0x1.7ff8b30742719p+6, 0x1.ac78484791249p+6, 0x1.8f818394329cp+6, 
0x1.8f4d5b0209406p+6, 0x1.8b69cfb2d08cp+6, 0x1.b0fa4b59306cfp+6, 
0x1.89b7680cb6dc9p+6, 0x1.94057f62dc197p+6, 0x1.9fee3106ccf06p+6, 
0x1.83d116f011cfcp+6, 0x1.8bdbf0851ab31p+6, 0x1.909394125e7c5p+6, 
0x1.45e0df68a5c5ap+6, 0x1.317a4e37158c9p+6, 0x1.31f40678b0e85p+6, 
0x1.38d8c4483b441p+6, 0x1.355ac39390f11p+6, 0x1.291124cc449dap+6, 
0x1.2ca22e70cec5bp+6, 0x1.336c2cca9f042p+6, 0x1.443995524278fp+6, 
0x1.4aae71aaee898p+6, 0x1.4ad148300f14cp+6, 0x1.3ea577382ef5p+6, 
0x1.41be0e217e2ffp+6, 0x1.5039d4cdb6504p+6, 0x1.4ab3f2a764cb5p+6, 
0x1.42bbc1590f593p+6, 0x1.47d6eb4738ef4p+6, 0x1.4c6a566e13cdcp+6, 
0x1.519c2d67b03a1p+6, 0x1.507508bcc2861p+6, 0x1.4e53af3d660bp+6, 
0x1.56771fb8c2cc2p+6, 0x1.54ec855e36d78p+6, 0x1.4770f5ff07d7dp+6, 
0x1.51cbc3e7a04cbp+6, 0x1.3cbe9d96d911dp+6, 0x1.52117da65b4ep+6, 
0x1.6a2f626c0efeep+6, 0x1.475042b43c84dp+6, 0x1.3a618cd8dc89bp+6, 
0x1.4ae4683cc5442p+6, 0x1.4809fb5d11b29p+6, 0x1.415e97fa067b6p+6, 
0x1.564550ad2ca26p+6, 0x1.459ce8d5d2081p+6, 0x1.40e6db7e49738p+6, 
0x1.3301d7cce2b7cp+6, 0x1.3c83617a02762p+6, 0x1.3352d8daa6153p+6, 
0x1.1bd5d9fd119a9p+6, 0x1.23877b2d330d9p+6, 0x1.17218a4c3fb3fp+6, 
0x1.1317030109456p+6, 0x1.2191843c7d369p+6, 0x1.1252dec70e18dp+6, 
0x1.f9ea1962f396ep+5, 0x1.ecd07256e58e1p+5, 0x1.ece765dbafa89p+5, 
0x1.07218ce2bf56cp+6, 0x1.044606ad2f812p+6, 0x1.0a2a94e598587p+6, 
0x1.0b41f990b05dbp+6, 0x1.07fb6cf618a38p+6, 0x1.1c402419aa0c5p+6, 
0x1.1e8fd52a17a23p+6, 0x1.608da18aa9b1bp+6, 0x1.1698b68ff94f2p+6, 
0x1.2019df8014c87p+6, 0x1.291a15fd62ac6p+6, 0x1.295ed5914ae82p+6, 
