structure(list(period_id = c("1995Q1", "1995Q2", "1995Q3", "1995Q4", 
"1996Q1", "1996Q2", "1996Q3", "1996Q4", "1997Q1", "1997Q2", "1997Q3", 
"1997Q4", "1998Q1", "1998Q2", "1998Q3", "1998Q4", "1999Q1", "1999Q2", 
"1999Q3", "1999Q4", "2000Q1", "2000Q2", "2000Q3", "2000Q4", "2001Q1", 
"2001Q2", "2001Q3", "2001Q4", "2002Q1", "2002Q2", "2002Q3", "2002Q4", 
"2003Q1", "2003Q2", "2003Q3", "2003Q4", "2004Q1", "2004Q2", "2004Q3", 
"2004Q4", "2005Q1", "2005Q2", "2005Q3", "2005Q4", "2006Q1", "2006Q2", 
"2006Q3", "2006Q4", "2007Q1", "2007Q2", "2007Q3", "2007Q4", "2008Q1", 
"2008Q2", "2008Q3", "2008Q4", "2009Q1", "2009Q2", "2009Q3", "2009Q4", 
"2010Q1", "2010Q2", "2010Q3", "2010Q4", "2011Q1", "2011Q2", "2011Q3", 
"2011Q4", "2012Q1", "2012Q2", "2012Q3", "2012Q4", "2013Q1", "2013Q2", 
"2013Q3", "2013Q4", "2014Q1", "2014Q2", "2014Q3", "2014Q4", "2015Q1", 
"2015Q2", "2015Q3", "2015Q4", "2016Q1", "2016Q2", "2016Q3", "2016Q4", 
"2017Q1", "2017Q2", "2017Q3", "2017Q4", "2018Q1", "2018Q2", "2018Q3", 
"2018Q4", "2019Q1", "2019Q2", "2019Q3", "2019Q4", "2020Q1", "2020Q2", 
"2020Q3", "2020Q4", "2021Q1", "2021Q2", "2021Q3", "2021Q4", "2022Q1", 
"2022Q2", "2022Q3", "2022Q4", "2023Q1", "2023Q2", "2023Q3", "2023Q4", 
"2024Q1", "2024Q2", "2024Q3"), value = c(NA, NA, NA, NA, NA, 
NA, NA, NA, NA, NA, NA, NA, NA, NA, NA, NA, NA, NA, NA, NA, NA, 
NA, NA, NA, NA, NA, NA, NA, NA, NA, NA, NA, NA, NA, NA, NA, 0x1.cb64395810625p+9, 
0x1.d07a9fbe76c8bp+9, 0x1.db4810624dd2fp+9, 0x1.d488d4fdf3b64p+9, 
0x1.ca7eb851eb852p+9, 0x1.ce9d916872b02p+9, 0x1.d6376c8b43958p+9, 
0x1.d162d0e560419p+9, 0x1.ce3bc6a7ef9dbp+9, 0x1.d34083126e979p+9, 
0x1.dc976c8b43958p+9, 0x1.d9e5810624dd3p+9, 0x1.daa8b43958106p+9, 
0x1.e19b020c49ba6p+9, 0x1.ed0fbe76c8b44p+9, 0x1.ea9083126e979p+9, 
0x1.e74c083126e98p+9, 0x1.ed320c49ba5e3p+9, 0x1.f7fced916872bp+9, 
0x1.f47p+9, 0x1.ec4999999999ap+9, 0x1.ea3a9fbe76c8bp+9, 0x1.ee14bc6a7ef9ep+9, 
0x1.e74d2f1a9fbe7p+9, 0x1.e1504189374bcp+9, 0x1.e21bc6a7ef9dbp+9, 
0x1.e4ce978d4fdf4p+9, 0x1.dd69db22d0e56p+9, 0x1.d6e374bc6a7fp+9, 
0x1.da16c8b439581p+9, 0x1.dcd6c8b439581p+9, 0x1.d8753f7ced917p+9, 
0x1.d61604189374cp+9, 0x1.d80a1cac08312p+9, 0x1.d8cdd2f1a9fbep+9, 
0x1.d3fp+9, 0x1.cf270a3d70a3dp+9, 0x1.d01db22d0e56p+9, 0x1.d46ba5e353f7dp+9, 
0x1.d41a3d70a3d71p+9, 0x1.cdc6666666666p+9, 0x1.d415604189375p+9, 
0x1.d6cdf3b645a1dp+9, 0x1.d8bf3b645a1cbp+9, 0x1.d48fbe76c8b44p+9, 
0x1.d9d45a1cac083p+9, 0x1.df7c49ba5e354p+9, 0x1.df3c6a7ef9db2p+9, 
0x1.dbf70a3d70a3dp+9, 0x1.e39db22d0e56p+9, 0x1.e8f6872b020c5p+9, 
0x1.ea5624dd2f1aap+9, 0x1.e7783126e978dp+9, 0x1.efdba5e353f7dp+9, 
0x1.f5e999999999ap+9, 0x1.f962b020c49bap+9, 0x1.f90d4fdf3b646p+9, 
0x1.00b3e76c8b439p+10, 0x1.02cfbe76c8b44p+10, 0x1.04ba7ef9db22dp+10, 
0x1.034978d4fdf3bp+10, 0x1.06421cac08312p+10, 0x1.097b126e978d5p+10, 
0x1.097322d0e5604p+10, 0x1.07b2b020c49bap+10, 0x1.03de353f7ced9p+10, 
0x1.05f23d70a3d71p+10, 0x1.05fc395810625p+10, 0x1.049d1eb851eb8p+10, 
0x1.083f9db22d0e5p+10, 0x1.0b5ae147ae148p+10, 0x1.0cc4ed916872bp+10, 
0x1.0d7147ae147aep+10, 0x1.1014ccccccccdp+10, 0x1.1223e76c8b439p+10, 
0x1.1316560418937p+10, 0x1.1300c49ba5e35p+10, 0x1.152c189374bc7p+10, 
0x1.16d77ced91687p+10, 0x1.178b126e978d5p+10, 0x1.1444189374bc7p+10, 
0x1.1451fbe76c8b4p+10, 0x1.154ad0e560419p+10)), class = "data.frame", row.names = c(NA, 
-119L))
