structure(list(period_id = c("1995Q1", "1995Q2", "1995Q3", "1995Q4", 
"1996Q1", "1996Q2", "1996Q3", "1996Q4", "1997Q1", "1997Q2", "1997Q3", 
"1997Q4", "1998Q1", "1998Q2", "1998Q3", "1998Q4", "1999Q1", "1999Q2", 
"1999Q3", "1999Q4", "2000Q1", "2000Q2", "2000Q3", "2000Q4", "2001Q1", 
"2001Q2", "2001Q3", "2001Q4", "2002Q1", "2002Q2", "2002Q3", "2002Q4", 
"2003Q1", "2003Q2", "2003Q3", "2003Q4", "2004Q1", "2004Q2", "2004Q3", 
"2004Q4", "2005Q1", "2005Q2", "2005Q3", "2005Q4", "2006Q1", "2006Q2", 
"2006Q3", "2006Q4", "2007Q1", "2007Q2", "2007Q3", "2007Q4", "2008Q1", 
"2008Q2", "2008Q3", "2008Q4", "2009Q1", "2009Q2", "2009Q3", "2009Q4", 
"2010Q1", "2010Q2", "2010Q3", "2010Q4", "2011Q1", "2011Q2", "2011Q3", 
"2011Q4", "2012Q1", "2012Q2", "2012Q3", "2012Q4", "2013Q1", "2013Q2", 
"2013Q3", "2013Q4", "2014Q1", "2014Q2", "2014Q3", "2014Q4", "2015Q1", 
"2015Q2", "2015Q3", "2015Q4", "2016Q1", "2016Q2", "2016Q3", "2016Q4", 
"2017Q1", "2017Q2", "2017Q3", "2017Q4", "2018Q1", "2018Q2", "2018Q3", 
"2018Q4", "2019Q1", "2019Q2", "2019Q3", "2019Q4", "2020Q1", "2020Q2", 
"2020Q3", "2020Q4", "2021Q1", "2021Q2", "2021Q3", "2021Q4", "2022Q1", 
"2022Q2", "2022Q3", "2022Q4", "2023Q1", "2023Q2", "2023Q3", "2023Q4", 
"2024Q1", "2024Q2", "2024Q3", "2024Q4", "2025Q1"), value = c(0x1.2f789a459103dp+3, 
0x1.0a664f54d1e97p+3, 0x1.d40d51f81a587p+2, 0x1.91f284167a95dp+2, 
0x1.570331e3a7daap+2, 0x1.5bc7ffde7210cp+2, 0x1.7954ac29bf163p+2, 
0x1.a936bd2b6f199p+2, 0x1.0a0750c1b9735p+3, 0x1.2c4a600b02928p+3, 
0x1.3d2f038e29f9dp+3, 0x1.25df86e3b46fep+3, 0x1.c3a2e3c536d65p+2, 
0x1.956ba493c89f4p+2, 0x1.ab8bb4d48882fp+2, 0x1.d32456f75d9a1p+2, 
0x1.18a0578e5c4ebp+3, 0x1.380f840181e04p+3, 0x1.3a7bc7f77af64p+3, 
0x1.15a5d6bebe165p+3, 0x1.5c9d6f112fd33p+2, 0x1.ff94f26aec072p+1, 
0x1.a8b0f27bb2fecp+1, 0x1.ce95d91ab8e8fp+1, 0x1.32061847f5621p+2, 
0x1.80e27e0ef998p+2, 0x1.ac474538ef34dp+2, 0x1.d377d0f1f57b4p+2, 
0x1.f3fb506dd69d3p+2, 0x1.073d3a1d323ffp+3, 0x1.092fa7221858cp+3, 
0x1.066b484d76ab6p+3, 0x1.f8dcd7060bb2cp+2, 0x1.df51f3e89a88bp+2, 
0x1.cd6013660e51dp+2, 0x1.c5db7281fd9bap+2, 0x1.c73868fd199bbp+2, 
0x1.cbb2745bf26f2p+2, 0x1.db99c38b04ab6p+2, 0x1.f17542a23bff9p+2, 
0x1.04779e9d0e992p+3, 0x1.1005b7cfe586p+3, 0x1.12c2396073de2p+3, 
0x1.0e126e978d4fep+3, 0x1.02dff3f0fe048p+3, 0x1.f20a958537e2cp+2, 
0x1.df9f2ba9d1f6p+2, 0x1.cfbfa8f7db6e5p+2, 0x1.d5c9d9d3458cdp+2, 
0x1.d48b2e9ccb7d4p+2, 0x1.db67c6b8b6955p+2, 0x1.eb22856605ee5p+2, 
0x1.e81348b220792p+2, 0x1.f7d00713f077dp+2, 0x1.07e58c4bd33d3p+3, 
0x1.16db61bb05fafp+3, 0x1.2e841cc532a49p+3, 0x1.3a4d7060bb2bcp+3, 
0x1.3a76c4827b6fep+3, 0x1.2ed1fa333764fp+3, 0x1.166568a50507ap+3, 
0x1.089f79420b3d5p+3, 0x1.ff2a23bff8a8fp+2, 0x1.f7b9c304ccee6p+2, 
0x1.010da5daf07cp+3, 0x1.fa8d7e02645e5p+2, 0x1.e7e5f30e7ff58p+2, 
0x1.cd7b45f17bd8cp+2, 0x1.aeb52c9d16fcap+2, 0x1.a58c5c9a34ca1p+2, 
0x1.b5a808c8259e2p+2, 0x1.df0a0f4d7add1p+2, 0x1.1132f01754b06p+3, 
0x1.2fcea8da7f3cfp+3, 0x1.45f1b25f633cep+3, 0x1.516e2c98e53ebp+3, 
0x1.523700474d9c7p+3, 0x1.540a350d2806bp+3, 0x1.57afee6fb4c3cp+3, 
0x1.5d709d8c6d613p+3, 0x1.6674c6e6d9be5p+3, 0x1.6f8fe47991bc5p+3, 
0x1.78efe4ffc9796p+3, 0x1.81fe43675ddd3p+3, 0x1.887ff583a53b9p+3, 
0x1.859f3c70c996bp+3, 0x1.76359ff4fd6d8p+3, 0x1.5dd983947496bp+3, 
0x1.4bc4007570c56p+3, 0x1.3974623d0bfa1p+3, 0x1.38900a393ee5fp+3, 
0x1.4610bc7b45f18p+3, 0x1.830d3cff64cf9p+3, 0x1.7a0b6d86ec17fp+3, 
0x1.7045c9a34ca0cp+3, 0x1.5e1a2e7f6f4bfp+3, 0x1.4d2116659d12dp+3, 
0x1.46d9b8023a6cep+3, 0x1.3ffea5f84cad5p+3, 0x1.4075b5fa22707p+3, 
0x1.46fc5479d4d83p+3, 0x1.4412b7fe08afp+3, 0x1.43a08bfc2224fp+3, 
0x1.40e638433d6c7p+3, 0x1.37a76fb09203ap+3, 0x1.3cf5ff609dcf9p+3, 
0x1.3ad24bfd2e947p+3, 0x1.3937521144cbep+3, 0x1.368644523f67fp+3, 
0x1.3671e8e608073p+3, 0x1.3b26d8b1dd5d4p+3, 0x1.3cff8a8f3a9bp+3, 
0x1.39a3c42a66dbdp+3, 0x1.347cc7d1bb491p+3, 0x1.2a5faebc408d9p+3, 
0x1.1fed99cbee808p+3, 0x1.1de8d972cd7cfp+3, 0x1.18ae7d566cf42p+3, 
0x1.155e481f53826p+3, 0x1.134d7f0ed3d86p+3, 0x1.0ed093964a59cp+3
)), class = "data.frame", row.names = c(NA, -121L))
