structure(list(period_id = c("1999Q1", "1999Q2", "1999Q3", "1999Q4", 
"2000Q1", "2000Q2", "2000Q3", "2000Q4", "2001Q1", "2001Q2", "2001Q3", 
"2001Q4", "2002Q1", "2002Q2", "2002Q3", "2002Q4", "2003Q1", "2003Q2", 
"2003Q3", "2003Q4", "2004Q1", "2004Q2", "2004Q3", "2004Q4", "2005Q1", 
"2005Q2", "2005Q3", "2005Q4", "2006Q1", "2006Q2", "2006Q3", "2006Q4", 
"2007Q1", "2007Q2", "2007Q3", "2007Q4", "2008Q1", "2008Q2", "2008Q3", 
"2008Q4", "2009Q1", "2009Q2", "2009Q3", "2009Q4", "2010Q1", "2010Q2", 
"2010Q3", "2010Q4", "2011Q1", "2011Q2", "2011Q3", "2011Q4", "2012Q1", 
"2012Q2", "2012Q3", "2012Q4", "2013Q1", "2013Q2", "2013Q3", "2013Q4", 
"2014Q1", "2014Q2", "2014Q3", "2014Q4", "2015Q1", "2015Q2", "2015Q3", 
"2015Q4", "2016Q1", "2016Q2", "2016Q3", "2016Q4", "2017Q1", "2017Q2", 
"2017Q3", "2017Q4", "2018Q1", "2018Q2", "2018Q3", "2018Q4", "2019Q1", 
"2019Q2", "2019Q3", "2019Q4", "2020Q1", "2020Q2", "2020Q3", "2020Q4", 
"2021Q1", "2021Q2", "2021Q3", "2021Q4", "2022Q1", "2022Q2", "2022Q3", 
"2022Q4", "2023Q1", "2023Q2", "2023Q3", "2023Q4", "2024Q1", "2024Q2", 
"2024Q3"), value = c(0x1.13f155e6bc622p+8, 0x1.3d0f9a176ddadp+8, 
0x1.194e920c069e8p+8, 0x1.2fa6d5e071c54p+8, 0x1.211112ec6bce8p+8, 
0x1.605b609dcf894p+8, 0x1.3eb62b6ae7d56p+8, 0x1.51b9f5ad96a6ap+8, 
0x1.503e8da7f3cf7p+8, 0x1.a802bc1eff9f8p+8, 0x1.5e37f2f555821p+8, 
0x1.7e7748e4756p+8, 0x1.809d7d5a9eb2p+8, 0x1.ee4713165d399p+8, 
0x1.9dad3cbc48f11p+8, 0x1.b8ce15ca6ca04p+8, 0x1.9c055cc857f3p+8, 
0x1.24c3d1b2e59bp+9, 0x1.c22c7ca643ccp+8, 0x1.dcaa58f7121abp+8, 
0x1.f2c52977c88e8p+8, 0x1.18c5a8049667bp+9, 0x1.04b074b838c11p+9, 
0x1.152d51bd61f5cp+9, 0x1.167f0b8498809p+9, 0x1.3082e746cb967p+9, 
0x1.2abf5bdd76684p+9, 0x1.41d331769a911p+9, 0x1.2f5966516db0ep+9, 
0x1.7369b9ae0c176p+9, 0x1.4ce9975f2cb64p+9, 0x1.6783a6c5d206dp+9, 
0x1.52ed371971c11p+9, 0x1.9235d87b56b87p+9, 0x1.76ca4bcad9ad8p+9, 
0x1.93948900c521ep+9, 0x1.567605e5f30e8p+9, 0x1.b6e334b51372ap+9, 
0x1.787f3b18dac26p+9, 0x1.9146eb56fb8f5p+9, 0x1.39011116a8b8fp+9, 
0x1.7d9b92f2b66b6p+9, 0x1.412851a005c46p+9, 0x1.585179f234656p+9, 
0x1.2def972474539p+9, 0x1.6f6f816aceaafp+9, 0x1.4592e6a76965fp+9, 
0x1.5e7ff79c842fap+9, 0x1.34afe0589acbdp+9, 0x1.6de4bee807bbbp+9, 
0x1.3f88448cf7caap+9, 0x1.55cdea1c68ec5p+9, 0x1.2eb27b784662cp+9, 
0x1.52ecf7a0b5ed9p+9, 0x1.2a8802a77a2cfp+9, 0x1.316cd7060bb2cp+9, 
0x1.120c32ebe596dp+9, 0x1.3427549731099p+9, 0x1.17a5eaf6837f8p+9, 
0x1.17b35c39bcba3p+9, 0x1.1ff51fc4c1659p+9, 0x1.50383fbbd7b2p+9, 
0x1.25e7cfb3311a5p+9, 0x1.2c0586fcdee35p+9, 0x1.2c46a6f3f52fcp+9, 
0x1.53b8592967019p+9, 0x1.35920fcb4f1e5p+9, 0x1.43ba35a426bb5p+9, 
0x1.467da2a4db164p+9, 0x1.6e6e5247cb70bp+9, 0x1.4b244acf312b2p+9, 
0x1.621b080b673c5p+9, 0x1.6175f92f2b66bp+9, 0x1.8a5fb927d45a6p+9, 
0x1.667c2cba732dfp+9, 0x1.75fe33a4723abp+9, 0x1.83861db877ab3p+9, 
0x1.cd2498dcdb37dp+9, 0x1.95004febd09e1p+9, 0x1.a08caad1d041dp+9, 
0x1.a0e9a78f25a25p+9, 0x1.b974e6299524cp+9, 0x1.b248e618ce2d2p+9, 
0x1.cadbc408d8ec9p+9, 0x1.8cc93d74d594fp+9, 0x1.d376be5109071p+9, 
0x1.9218c660a2014p+9, 0x1.b00d3f63c31dfp+9, 0x1.f4a84e50c5eb3p+9, 
0x1.0f489b4dcebffp+10, 0x1.f56dfb2edfe76p+9, 0x1.01ca3e681a9b9p+10, 
0x1.01c16bc621b7ep+10, 0x1.146eb71327243p+10, 0x1.0ac57f993d534p+10, 
0x1.0e9cf29d40eep+10, 0x1.161765492ff4cp+10, 0x1.315e8c9b84556p+10, 
0x1.2aed0014f8b59p+10, 0x1.310ccf80dc337p+10, 0x1.3519269595feep+10, 
0x1.584f1f14983d8p+10, 0x1.3fe7a0dbad3a6p+10)), class = "data.frame", row.names = c(NA, 
-103L))
