structure(list(period_id = c("1995Q1", "1995Q2", "1995Q3", "1995Q4", 
"1996Q1", "1996Q2", "1996Q3", "1996Q4", "1997Q1", "1997Q2", "1997Q3", 
"1997Q4", "1998Q1", "1998Q2", "1998Q3", "1998Q4", "1999Q1", "1999Q2", 
"1999Q3", "1999Q4", "2000Q1", "2000Q2", "2000Q3", "2000Q4", "2001Q1", 
"2001Q2", "2001Q3", "2001Q4", "2002Q1", "2002Q2", "2002Q3", "2002Q4", 
"2003Q1", "2003Q2", "2003Q3", "2003Q4", "2004Q1", "2004Q2", "2004Q3", 
"2004Q4", "2005Q1", "2005Q2", "2005Q3", "2005Q4", "2006Q1", "2006Q2", 
"2006Q3", "2006Q4", "2007Q1", "2007Q2", "2007Q3", "2007Q4", "2008Q1", 
"2008Q2", "2008Q3", "2008Q4", "2009Q1", "2009Q2", "2009Q3", "2009Q4", 
"2010Q1", "2010Q2", "2010Q3", "2010Q4", "2011Q1", "2011Q2", "2011Q3", 
"2011Q4", "2012Q1", "2012Q2", "2012Q3", "2012Q4", "2013Q1", "2013Q2", 
"2013Q3", "2013Q4", "2014Q1", "2014Q2", "2014Q3", "2014Q4", "2015Q1", 
"2015Q2", "2015Q3", "2015Q4", "2016Q1", "2016Q2", "2016Q3", "2016Q4", 
"2017Q1", "2017Q2", "2017Q3", "2017Q4", "2018Q1", "2018Q2", "2018Q3", 
"2018Q4", "2019Q1", "2019Q2", "2019Q3", "2019Q4", "2020Q1", "2020Q2", 
"2020Q3", "2020Q4", "2021Q1", "2021Q2", "2021Q3", "2021Q4", "2022Q1", 
"2022Q2", "2022Q3", "2022Q4", "2023Q1", "2023Q2", "2023Q3", "2023Q4", 
"2024Q1", "2024Q2", "2024Q3", "2024Q4"), value = c(0x1.6c97d6a593a2ep+8, 
0x1.5d16e58a32f45p+8, 0x1.7d4a3497b7415p+8, 0x1.8b99970b49e02p+8, 
0x1.948c995aaf79p+8, 0x1.b203c792d1288p+8, 0x1.a995bdf8f473p+8, 
0x1.a942d7f950b95p+8, 0x1.ba5a62bae03b4p+8, 0x1.af87e28240b78p+8, 
0x1.c853be9856a38p+8, 0x1.c57979d0a6762p+8, 0x1.f4b890c4dec1cp+8, 
0x1.fa99235f80991p+8, 0x1.025e183f91e64p+9, 0x1.00f53458cd20bp+9, 
0x1.2f8a3d9a95422p+9, 0x1.23f84e8b7e4dep+9, 0x1.224d50dae3e6cp+9, 
0x1.286702de00d1bp+9, 0x1.28bdb0ff10ecbp+9, 0x1.321bc044284ep+9, 
0x1.23f9cb1cc9646p+9, 0x1.2b4566e86c658p+9, 0x1.33215579af188p+9, 
0x1.3d7e1db877ab3p+9, 0x1.4214612839043p+9, 0x1.5b2e5d41fa765p+9, 
0x1.727bb0468448dp+9, 0x1.68dedbd72bcb6p+9, 0x1.7a7f685122318p+9, 
0x1.7d3590c0ad03ep+9, 0x1.81b104b3c3e75p+9, 0x1.850b61dc93ea3p+9, 
0x1.990abf7f06706p+9, 0x1.9be699524bfd3p+9, 0x1.8c63ac79702e6p+9, 
0x1.abd7c7d5ed07p+9, 0x1.b144b7baecd08p+9, 0x1.b13a82e019b0bp+9, 
0x1.9c74954a7f801p+9, 0x1.c2105b291b824p+9, 0x1.b28c5d0fa58f7p+9, 
0x1.d24b8d9b5e95bp+9, 0x1.c6b4029f16b12p+9, 0x1.d92337542a23cp+9, 
0x1.d7e6b5fe542e5p+9, 0x1.f677c73eee526p+9, 0x1.042cde1e2de87p+10, 
0x1.096cb2edfe75cp+10, 0x1.1759ad601ffb5p+10, 0x1.1522bb59ddc1ep+10, 
0x1.24ef30d73860ap+10, 0x1.2c4d73a797892p+10, 0x1.2f6faba387592p+10, 
0x1.17903c7d5ed07p+10, 0x1.1a4de95b78ccap+10, 0x1.18cfa038194cp+10, 
0x1.244c3a2163fddp+10, 0x1.1b77a7589efd8p+10, 0x1.1c7c7b5f1bef5p+10, 
0x1.27a1945308bb9p+10, 0x1.28f61dde37586p+10, 0x1.31c05e5aff2a1p+10, 
0x1.3d9886338b47cp+10, 0x1.302e27674d163p+10, 0x1.273e66b1e5c0cp+10, 
0x1.2eafa593a2df9p+10, 0x1.308404ff4341ap+10, 0x1.28d2aa3f034b1p+10, 
0x1.369c3b213e3e3p+10, 0x1.24bd2dadb8349p+10, 0x1.2e1c84a0e410bp+10, 
0x1.3906d9cae211p+10, 0x1.490220d130dfap+10, 0x1.49345b6805a2dp+10, 
0x1.3b767e175d13dp+10, 0x1.476bc5fbf8338p+10, 0x1.4a50c122749f1p+10, 
0x1.4d8fdd616f86ap+10, 0x1.4da36c4c5974ep+10, 0x1.57d2009f62307p+10, 
0x1.514ea0fd3b29ap+10, 0x1.5076f70de8f6dp+10, 0x1.5340e40420f6fp+10, 
0x1.5d3bfb3fa6dfp+10, 0x1.54e3aada33bdap+10, 0x1.630b6950fc71dp+10, 
0x1.6818dd8f92afap+10, 0x1.6e5421ab4b72cp+10, 0x1.6fb9464dc22abp+10, 
0x1.77f0468cac4b5p+10, 0x1.85d0a97e132b5p+10, 0x1.7c46af74cd317p+10, 
0x1.83d7297bfa4c6p+10, 0x1.80ee452c59fb2p+10, 0x1.9171dc2b0ea18p+10, 
0x1.816c4a515ce9ep+10, 0x1.8f605a9eb2075p+10, 0x1.9995571d1d474p+10, 
0x1.4fe0c6b484d77p+10, 0x1.425efd5885d31p+10, 0x1.78dab042528aep+10, 
0x1.563219695d91bp+10, 0x1.76c4c564f97eep+10, 0x1.8c547685985adp+10, 
0x1.9d180ba6266fdp+10, 0x1.a77c7c957cd46p+10, 0x1.b0d44b7f5a533p+10, 
0x1.b82484ec636b1p+10, 0x1.b725d5bab2181p+10, 0x1.aa1d050374ff8p+10, 
0x1.a2d427631b585p+10, 0x1.b5eb56fb8f57fp+10, 0x1.bfce5710880d8p+10, 
0x1.d80ed03d9a954p+10, 0x1.d31a317efe0cep+10, 0x1.d4989ba1b1961p+10, 
0x1.e631c6045baf5p+10, 0x1.f3a9366d7a56ep+10)), class = "data.frame", row.names = c(NA, 
-120L))
