structure(list(period_id = c("1995Q1", "1995Q2", "1995Q3", "1995Q4", 
"1996Q1", "1996Q2", "1996Q3", "1996Q4", "1997Q1", "1997Q2", "1997Q3", 
"1997Q4", "1998Q1", "1998Q2", "1998Q3", "1998Q4", "1999Q1", "1999Q2", 
"1999Q3", "1999Q4", "2000Q1", "2000Q2", "2000Q3", "2000Q4", "2001Q1", 
"2001Q2", "2001Q3", "2001Q4", "2002Q1", "2002Q2", "2002Q3", "2002Q4", 
"2003Q1", "2003Q2", "2003Q3", "2003Q4", "2004Q1", "2004Q2", "2004Q3", 
"2004Q4", "2005Q1", "2005Q2", "2005Q3", "2005Q4", "2006Q1", "2006Q2", 
"2006Q3", "2006Q4", "2007Q1", "2007Q2", "2007Q3", "2007Q4", "2008Q1", 
"2008Q2", "2008Q3", "2008Q4", "2009Q1", "2009Q2", "2009Q3", "2009Q4", 
"2010Q1", "2010Q2", "2010Q3", "2010Q4", "2011Q1", "2011Q2", "2011Q3", 
"2011Q4", "2012Q1", "2012Q2", "2012Q3", "2012Q4", "2013Q1", "2013Q2", 
"2013Q3", "2013Q4", "2014Q1", "2014Q2", "2014Q3", "2014Q4", "2015Q1", 
"2015Q2", "2015Q3", "2015Q4", "2016Q1", "2016Q2", "2016Q3", "2016Q4", 
"2017Q1", "2017Q2", "2017Q3", "2017Q4", "2018Q1", "2018Q2", "2018Q3", 
"2018Q4", "2019Q1", "2019Q2", "2019Q3", "2019Q4", "2020Q1", "2020Q2", 
"2020Q3", "2020Q4", "2021Q1", "2021Q2", "2021Q3", "2021Q4", "2022Q1", 
"2022Q2", "2022Q3", "2022Q4", "2023Q1", "2023Q2", "2023Q3", "2023Q4", 
"2024Q1", "2024Q2", "2024Q3", "2024Q4", "2025Q1", "2025Q2"), 
    value = c(0x1.2f789a459103dp+3, 0x1.0a664f54d1e97p+3, 0x1.d40d51f81a587p+2, 
    0x1.91f284167a95dp+2, 0x1.570331e3a7daap+2, 0x1.5bc7ffde7210cp+2, 
    0x1.7954ac29bf163p+2, 0x1.a936bd2b6f199p+2, 0x1.0a0750c1b9735p+3, 
    0x1.2c4a600b02928p+3, 0x1.3d2f038e29f9dp+3, 0x1.25df86e3b46fep+3, 
    0x1.c3a2e3c536d65p+2, 0x1.956ba493c89f4p+2, 0x1.ab8bb4d48882fp+2, 
    0x1.d32456f75d9a1p+2, 0x1.18a0578e5c4ebp+3, 0x1.380f840181e04p+3, 
    0x1.3a7bc7f77af64p+3, 0x1.15a5d6bebe165p+3, 0x1.5c9d6f112fd33p+2, 
    0x1.ff94f26aec072p+1, 0x1.a8b0f27bb2fecp+1, 0x1.ce95d91ab8e8fp+1, 
    0x1.32061847f5621p+2, 0x1.80e27e0ef998p+2, 0x1.ac474538ef34dp+2, 
    0x1.d377d0f1f57b4p+2, 0x1.f3fa7a85015c2p+2, 0x1.073d1aa821f2ap+3, 
    0x1.092f5771001d6p+3, 0x1.066ac215b9a5bp+3, 0x1.f8dadfb506dd7p+2, 
    0x1.df507e9d94d0ep+2, 0x1.cd5e8d5410f95p+2, 0x1.c5d972cd7cf5fp+2, 
    0x1.c736501e2584fp+2, 0x1.cbb089a027525p+2, 0x1.db98201cd5f9ap+2, 
    0x1.f173d188f42ffp+2, 0x1.0476e3f78bbd4p+3, 0x1.1004ec636b096p+3, 
    0x1.12c156e264e48p+3, 0x1.0e11b823c85c2p+3, 0x1.02df47f993d53p+3, 
    0x1.f209070fbeb9ep+2, 0x1.df9db65ecc3e3p+2, 0x1.cfbdec5f394b8p+2, 
    0x1.d5c7d1bb4916dp+2, 0x1.d488f42fe8251p+2, 0x1.db6544fe36d22p+2, 
    0x1.eb1ff2e48e8a7p+2, 0x1.e8113836a832cp+2, 0x1.f7ceb78897e99p+2, 
    0x1.07e50c5eb313cp+3, 0x1.16dae1cde5d18p+3, 0x1.2e83686a4ca4fp+3, 
    0x1.3a4c74b838c11p+3, 0x1.3a75b5fa22707p+3, 0x1.2ed1351159c49p+3, 
    0x1.1664f11b60ae9p+3, 0x1.089f212d77319p+3, 0x1.ff293d102bc73p+2, 
    0x1.f7b8561d4306ep+2, 0x1.010c8259e1f3ap+3, 0x1.fa8a86d71f362p+2, 
    0x1.e7e2f37fbefdp+2, 0x1.cd7891e215337p+2, 0x1.aeb320535c9e6p+2, 
    0x1.a58ace24bba13p+2, 0x1.b5a686e7e62dcp+2, 0x1.df0817fc7607cp+2, 
    0x1.11319e731d2e1p+3, 0x1.2fcd31769a911p+3, 0x1.45f079e59f2bbp+3, 
    0x1.516d549731099p+3, 0x1.52366d7a56de3p+3, 0x1.5409aaa3ad18dp+3, 
    0x1.57af251c193b4p+3, 0x1.5d6fa82e87d2cp+3, 0x1.6673c0c1fc8f3p+3, 
    0x1.6f8ef34d6a162p+3, 0x1.78ef2a5a469d7p+3, 0x1.81fd86a8fc0d3p+3, 
    0x1.887ef177a7009p+3, 0x1.859dd7ecbb7fap+3, 0x1.76344a1f0803p+3, 
    0x1.5dd81adea8976p+3, 0x1.4bc32ebe596c8p+3, 0x1.39739b024f65ap+3, 
    0x1.388f1b25f633dp+3, 0x1.460f1d3ed527ep+3, 0x1.830bf7f06705dp+3, 
    0x1.7a09edbf8b9bbp+3, 0x1.70443d46b26cp+3, 0x1.5e18efbb0e5e6p+3, 
    0x1.4d20685553ef7p+3, 0x1.46d8e432441ffp+3, 0x1.3ffdc5931ca7dp+3, 
    0x1.4074aba387592p+3, 0x1.46fb19e731d2ep+3, 0x1.441183b60285fp+3, 
    0x1.439f666234a88p+3, 0x1.40e55c0fcb4f2p+3, 0x1.37a6a22b3892fp+3, 
    0x1.3cf51ce28ed5fp+3, 0x1.3ad10b1feeb2dp+3, 0x1.39365ecc3e319p+3, 
    0x1.36858793dd97fp+3, 0x1.367143393ab43p+3, 0x1.3b2604e1e7104p+3, 
    0x1.3cfe9b7bf1e8ep+3, 0x1.39a2d72ffd1ddp+3, 0x1.347bdf090f734p+3, 
    0x1.2a5f04ddb5526p+3, 0x1.1fdfd2630ec31p+3, 0x1.1db6177ea1c69p+3, 
    0x1.18f86a098915cp+3, 0x1.15a5fe974a34p+3, 0x1.132291fb3fa6ep+3, 
    0x1.0de92923e5b85p+3, 0x1.0931098d477bcp+3)), class = "data.frame", row.names = c(NA, 
-122L))
