structure(list(period_id = c("1995Q1", "1995Q2", "1995Q3", "1995Q4", 
"1996Q1", "1996Q2", "1996Q3", "1996Q4", "1997Q1", "1997Q2", "1997Q3", 
"1997Q4", "1998Q1", "1998Q2", "1998Q3", "1998Q4", "1999Q1", "1999Q2", 
"1999Q3", "1999Q4", "2000Q1", "2000Q2", "2000Q3", "2000Q4", "2001Q1", 
"2001Q2", "2001Q3", "2001Q4", "2002Q1", "2002Q2", "2002Q3", "2002Q4", 
"2003Q1", "2003Q2", "2003Q3", "2003Q4", "2004Q1", "2004Q2", "2004Q3", 
"2004Q4", "2005Q1", "2005Q2", "2005Q3", "2005Q4", "2006Q1", "2006Q2", 
"2006Q3", "2006Q4", "2007Q1", "2007Q2", "2007Q3", "2007Q4", "2008Q1", 
"2008Q2", "2008Q3", "2008Q4", "2009Q1", "2009Q2", "2009Q3", "2009Q4", 
"2010Q1", "2010Q2", "2010Q3", "2010Q4", "2011Q1", "2011Q2", "2011Q3", 
"2011Q4", "2012Q1", "2012Q2", "2012Q3", "2012Q4", "2013Q1", "2013Q2", 
"2013Q3", "2013Q4", "2014Q1", "2014Q2", "2014Q3", "2014Q4", "2015Q1", 
"2015Q2", "2015Q3", "2015Q4", "2016Q1", "2016Q2", "2016Q3", "2016Q4", 
"2017Q1", "2017Q2", "2017Q3", "2017Q4", "2018Q1", "2018Q2", "2018Q3", 
"2018Q4", "2019Q1", "2019Q2", "2019Q3", "2019Q4", "2020Q1", "2020Q2", 
"2020Q3", "2020Q4", "2021Q1", "2021Q2", "2021Q3", "2021Q4", "2022Q1", 
"2022Q2", "2022Q3", "2022Q4", "2023Q1", "2023Q2", "2023Q3", "2023Q4", 
"2024Q1", "2024Q2", "2024Q3", "2024Q4", "2025Q1", "2025Q2", "2025Q3"
), value = c(0x1.d5f4ca25529fep+10, 0x1.f0177c88e79abp+10, 0x1.06bc8b75ea67fp+11, 
0x1.0eb01d2391d58p+11, 0x1.1876ddfeb8d82p+11, 0x1.1c8e756a7ac82p+11, 
0x1.22c5e43cc07abp+11, 0x1.2c644f8f8a4c2p+11, 0x1.34b14f50a02b8p+11, 
0x1.4205a8112ba17p+11, 0x1.46489c90c4decp+11, 0x1.51943682730c6p+11, 
0x1.57330f1f57b42p+11, 0x1.5bbd723aafff3p+11, 0x1.6a5d761cbccf3p+11, 
0x1.733f185cee17ap+11, 0x1.83ff3397dd00fp+11, 0x1.92b943a647fdcp+11, 
0x1.9629265add9c2p+11, 0x1.9eb38aa433509p+11, 0x1.aa49825e13b19p+11, 
0x1.a96de43675dddp+11, 0x1.ba80f5579af19p+11, 0x1.c5c0a6f60e0ebp+11, 
0x1.d1ed8a0f4d7aep+11, 0x1.e31032af14552p+11, 0x1.e8427c6540cc8p+11, 
0x1.f6c0b70ac3a86p+11, 0x1.0374a789e774fp+12, 0x1.05ce5795b35b1p+12, 
0x1.0c87f09528f19p+12, 0x1.13b4ed2999568p+12, 0x1.19ead74a3400cp+12, 
0x1.2005164840e17p+12, 0x1.2823f0142f61fp+12, 0x1.2a35012cf0f9dp+12, 
0x1.2d76a7f0aa21ap+12, 0x1.336b17be9856ap+12, 0x1.3a9627503b81bp+12, 
0x1.3c91e65492ff5p+12, 0x1.3e19487ca643dp+12, 0x1.456d7313be22ep+12, 
0x1.434041eabbcb2p+12, 0x1.4c6e165907d91p+12, 0x1.4d6f87724fa8bp+12, 
0x1.5275447e49b2p+12, 0x1.527c972474539p+12, 0x1.5c06eff5c6c12p+12, 
0x1.6477ea5614df9p+12, 0x1.6ed7be8576ccep+12, 0x1.78390e9b38d61p+12, 
0x1.80a19ea57214fp+12, 0x1.8d9fcda9003efp+12, 0x1.967d8ee8d10f5p+12, 
0x1.9bb1d3dc8b86bp+12, 0x1.991304f1a1987p+12, 0x1.9bce0a3400b89p+12, 
0x1.9dbdd471715c6p+12, 0x1.a64525d074214p+12, 0x1.aa1454b8bef8dp+12, 
0x1.a91d1ede1198bp+12, 0x1.aba1301a79fedp+12, 0x1.b0111c3ce208ap+12, 
0x1.b48ddc4007571p+12, 0x1.b7d278cc9a77ep+12, 0x1.b8c3c83771865p+12, 
0x1.bc1b36ac64778p+12, 0x1.b86a8d8127b2dp+12, 0x1.c222c3a109d06p+12, 
0x1.b30a7cb817332p+12, 0x1.ae8f631c64ba9p+12, 0x1.ad33c24c404a7p+12, 
0x1.a98107cb70ac4p+12, 0x1.a8e1aa7589efep+12, 0x1.a91a8b2fa93afp+12, 
0x1.aa3761c8a7a42p+12, 0x1.abd20e325d4a6p+12, 0x1.ab8374916ca47p+12, 
0x1.abda749e01de2p+12, 0x1.ad1dd2c27a637p+12, 0x1.afcb623e18698p+12, 
0x1.b2611fc19c172p+12, 0x1.b568a95c853c1p+12, 0x1.b8571ff822bbfp+12, 
0x1.bc9f7558a761p+12, 0x1.c28eda9a80496p+12, 0x1.c77b903968d76p+12, 
0x1.cb666c7da1ec5p+12, 0x1.cfab715c63ae2p+12, 0x1.d2f50b2d905cp+12, 
0x1.d7ee4203e63e9p+12, 0x1.de46aff3ade22p+12, 0x1.e46c51ff7164cp+12, 
0x1.eb7ffee4e26d5p+12, 0x1.f18fc87768167p+12, 0x1.fc7e1842b734bp+12, 
0x1.030f8364388ecp+13, 0x1.06ff8451b9303p+13, 0x1.09fd4a90cd424p+13, 
0x1.0a9554013ec46p+13, 0x1.0a0a283c297cp+13, 0x1.edc149d495183p+12, 
0x1.0fe2a200c0f02p+13, 0x1.fd213ff36ac64p+12, 0x1.0f9f7d7342edcp+13, 
0x1.208e90f16f438p+13, 0x1.2edbf55a3a084p+13, 0x1.398173f4a98abp+13, 
0x1.34df6db2f661fp+13, 0x1.46cdf1c087443p+13, 0x1.4c5dccab3edd9p+13, 
0x1.52bb87a398202p+13, 0x1.57c05485e3da3p+13, 0x1.5edb18f92af9bp+13, 
0x1.65df92e62131bp+13, 0x1.6c8eb79d0a676p+13, 0x1.755eabd4cfd09p+13, 
0x1.7a01a218def41p+13, 0x1.7eee1068986fdp+13, 0x1.82d948333fc87p+13, 
0x1.8649667d77faep+13, 0x1.8a6f61aac53b1p+13, 0x1.8dc79d49d7ba6p+13
)), class = "data.frame", row.names = c(NA, -123L))
