structure(list(period_id = c("1995Q1", "1995Q2", "1995Q3", "1995Q4", 
"1996Q1", "1996Q2", "1996Q3", "1996Q4", "1997Q1", "1997Q2", "1997Q3", 
"1997Q4", "1998Q1", "1998Q2", "1998Q3", "1998Q4", "1999Q1", "1999Q2", 
"1999Q3", "1999Q4", "2000Q1", "2000Q2", "2000Q3", "2000Q4", "2001Q1", 
"2001Q2", "2001Q3", "2001Q4", "2002Q1", "2002Q2", "2002Q3", "2002Q4", 
"2003Q1", "2003Q2", "2003Q3", "2003Q4", "2004Q1", "2004Q2", "2004Q3", 
"2004Q4", "2005Q1", "2005Q2", "2005Q3", "2005Q4", "2006Q1", "2006Q2", 
"2006Q3", "2006Q4", "2007Q1", "2007Q2", "2007Q3", "2007Q4", "2008Q1", 
"2008Q2", "2008Q3", "2008Q4", "2009Q1", "2009Q2", "2009Q3", "2009Q4", 
"2010Q1", "2010Q2", "2010Q3", "2010Q4", "2011Q1", "2011Q2", "2011Q3", 
"2011Q4", "2012Q1", "2012Q2", "2012Q3", "2012Q4", "2013Q1", "2013Q2", 
"2013Q3", "2013Q4", "2014Q1", "2014Q2", "2014Q3", "2014Q4", "2015Q1", 
"2015Q2", "2015Q3", "2015Q4", "2016Q1", "2016Q2", "2016Q3", "2016Q4", 
"2017Q1", "2017Q2", "2017Q3", "2017Q4", "2018Q1", "2018Q2", "2018Q3", 
"2018Q4", "2019Q1", "2019Q2", "2019Q3", "2019Q4", "2020Q1", "2020Q2", 
"2020Q3", "2020Q4", "2021Q1", "2021Q2", "2021Q3", "2021Q4", "2022Q1", 
"2022Q2", "2022Q3", "2022Q4", "2023Q1", "2023Q2", "2023Q3", "2023Q4", 
"2024Q1", "2024Q2", "2024Q3", "2024Q4"), value = c(NA, NA, NA, 
NA, 0x1.7c4545803cd14p+10, 0x1.7f15109070fbfp+10, 0x1.8395133c1ce6cp+10, 
0x1.87517f2c3009bp+10, 0x1.8c9836262cba7p+10, 0x1.90b3eeaa6d267p+10, 
0x1.91e72a8869c67p+10, 0x1.92abf57f737dap+10, 0x1.93117c73eee52p+10, 
0x1.95e33f811f4f5p+10, 0x1.9a9204d12018ap+10, 0x1.9f8b34117f844p+10, 
0x1.a3455a57646aep+10, 0x1.a7238e368f084p+10, 0x1.ab119491f2dc3p+10, 
0x1.adc64128bf3bfp+10, 0x1.aec608b32ce89p+10, 0x1.acd868661ae71p+10, 
0x1.b3c82391d58p+10, 0x1.b4f823ee1bd1fp+10, 0x1.b7396672fba02p+10, 
0x1.bac048f10a99bp+10, 0x1.b5aed4e09784fp+10, 0x1.b6e0fcc5b8dc5p+10, 
0x1.ba232edbb59dep+10, 0x1.bd93aa433508fp+10, 0x1.bef33b03e20cdp+10, 
0x1.c3700902de00dp+10, 0x1.c4fa700474d9cp+10, 0x1.c9345953586cbp+10, 
0x1.cf7dddf00abf7p+10, 0x1.d0971a3f4666fp+10, 0x1.d6cadc4c9c90cp+10, 
0x1.db457a6bd6e8bp+10, 0x1.e12c09cc319c6p+10, 0x1.ea6e5d95dd4c7p+10, 
0x1.edfc9d3458cd2p+10, 0x1.f5280e453d20fp+10, 0x1.f6ceff9b56324p+10, 
0x1.f75d271fff79dp+10, 0x1.fa4a1fd5885d3p+10, 0x1.fbe2f22c01e69p+10, 
0x1.012520a30db6ap+11, 0x1.067bd82ba5a04p+11, 0x1.0ac6086bdf4c3p+11, 
0x1.0e90e2b4959e6p+11, 0x1.12a2b6113404fp+11, 0x1.1171e581cf788p+11, 
0x1.131e884e831adp+11, 0x1.154759429175p+11, 0x1.13858de4c5111p+11, 
0x1.14636277c45ccp+11, 0x1.13e1bc3c5bd0ep+11, 0x1.11e91b2a27f1bp+11, 
0x1.111e2161e4f76p+11, 0x1.11164e50c5eb3p+11, 0x1.11b59c7de5083p+11, 
0x1.12ed8e66cb103p+11, 0x1.134577318fc5p+11, 0x1.14d9041aac53bp+11, 
0x1.156e5834091c1p+11, 0x1.187c1539b8887p+11, 0x1.1c7829973d9ecp+11, 
0x1.19e11fcf3dc05p+11, 0x1.1bcbad3415b14p+11, 0x1.17ae16a6a0126p+11, 
0x1.152431055b899p+11, 0x1.15971c4b90215p+11, 0x1.1291e45803cd1p+11, 
0x1.144cace032db2p+11, 0x1.15df3c74fb54ap+11, 0x1.1693fa0945f9ep+11, 
0x1.1733a1a0cf18p+11, 0x1.15742f33ca31ep+11, 0x1.14682b4528284p+11, 
0x1.170639991361ep+11, 0x1.199d8adcd2d45p+11, 0x1.1c0b0e8858ff7p+11, 
0x1.1df317ce52dedp+11, 0x1.1c204916ca46ep+11, 0x1.1e0f42a23bff9p+11, 
0x1.202282ba5a038p+11, 0x1.21752d77318fcp+11, 0x1.24b8d50ebaadep+11, 
0x1.24f474c4cdfadp+11, 0x1.26be7ff36ac64p+11, 0x1.2a6a7ffbce421p+11, 
0x1.2daae99c7bcc3p+11, 0x1.307e01c92ddbep+11, 0x1.319dad8e43244p+11, 
0x1.3225d953586cbp+11, 0x1.34e8bf50e3476p+11, 0x1.37e824a05dd9p+11, 
0x1.3c3e489f40a28p+11, 0x1.3ed2c886162f1p+11, 0x1.3ff4cff64cf8dp+11, 
0x1.2c5c2999567dcp+11, 0x1.e27e45953586dp+10, 0x1.1680201cd5f9ap+11, 
0x1.ffd9f40a2877fp+10, 0x1.06eee92923e5cp+11, 0x1.0c2db5ac8a372p+11, 
0x1.41a46a91d9b1bp+11, 0x1.451c77c6759abp+11, 0x1.42c671bcdbbep+11, 
0x1.455b94dd72368p+11, 0x1.485f74fb549f9p+11, 0x1.4d6be3f9a49c3p+11, 
0x1.4f27201abd1abp+11, 0x1.4f919af9ebe9dp+11, 0x1.50602398201cdp+11, 
0x1.4e0f5c50ce4ebp+11, 0x1.504ec89f40a28p+11, 0x1.521f9f90539fcp+11, 
0x1.535a9361dc93fp+11, 0x1.5556fa43fe5c9p+11)), class = "data.frame", row.names = c(NA, 
-120L))
