structure(list(period_id = c("1995Q1", "1995Q2", "1995Q3", "1995Q4", 
"1996Q1", "1996Q2", "1996Q3", "1996Q4", "1997Q1", "1997Q2", "1997Q3", 
"1997Q4", "1998Q1", "1998Q2", "1998Q3", "1998Q4", "1999Q1", "1999Q2", 
"1999Q3", "1999Q4", "2000Q1", "2000Q2", "2000Q3", "2000Q4", "2001Q1", 
"2001Q2", "2001Q3", "2001Q4", "2002Q1", "2002Q2", "2002Q3", "2002Q4", 
"2003Q1", "2003Q2", "2003Q3", "2003Q4", "2004Q1", "2004Q2", "2004Q3", 
"2004Q4", "2005Q1", "2005Q2", "2005Q3", "2005Q4", "2006Q1", "2006Q2", 
"2006Q3", "2006Q4", "2007Q1", "2007Q2", "2007Q3", "2007Q4", "2008Q1", 
"2008Q2", "2008Q3", "2008Q4", "2009Q1", "2009Q2", "2009Q3", "2009Q4", 
"2010Q1", "2010Q2", "2010Q3", "2010Q4", "2011Q1", "2011Q2", "2011Q3", 
"2011Q4", "2012Q1", "2012Q2", "2012Q3", "2012Q4", "2013Q1", "2013Q2", 
"2013Q3", "2013Q4", "2014Q1", "2014Q2", "2014Q3", "2014Q4", "2015Q1", 
"2015Q2", "2015Q3", "2015Q4", "2016Q1", "2016Q2", "2016Q3", "2016Q4", 
"2017Q1", "2017Q2", "2017Q3", "2017Q4", "2018Q1", "2018Q2", "2018Q3", 
"2018Q4", "2019Q1", "2019Q2", "2019Q3", "2019Q4", "2020Q1", "2020Q2", 
"2020Q3", "2020Q4", "2021Q1", "2021Q2", "2021Q3", "2021Q4", "2022Q1", 
"2022Q2", "2022Q3", "2022Q4", "2023Q1", "2023Q2", "2023Q3", "2023Q4", 
"2024Q1", "2024Q2", "2024Q3", "2024Q4"), value = c(NA, NA, NA, 
NA, 0x1.0b633d5bab218p+8, 0x1.0d5a2be0589adp+8, 0x1.1663a365cb35fp+8, 
0x1.1996fe718a86dp+8, 0x1.1825a1db877abp+8, 0x1.1626730c67169p+8, 
0x1.18120ae9680ep+8, 0x1.3289da16616b5p+8, 0x1.20b1c31593e6p+8, 
0x1.2de56e264e486p+8, 0x1.2f94d0cc35ce2p+8, 0x1.34d1da48b6523p+8, 
0x1.3f70d8fd5cb79p+8, 0x1.421dfd1569f49p+8, 0x1.42a91b71758e2p+8, 
0x1.4643913e81451p+8, 0x1.4613a493c89f4p+8, 0x1.47062b27cbf6ep+8, 
0x1.46069728a6117p+8, 0x1.4d1e7f2c3009bp+8, 0x1.593bfc0096febp+8, 
0x1.5eb38a2a90cd4p+8, 0x1.68ca376922d95p+8, 0x1.6664f6cefed63p+8, 
0x1.6560bf8fcd68p+8, 0x1.64f7f0995aaf8p+8, 0x1.674298fe69271p+8, 
0x1.6a24154c985fp+8, 0x1.6b924883fd502p+8, 0x1.7134fa48301a8p+8, 
0x1.711dd68c692f7p+8, 0x1.71636273929edp+8, 0x1.6eb022036006dp+8, 
0x1.6f760daa0cae6p+8, 0x1.6e76f837b4a23p+8, 0x1.738dd052934adp+8, 
0x1.79f50342aa9f8p+8, 0x1.7c072aae29739p+8, 0x1.7c08e8533b107p+8, 
0x1.81e63d2d87f88p+8, 0x1.7ba7e86833c6p+8, 0x1.797bfda4052d6p+8, 
0x1.7a41df97aaac1p+8, 0x1.7e9cf483cafb4p+8, 0x1.8d5cc21e1d218p+8, 
0x1.a9b8167a95c85p+8, 0x1.ae576a50d6b23p+8, 0x1.a56d00d5e8d54p+8, 
0x1.9b02e2b8c75c5p+8, 0x1.9f943760bf5d8p+8, 0x1.a04b687b139c9p+8, 
0x1.a193c68661ae7p+8, 0x1.a5b00df58c08bp+8, 0x1.ab0e58a32f449p+8, 
0x1.acb534373f317p+8, 0x1.b65fb352a8438p+8, 0x1.b6c5a1a93293dp+8, 
0x1.c345885d31338p+8, 0x1.cb2bb8f57f738p+8, 0x1.d270b923a29c7p+8, 
0x1.dd4c5b5b70692p+8, 0x1.d4f30867ad8e4p+8, 0x1.d5efe24febd0ap+8, 
0x1.d3612fb19e732p+8, 0x1.d34a347629521p+8, 0x1.cdf8787485e3ep+8, 
0x1.cc2b99d451fc5p+8, 0x1.bb2b878b7a1c2p+8, 0x1.b2bc38f366949p+8, 
0x1.aef223d0bfa09p+8, 0x1.aba58b2e9ccb8p+8, 0x1.b6974bf8fcd68p+8, 
0x1.bbc62f6a50d6bp+8, 0x1.c04ef36ef8056p+8, 0x1.c35e4bfd2e947p+8, 
0x1.bdc3b9cf9a06ap+8, 0x1.b9fd0ca1cef24p+8, 0x1.ba6c97635e743p+8, 
0x1.bc05bb7b6bb13p+8, 0x1.c47c17ca2120ep+8, 0x1.d9c35c182ecafp+8, 
0x1.eb7195464dc23p+8, 0x1.010c85b18548bp+9, 0x1.0a560afa2f05ap+9, 
0x1.0c4f78359bc34p+9, 0x1.0fa2b92c06184p+9, 0x1.112725bb7b6bbp+9, 
0x1.0f996191148fep+9, 0x1.139c5814940bcp+9, 0x1.1555b328b6d87p+9, 
0x1.1a695f1bef49dp+9, 0x1.22a0727dcbddcp+9, 0x1.2da3054ac29bfp+9, 
0x1.3125f6ba0620bp+9, 0x1.33badb59578a3p+9, 0x1.3cabb7281fd9cp+9, 
0x1.02b7e54b48d3bp+9, 0x1.e57c535c9e668p+8, 0x1.2a648b545c78ap+9, 
0x1.a229dca4b124dp+8, 0x1.316a18e757929p+9, 0x1.3c1dbff8a8f3bp+9, 
0x1.45c363e4abe6ap+9, 0x1.4f1e54690de09p+9, 0x1.5c8094ee392e2p+9, 
0x1.63afb71758e22p+9, 0x1.612e29068987p+9, 0x1.5700eae18ac9fp+9, 
0x1.5191de2691644p+9, 0x1.495e74ea8da7fp+9, 0x1.41f2918e325d5p+9, 
0x1.4e59815a07b35p+9, 0x1.4b8a18266772dp+9, 0x1.4d106d2ed783ep+9, 
0x1.520f8f92af9a9p+9, 0x1.4d585be1a8262p+9)), class = "data.frame", row.names = c(NA, 
-120L))
