structure(list(period_id = c("2005Q1", "2005Q2", "2005Q3", "2005Q4", 
"2006Q1", "2006Q2", "2006Q3", "2006Q4", "2007Q1", "2007Q2", "2007Q3", 
"2007Q4", "2008Q1", "2008Q2", "2008Q3", "2008Q4", "2009Q1", "2009Q2", 
"2009Q3", "2009Q4", "2010Q1", "2010Q2", "2010Q3", "2010Q4", "2011Q1", 
"2011Q2", "2011Q3", "2011Q4", "2012Q1", "2012Q2", "2012Q3", "2012Q4", 
"2013Q1", "2013Q2", "2013Q3", "2013Q4", "2014Q1", "2014Q2", "2014Q3", 
"2014Q4", "2015Q1", "2015Q2", "2015Q3", "2015Q4", "2016Q1", "2016Q2", 
"2016Q3", "2016Q4", "2017Q1", "2017Q2", "2017Q3", "2017Q4", "2018Q1", 
"2018Q2", "2018Q3", "2018Q4", "2019Q1", "2019Q2", "2019Q3", "2019Q4", 
"2020Q1", "2020Q2", "2020Q3", "2020Q4", "2021Q1", "2021Q2", "2021Q3", 
"2021Q4", "2022Q1", "2022Q2", "2022Q3", "2022Q4", "2023Q1", "2023Q2", 
"2023Q3", "2023Q4", "2024Q1", "2024Q2", "2024Q3", "2024Q4", "2025Q1"
), value = c(0x1.7920d45a5fc7ep+10, 0x1.e600e618ce2d2p+10, 0x1.ffe458d5842b7p+10, 
0x1.1841edfe75bc4p+11, 0x1.a3cf49c6f36fp+10, 0x1.06bd83f705858p+11, 
0x1.241ba9c99285bp+11, 0x1.46b2f2799a1fdp+11, 0x1.ed24e392e1ef7p+10, 
0x1.3c2921e3eaf68p+11, 0x1.55c9f284167a9p+11, 0x1.5f99c67dfe32ap+11, 
0x1.259b16d6dc1a4p+11, 0x1.72a23a647fdc6p+11, 0x1.7dbc1d6f112fdp+11, 
0x1.5dd4fc47e49b2p+11, 0x1.e625b4890928ap+10, 0x1.1cb759c8c9321p+11, 
0x1.1d42bd35eb745p+11, 0x1.188446f156191p+11, 0x1.94e68305d95ddp+10, 
0x1.f13e120e1f7d7p+10, 0x1.e9670c6f7a0b6p+10, 0x1.048bdcdd50a89p+11, 
0x1.9a28c9d9d3459p+10, 0x1.d4d794d50ebabp+10, 0x1.d63829068987p+10, 
0x1.f1b0f5dfeb8d8p+10, 0x1.85afb3dd11be7p+10, 0x1.b7a044b6e935cp+10, 
0x1.bf24fb7e90ff9p+10, 0x1.bd7368b9fdbd3p+10, 0x1.935c8f2e05ccdp+10, 
0x1.c25a55cd91eebp+10, 0x1.c0f7f4c6e6d9cp+10, 0x1.e46639a38fbcap+10, 
0x1.9b801dc93ea2dp+10, 0x1.d21ab167ec786p+10, 0x1.d463746455eafp+10, 
0x1.d10dbb7739f34p+10, 0x1.9817065300581p+10, 0x1.d02d532a497fap+10, 
0x1.cc78525460aa6p+10, 0x1.e7cc3404ea4a9p+10, 0x1.824967ad8e432p+10, 
0x1.c1a7fed63454ap+10, 0x1.c53f8198f1d3fp+10, 0x1.e96459b8023a7p+10, 
0x1.b3a69aae6c8f7p+10, 0x1.efa082a9930bep+10, 0x1.e823445aa2e3cp+10, 
0x1.13ac0ecb74dep+11, 0x1.e60dc70c996b7p+10, 0x1.1593959817b96p+11, 
0x1.1bb9bd9018e75p+11, 0x1.3189e6ea85447p+11, 0x1.17b3eaee2003bp+11, 
0x1.35b1b762d83c7p+11, 0x1.2ac1c96462802p+11, 0x1.2d36c304ccee6p+11, 
0x1.0cec1afc04c8cp+11, 0x1.0319e833c6003p+11, 0x1.1f67bcc2938dep+11, 
0x1.2802e1416377ap+11, 0x1.278fe323bbc6fp+11, 0x1.437e84d551d69p+11, 
0x1.546dbd5347a5bp+11, 0x1.66b707db2b346p+11, 0x1.688a791a32b13p+11, 
0x1.882446de76428p+11, 0x1.93e940ce91c8fp+11, 0x1.92d23dff3f0fep+11, 
0x1.a21b50aed99ccp+11, 0x1.b1d92e46cfc83p+11, 0x1.af8c8c2c5e2cep+11, 
0x1.a6052ac53b081p+11, 0x1.b2d2853198288p+11, 0x1.b105a515ce9e6p+11, 
0x1.92413c83a96d5p+11, 0x1.98d376a50d6b2p+11, 0x1.a426629307af2p+11
)), class = "data.frame", row.names = c(NA, -81L))
