structure(list(period_id = c("2002M03", "2002M04", "2002M05", 
"2002M06", "2002M07", "2002M08", "2002M09", "2002M10", "2002M11", 
"2002M12", "2003M01", "2003M02", "2003M03", "2003M04", "2003M05", 
"2003M06", "2003M07", "2003M08", "2003M09", "2003M10", "2003M11", 
"2003M12", "2004M01", "2004M02", "2004M03", "2004M04", "2004M05", 
"2004M06", "2004M07", "2004M08", "2004M09", "2004M10", "2004M11", 
"2004M12", "2005M01", "2005M02", "2005M03", "2005M04", "2005M05", 
"2005M06", "2005M07", "2005M08", "2005M09", "2005M10", "2005M11", 
"2005M12", "2006M01", "2006M02", "2006M03", "2006M04", "2006M05", 
"2006M06", "2006M07", "2006M08", "2006M09", "2006M10", "2006M11", 
"2006M12", "2007M01", "2007M02", "2007M03", "2007M04", "2007M05", 
"2007M06", "2007M07", "2007M08", "2007M09", "2007M10", "2007M11", 
"2007M12", "2008M01", "2008M02", "2008M03", "2008M04", "2008M05", 
"2008M06", "2008M07", "2008M08", "2008M09", "2008M10", "2008M11", 
"2008M12", "2009M01", "2009M02", "2009M03", "2009M04", "2009M05", 
"2009M06", "2009M07", "2009M08", "2009M09", "2009M10", "2009M11", 
"2009M12", "2010M01", "2010M02", "2010M03", "2010M04", "2010M05", 
"2010M06", "2010M07", "2010M08", "2010M09", "2010M10", "2010M11", 
"2010M12", "2011M01", "2011M02", "2011M03", "2011M04", "2011M05", 
"2011M06", "2011M07", "2011M08", "2011M09", "2011M10", "2011M11", 
"2011M12", "2012M01", "2012M02", "2012M03", "2012M04", "2012M05", 
"2012M06", "2012M07", "2012M08", "2012M09", "2012M10", "2012M11", 
"2012M12", "2013M01", "2013M02", "2013M03", "2013M04", "2013M05", 
"2013M06", "2013M07", "2013M08", "2013M09", "2013M10", "2013M11", 
"2013M12", "2014M01", "2014M02", "2014M03", "2014M04", "2014M05", 
"2014M06", "2014M07", "2014M08", "2014M09", "2014M10", "2014M11", 
"2014M12", "2015M01", "2015M02", "2015M03", "2015M04", "2015M05", 
"2015M06", "2015M07", "2015M08", "2015M09", "2015M10", "2015M11", 
"2015M12", "2016M01", "2016M02", "2016M03", "2016M04", "2016M05", 
"2016M06", "2016M07", "2016M08", "2016M09", "2016M10", "2016M11", 
"2016M12", "2017M01", "2017M02", "2017M03", "2017M04", "2017M05", 
"2017M06", "2017M07", "2017M08", "2017M09", "2017M10", "2017M11", 
"2017M12", "2018M01", "2018M02", "2018M03", "2018M04", "2018M05", 
"2018M06", "2018M07", "2018M08", "2018M09", "2018M10", "2018M11", 
"2018M12", "2019M01", "2019M02", "2019M03", "2019M04", "2019M05", 
"2019M06", "2019M07", "2019M08", "2019M09", "2019M10", "2019M11", 
"2019M12", "2020M01", "2020M02", "2020M03", "2020M04", "2020M05", 
"2020M06", "2020M07", "2020M08", "2020M09", "2020M10", "2020M11", 
"2020M12", "2021M01", "2021M02", "2021M03", "2021M04", "2021M05", 
"2021M06", "2021M07", "2021M08", "2021M09", "2021M10", "2021M11", 
"2021M12", "2022M01", "2022M02", "2022M03", "2022M04", "2022M05", 
"2022M06", "2022M07", "2022M08", "2022M09", "2022M10", "2022M11", 
"2022M12", "2023M01", "2023M02", "2023M03", "2023M04", "2023M05", 
"2023M06", "2023M07", "2023M08", "2023M09", "2023M10", "2023M11", 
"2023M12", "2024M01", "2024M02", "2024M03", "2024M04", "2024M05", 
"2024M06", "2024M07", "2024M08", "2024M09", "2024M10", "2024M11", 
"2024M12", "2025M01", "2025M02", "2025M03", "2025M04", "2025M05", 
"2025M06"), value = c(NA, NA, NA, NA, NA, NA, NA, NA, NA, NA, 
NA, NA, NA, NA, NA, NA, NA, NA, NA, NA, NA, NA, NA, NA, NA, NA, 
NA, NA, NA, NA, NA, NA, NA, NA, NA, NA, NA, NA, NA, NA, NA, NA, 
NA, NA, NA, NA, NA, NA, NA, NA, NA, NA, NA, NA, NA, NA, NA, NA, 
NA, NA, NA, NA, NA, NA, NA, NA, NA, NA, NA, NA, NA, NA, NA, NA, 
NA, NA, NA, NA, NA, NA, NA, NA, NA, NA, NA, NA, NA, NA, NA, NA, 
NA, NA, NA, NA, -0x1.60ba1107ba33ap+5, -0x1.80220892422ecp+5, 
-0x1.9f62123a8c904p+5, -0x1.72823b736afe2p+5, -0x1.764726ee5ef66p+5, 
-0x1.81bb5130743c1p+5, -0x1.6ece174efc119p+5, -0x1.67083fd230978p+5, 
-0x1.18bda148b1ecfp+5, -0x1.257fc0144f0edp+5, -0x1.3893d7f789752p+5, 
-0x1.526707f2e8955p+5, -0x1.626dcd7f46a98p+5, -0x1.3423b8ba9386ap+5, 
-0x1.2f9a62c44569cp+5, -0x1.2986b533ba27fp+5, -0x1.070036cd3e034p+5, 
-0x1.ddb3cf79bf228p+4, -0x1.eb32624168ab1p+4, -0x1.0a11d73ae4d86p+5, 
-0x1.e3ba69453df7bp+4, -0x1.b2017134647a7p+4, -0x1.ccbb37338cb92p+4, 
-0x1.a2457f6bb4c8cp+4, -0x1.e9be79f87ab6cp+4, -0x1.0222e12483d42p+5, 
-0x1.f85ff2887bc2ap+4, -0x1.f2af016feca2p+4, -0x1.0a97a195cd986p+5, 
-0x1.0d3d94f6b66fp+5, -0x1.bc3ca0c2c77f2p+4, -0x1.865ae6f473e36p+4, 
-0x1.c7b04ab57d475p+4, -0x1.bfcbad8613329p+4, -0x1.705e393c9dd14p+4, 
-0x1.34324cbefe0acp+4, -0x1.3a67939e82e27p+4, -0x1.1c7a314307d65p+4, 
-0x1.47c757e874482p+4, -0x1.2573e2c691d2ep+3, -0x1.72103515d03abp+2, 
-0x1.c802669a9c569p+2, -0x1.275a80781babcp+3, -0x1.20c4ad91fc9fdp+2, 
-0x1.09900f1978771p+3, -0x1.7e582dd9571edp+3, -0x1.3719874e799bep+3, 
-0x1.99e71ed71f7aep+3, -0x1.2713c274da1c9p+3, -0x1.f911f1a6ee385p+3, 
-0x1.44d880909a52cp+1, -0x1.bc17a24b43f62p+3, 0x1.51d3acfe83dcap+2, 
-0x1.834c5a5ef9be2p+1, 0x1.4c3768d13e905p+0, -0x1.ebff4ee879035p+2, 
-0x1.46a5b3c2a9772p+3, -0x1.cdbc8b928107cp+2, -0x1.324bcc7462528p+3, 
-0x1.d556b2fb50a9fp+2, -0x1.607e51c827543p+2, -0x1.2f35355679088p+2, 
0x1.23d8d95ddd5e7p+1, -0x1.e167d34df04dep+1, -0x1.9eab710ab7c79p+2, 
-0x1.09e6ee4edb38p+2, -0x1.e95b06128b147p+2, -0x1.501a541d49ce1p+3, 
-0x1.94c773368374cp+2, -0x1.2dd253bf9ab52p+2, -0x1.f5b58fd360ff6p+2, 
-0x1.353a8387671aap+2, -0x1.a9b90816465fep+2, -0x1.1d71ab92da269p+3, 
-0x1.82450dbee307dp+2, -0x1.e8c340243afb6p+1, -0x1.c6489a4d9e996p+1, 
-0x1.d15106c7892fep-3, -0x1.2854276585d1fp+1, 0x1.23ddc5157bf0cp+3, 
0x1.e9e27f1d8ed39p+2, 0x1.31a50bdeec9b3p+2, 0x1.2fbc253a21391p+3, 
0x1.526834bad053ap+3, 0x1.921b8ad053142p+3, 0x1.605419a7ad13ep+4, 
0x1.15c4dbe283314p+4, 0x1.34bd68a549bfdp+4, 0x1.0e0327269bb16p+4, 
0x1.340107399ef6fp+4, 0x1.a91962fb557efp+4, 0x1.605664294a513p+4, 
0x1.61683e97b7b99p+4, 0x1.b65bf5833e274p+4, 0x1.a700257596964p+3, 
0x1.6459e46ce2bd9p+4, 0x1.060a2be0363ebp+5, 0x1.121547ad23f64p+5, 
0x1.ce3e8cc5cba6bp+4, 0x1.e6581a069169ap+4, 0x1.00768c7d73c09p+5, 
0x1.d2203c93c8e4p+4, 0x1.99526cd1173cep+4, 0x1.d078aadadf8a1p+4, 
0x1.90ab132452a34p+4, 0x1.64c18e45b117cp+4, 0x1.b608a00fddf72p+4, 
0x1.5474700f901e8p+4, 0x1.45cd377d08ae1p+4, 0x1.981b93d4106b9p+4, 
0x1.80ad5bfe13d2dp+4, 0x1.225a3d0294dacp+4, 0x1.3bf8722c0ec91p+4, 
0x1.69e1a1c02617cp+4, 0x1.0820e60f46a28p+4, 0x1.7bccf5864bd66p+3, 
0x1.0a95aa8beb6c6p+4, 0x1.e3134d7ce07b5p+3, 0x1.107f8ea733715p+4, 
0x1.1ca6213ac965dp+4, 0x1.3dbd01a2b9cb3p+4, 0x1.3d6c21669bda3p+4, 
0x1.9c0aac06eabcp+3, -0x1.61da84d6f2733p+3, -0x1.52864f917c838p+3, 
0x1.18edfe54730dbp+2, 0x1.49b67813af56cp+3, 0x1.cbe1adc6910d4p+3, 
0x1.dc11aca53174cp+3, 0x1.2e075f42b940bp+3, 0x1.0997f83a1684ep+3, 
0x1.1c23365ef2e5dp+3, 0x1.9537e4d046207p+3, 0x1.39ad411b1fb88p+4, 
0x1.680eef9477f1bp+4, 0x1.ae52f6a03877dp+4, 0x1.d18a8c97c242dp+4, 
0x1.f1782e6e0db5ep+4, 0x1.8fb5dd4faf735p+4, 0x1.8d11dff7c43ebp+4, 
0x1.d87fac7b6265cp+4, 0x1.c7535a2dc04fp+4, 0x1.ae4ca90a9d345p+4, 
0x1.0806ff2586ef9p+5, 0x1.21dd2f303ba97p+5, 0x1.f37cbf83744f7p+4, 
0x1.bed49aa611aabp+4, 0x1.95fa6f953937bp+4, 0x1.e511a221528b1p+4, 
0x1.7cd2e244471b9p+4, 0x1.72eb4902ed092p+4, 0x1.79c2f1fd77a95p+4, 
0x1.c7d49531663abp+3, 0x1.9f55f47ac44ap+4, 0x1.6f00df0ae7e58p+4, 
0x1.b0b8579dee098p+4, 0x1.4270eabe1bd16p+4, 0x1.3d19e9a0dcc8bp+4, 
0x1.2bd260e06a8e7p+4, 0x1.3a78471bf350ap+4, 0x1.0e8b20684cbcfp+4, 
0x1.30e8947268525p+4, 0x1.26513f7fbf1f6p+4, 0x1.e87aa6611fa2p+3, 
0x1.3af07e10ebcf6p+4, 0x1.022a14ed5e23p+4, 0x1.2cccb83181a4ap+4, 
0x1.4ba974823b8cap+4, 0x1.c7bd803d15f9dp+3, 0x1.4c7048d0b1e75p+3, 
0x1.c307789c6b528p+3, 0x1.0dea486291bdp+3, 0x1.938bbc4ab84edp+3, 
0x1.ffbf3b1a43895p+2, 0x1.a6276a3281652p+3, 0x1.14435efc871c1p+4, 
0x1.056ebe4c4541cp+4, 0x1.2bf80eef0ec9ap+4, 0x1.2eb5edeea7e05p+4, 
0x1.b16328ba9a816p+3, 0x1.82df5c818b2ffp+3, 0x1.3098e5c23c252p+3, 
0x1.a24f5e4596c94p+3, 0x1.f9fd32f6776b2p+3, 0x1.a7bf5cc6cccffp+3, 
0x1.81195818f953cp+3)), class = "data.frame", row.names = c(NA, 
-280L))
