structure(list(period_id = c("2000M01", "2000M02", "2000M03", 
"2000M04", "2000M05", "2000M06", "2000M07", "2000M08", "2000M09", 
"2000M10", "2000M11", "2000M12", "2001M01", "2001M02", "2001M03", 
"2001M04", "2001M05", "2001M06", "2001M07", "2001M08", "2001M09", 
"2001M10", "2001M11", "2001M12", "2002M01", "2002M02", "2002M03", 
"2002M04", "2002M05", "2002M06", "2002M07", "2002M08", "2002M09", 
"2002M10", "2002M11", "2002M12", "2003M01", "2003M02", "2003M03", 
"2003M04", "2003M05", "2003M06", "2003M07", "2003M08", "2003M09", 
"2003M10", "2003M11", "2003M12", "2004M01", "2004M02", "2004M03", 
"2004M04", "2004M05", "2004M06", "2004M07", "2004M08", "2004M09", 
"2004M10", "2004M11", "2004M12", "2005M01", "2005M02", "2005M03", 
"2005M04", "2005M05", "2005M06", "2005M07", "2005M08", "2005M09", 
"2005M10", "2005M11", "2005M12", "2006M01", "2006M02", "2006M03", 
"2006M04", "2006M05", "2006M06", "2006M07", "2006M08", "2006M09", 
"2006M10", "2006M11", "2006M12", "2007M01", "2007M02", "2007M03", 
"2007M04", "2007M05", "2007M06", "2007M07", "2007M08", "2007M09", 
"2007M10", "2007M11", "2007M12", "2008M01", "2008M02", "2008M03", 
"2008M04", "2008M05", "2008M06", "2008M07", "2008M08", "2008M09", 
"2008M10", "2008M11", "2008M12", "2009M01", "2009M02", "2009M03", 
"2009M04", "2009M05", "2009M06", "2009M07", "2009M08", "2009M09", 
"2009M10", "2009M11", "2009M12", "2010M01", "2010M02", "2010M03", 
"2010M04", "2010M05", "2010M06", "2010M07", "2010M08", "2010M09", 
"2010M10", "2010M11", "2010M12", "2011M01", "2011M02", "2011M03", 
"2011M04", "2011M05", "2011M06", "2011M07", "2011M08", "2011M09", 
"2011M10", "2011M11", "2011M12", "2012M01", "2012M02", "2012M03", 
"2012M04", "2012M05", "2012M06", "2012M07", "2012M08", "2012M09", 
"2012M10", "2012M11", "2012M12", "2013M01", "2013M02", "2013M03", 
"2013M04", "2013M05", "2013M06", "2013M07", "2013M08", "2013M09", 
"2013M10", "2013M11", "2013M12", "2014M01", "2014M02", "2014M03", 
"2014M04", "2014M05", "2014M06", "2014M07", "2014M08", "2014M09", 
"2014M10", "2014M11", "2014M12", "2015M01", "2015M02", "2015M03", 
"2015M04", "2015M05", "2015M06", "2015M07", "2015M08", "2015M09", 
"2015M10", "2015M11", "2015M12", "2016M01", "2016M02", "2016M03", 
"2016M04", "2016M05", "2016M06", "2016M07", "2016M08", "2016M09", 
"2016M10", "2016M11", "2016M12", "2017M01", "2017M02", "2017M03", 
"2017M04", "2017M05", "2017M06", "2017M07", "2017M08", "2017M09", 
"2017M10", "2017M11", "2017M12", "2018M01", "2018M02", "2018M03", 
"2018M04", "2018M05", "2018M06", "2018M07", "2018M08", "2018M09", 
"2018M10", "2018M11", "2018M12", "2019M01", "2019M02", "2019M03", 
"2019M04", "2019M05", "2019M06", "2019M07", "2019M08", "2019M09", 
"2019M10", "2019M11", "2019M12", "2020M01", "2020M02", "2020M03", 
"2020M04", "2020M05", "2020M06", "2020M07", "2020M08", "2020M09", 
"2020M10", "2020M11", "2020M12", "2021M01", "2021M02", "2021M03", 
"2021M04", "2021M05", "2021M06", "2021M07", "2021M08", "2021M09", 
"2021M10", "2021M11", "2021M12", "2022M01", "2022M02", "2022M03", 
"2022M04", "2022M05", "2022M06", "2022M07", "2022M08", "2022M09", 
"2022M10", "2022M11", "2022M12", "2023M01", "2023M02", "2023M03", 
"2023M04", "2023M05", "2023M06", "2023M07", "2023M08", "2023M09", 
"2023M10", "2023M11", "2023M12", "2024M01", "2024M02", "2024M03", 
"2024M04", "2024M05", "2024M06", "2024M07", "2024M08", "2024M09", 
"2024M10", "2024M11", "2024M12"), value = c(0x1.2a1775p+26, 0x1.71c38dcp+26, 
0x1.b8d812p+26, 0x1.5ade8b4p+26, 0x1.956973p+26, 0x1.a33a29p+26, 
0x1.9a9308p+26, 0x1.1235bp+25, 0x1.9d344ap+26, 0x1.a231544p+26, 
0x1.98ffb4p+26, 0x1.6c046e8p+26, 0x1.7e1ba2cp+26, 0x1.7312008p+26, 
0x1.ba75bf8p+26, 0x1.5831b9cp+26, 0x1.be35b84p+26, 0x1.8c44f1p+26, 
0x1.cb54d24p+26, 0x1.abf2748p+25, 0x1.77da618p+26, 0x1.c3c6b0cp+26, 
0x1.7a1fdacp+26, 0x1.4fa85a4p+26, 0x1.b39c12p+26, 0x1.c0b2524p+26, 
0x1.f863becp+26, 0x1.04f2a26p+27, 0x1.d520f98p+26, 0x1.e623dc8p+26, 
0x1.bc48fc4p+26, 0x1.b90162p+25, 0x1.e48d84cp+26, 0x1.d8e424p+26, 
0x1.70a64d4p+26, 0x1.4e55cdp+26, 0x1.95c2554p+26, 0x1.8ebf7e8p+26, 
0x1.e2fd704p+26, 0x1.dba2c34p+26, 0x1.c26c27cp+26, 0x1.c79d5dp+26, 
0x1.abc0428p+26, 0x1.60b88ap+25, 0x1.bb1349cp+26, 0x1.dc7926p+26, 
0x1.971b528p+26, 0x1.6cdb558p+26, 0x1.5e83d34p+26, 0x1.be89adcp+26, 
0x1.0d44a7ep+27, 0x1.ce3437p+26, 0x1.10542a4p+27, 0x1.3d8e4fp+27, 
0x1.322cd84p+27, 0x1.3a781dcp+26, 0x1.4a20dcap+27, 0x1.598313p+27, 
0x1.57ac1fp+27, 0x1.325f3d8p+27, 0x1.504f2ecp+27, 0x1.6909932p+27, 
0x1.b11d562p+27, 0x1.84bfdecp+27, 0x1.7c7e6fp+27, 0x1.c1bef98p+27, 
0x1.8b3e658p+27, 0x1.a36b894p+26, 0x1.a94c56cp+27, 0x1.961454cp+27, 
0x1.cc8d662p+27, 0x1.a5b2614p+27, 0x1.899f93ap+27, 0x1.b856e5ep+27, 
0x1.fe0d05ep+27, 0x1.ad87e9p+27, 0x1.cc44992p+27, 0x1.d4352e6p+27, 
0x1.acd5546p+27, 0x1.c22e84cp+26, 0x1.c77a556p+27, 0x1.d7af464p+27, 
0x1.bdb3fdep+27, 0x1.c4cdddep+27, 0x1.d783a4ap+27, 0x1.0abddafp+28, 
0x1.5c27868p+28, 0x1.264b03fp+28, 0x1.548ef3bp+28, 0x1.6620cdfp+28, 
0x1.58a17f9p+28, 0x1.1e57659p+28, 0x1.4e41bb5p+28, 0x1.8884187p+28, 
0x1.6ff5a6p+28, 0x1.1da6c9dp+28, 0x1.5ea75bbp+28, 0x1.60fda48p+28, 
0x1.6e97b09p+28, 0x1.755d716p+28, 0x1.6dbfe7dp+28, 0x1.74cee7dp+28, 
0x1.7217ce6p+28, 0x1.dc7e3acp+27, 0x1.568379cp+28, 0x1.44fdf4p+28, 
0x1.fb7848cp+27, 0x1.7152dep+27, 0x1.7a00e34p+27, 0x1.04267bap+28, 
0x1.15e9c3ep+28, 0x1.1081c6bp+28, 0x1.13dec13p+28, 0x1.3603197p+28, 
0x1.1762c53p+28, 0x1.58a3166p+27, 0x1.206b038p+28, 0x1.26aae1ap+28, 
0x1.1327e67p+28, 0x1.caa179ep+27, 0x1.ed930c4p+27, 0x1.e1b9a6ap+27, 
0x1.3c919dap+28, 0x1.2781319p+28, 0x1.20929e6p+28, 0x1.3af7ad9p+28, 
0x1.2510975p+28, 0x1.5989086p+27, 0x1.26dc265p+28, 0x1.0e45d42p+28, 
0x1.1ca111dp+28, 0x1.b0c6c32p+27, 0x1.17628c2p+28, 0x1.129f5e4p+28, 
0x1.5230f9p+28, 0x1.29d5edp+28, 0x1.3674e95p+28, 0x1.12fa1f5p+28, 
0x1.0d1aa62p+28, 0x1.5323b74p+27, 0x1.0ebb763p+28, 0x1.13bce61p+28, 
0x1.2b716cbp+28, 0x1.0382642p+28, 0x1.f4fb968p+27, 0x1.14a3203p+28, 
0x1.3b21d87p+28, 0x1.04cb711p+28, 0x1.0ea278bp+28, 0x1.151b71fp+28, 
0x1.f20d89ep+27, 0x1.3899a34p+27, 0x1.deeadfp+27, 0x1.1dfdaf8p+28, 
0x1.357db04p+28, 0x1.aa081bcp+27, 0x1.d21cee2p+27, 0x1.e9e45bcp+27, 
0x1.2c90a11p+28, 0x1.3e153e3p+28, 0x1.25abc08p+28, 0x1.09296cep+28, 
0x1.23c7527p+28, 0x1.54f9fe2p+27, 0x1.17110cbp+28, 0x1.250973p+28, 
0x1.0970756p+28, 0x1.00d0dcep+28, 0x1.0a92a7p+28, 0x1.0801397p+28, 
0x1.371709bp+28, 0x1.4d1f56cp+28, 0x1.3b8e95cp+28, 0x1.39acbf4p+28, 
0x1.46dd88bp+28, 0x1.828528cp+27, 0x1.7a7eb3ep+28, 0x1.7fb5eadp+28, 
0x1.83014eap+28, 0x1.51a0bfbp+28, 0x1.56f4c1cp+28, 0x1.680c8ddp+28, 
0x1.98b9111p+28, 0x1.540f194p+28, 0x1.67353dfp+28, 0x1.822c3f6p+28, 
0x1.6c8edccp+28, 0x1.b28e8bcp+27, 0x1.7390767p+28, 0x1.99ea539p+28, 
0x1.966277ap+28, 0x1.447d9d6p+28, 0x1.46ab124p+28, 0x1.9471477p+28, 
0x1.a978ee8p+28, 0x1.aa99b45p+28, 0x1.8d1b30ep+28, 0x1.c1790fep+28, 
0x1.ae22202p+28, 0x1.49b30cbp+28, 0x1.94b1cbfp+28, 0x1.8d4a5f7p+28, 
0x1.ad1745fp+28, 0x1.84c5e88p+28, 0x1.ad60e8ap+28, 0x1.a89f2b6p+28, 
0x1.0af841f8p+29, 0x1.d58f3fdp+28, 0x1.1dd3255p+29, 0x1.1359089p+29, 
0x1.0c20b4c8p+29, 0x1.85641ap+28, 0x1.f840564p+28, 0x1.27811bf8p+29, 
0x1.19d117fp+29, 0x1.171789e8p+29, 0x1.36fb5dap+29, 0x1.06895f38p+29, 
0x1.50b62a4p+29, 0x1.247713f8p+29, 0x1.37fe0bfp+29, 0x1.19fac338p+29, 
0x1.3d394658p+29, 0x1.a7d7e9dp+28, 0x1.f18efacp+28, 0x1.36d40d18p+29, 
0x1.3bac45d8p+29, 0x1.0753cd98p+29, 0x1.0d897d2p+29, 0x1.33cd36dp+29, 
0x1.46d95418p+29, 0x1.5431ccd8p+29, 0x1.4dfdf5p+29, 0x1.038d4f38p+29, 
0x1.2d1a0c7p+29, 0x1.720ddcfp+28, 0x1.1ad37a28p+29, 0x1.48ac08p+29, 
0x1.4e616a38p+29, 0x1.2b2daefp+29, 0x1.1fef0c4p+29, 0x1.41641cap+29, 
0x1.e944c8p+28, 0x1.783eb0ep+27, 0x1.71b330dp+28, 0x1.0e2ca308p+29, 
0x1.2d8c7228p+29, 0x1.498d802p+28, 0x1.1f72c3ep+29, 0x1.40242428p+29, 
0x1.47d1d58p+29, 0x1.0b9a275p+29, 0x1.c50b8e6p+28, 0x1.07f4d478p+29, 
0x1.64ad963p+29, 0x1.185a1edp+29, 0x1.e6785fcp+28, 0x1.18d68928p+29, 
0x1.e497f9ap+28, 0x1.e349a25p+28, 0x1.6a639c58p+29, 0x1.3f4e0bfp+29, 
0x1.c359eba8p+29, 0x1.8b49187p+29, 0x1.04504ec8p+29, 0x1.2a460098p+29, 
