structure(list(period_id = c("1995Q1", "1995Q2", "1995Q3", "1995Q4", 
"1996Q1", "1996Q2", "1996Q3", "1996Q4", "1997Q1", "1997Q2", "1997Q3", 
"1997Q4", "1998Q1", "1998Q2", "1998Q3", "1998Q4", "1999Q1", "1999Q2", 
"1999Q3", "1999Q4", "2000Q1", "2000Q2", "2000Q3", "2000Q4", "2001Q1", 
"2001Q2", "2001Q3", "2001Q4", "2002Q1", "2002Q2", "2002Q3", "2002Q4", 
"2003Q1", "2003Q2", "2003Q3", "2003Q4", "2004Q1", "2004Q2", "2004Q3", 
"2004Q4", "2005Q1", "2005Q2", "2005Q3", "2005Q4", "2006Q1", "2006Q2", 
"2006Q3", "2006Q4", "2007Q1", "2007Q2", "2007Q3", "2007Q4", "2008Q1", 
"2008Q2", "2008Q3", "2008Q4", "2009Q1", "2009Q2", "2009Q3", "2009Q4", 
"2010Q1", "2010Q2", "2010Q3", "2010Q4", "2011Q1", "2011Q2", "2011Q3", 
"2011Q4", "2012Q1", "2012Q2", "2012Q3", "2012Q4", "2013Q1", "2013Q2", 
"2013Q3", "2013Q4", "2014Q1", "2014Q2", "2014Q3", "2014Q4", "2015Q1", 
"2015Q2", "2015Q3", "2015Q4", "2016Q1", "2016Q2", "2016Q3", "2016Q4", 
"2017Q1", "2017Q2", "2017Q3", "2017Q4", "2018Q1", "2018Q2", "2018Q3", 
"2018Q4", "2019Q1", "2019Q2", "2019Q3", "2019Q4", "2020Q1", "2020Q2", 
"2020Q3", "2020Q4", "2021Q1", "2021Q2", "2021Q3", "2021Q4", "2022Q1", 
"2022Q2", "2022Q3", "2022Q4", "2023Q1", "2023Q2", "2023Q3", "2023Q4", 
"2024Q1", "2024Q2", "2024Q3", "2024Q4", "2025Q1", "2025Q2"), 
    value = c(NA, NA, NA, NA, 0x1.0b633d5bab218p+8, 0x1.0d5a2be0589adp+8, 
    0x1.1663a365cb35fp+8, 0x1.1996fe718a86dp+8, 0x1.1825a1db877abp+8, 
    0x1.1626730c67169p+8, 0x1.18120ae9680ep+8, 0x1.3289da16616b5p+8, 
    0x1.20b1c31593e6p+8, 0x1.2de56e264e486p+8, 0x1.2f94d0cc35ce2p+8, 
    0x1.34d1da48b6523p+8, 0x1.3f70d8fd5cb79p+8, 0x1.421dfd1569f49p+8, 
    0x1.42a91b71758e2p+8, 0x1.4643913e81451p+8, 0x1.4613a493c89f4p+8, 
    0x1.47062b27cbf6ep+8, 0x1.46069728a6117p+8, 0x1.4d1e7f2c3009bp+8, 
    0x1.593bfc0096febp+8, 0x1.5eb38a2a90cd4p+8, 0x1.68ca376922d95p+8, 
    0x1.6664f6cefed63p+8, 0x1.6560bf8fcd68p+8, 0x1.64f7f0995aaf8p+8, 
    0x1.674298fe69271p+8, 0x1.6a24154c985fp+8, 0x1.6b924883fd502p+8, 
    0x1.7134fa48301a8p+8, 0x1.711dd68c692f7p+8, 0x1.71636273929edp+8, 
    0x1.6eb022036006dp+8, 0x1.6f760daa0cae6p+8, 0x1.6e76f837b4a23p+8, 
    0x1.738dd052934adp+8, 0x1.79f50342aa9f8p+8, 0x1.7c072aae29739p+8, 
    0x1.7c08e8533b107p+8, 0x1.81e63d2d87f88p+8, 0x1.7ba7e86833c6p+8, 
    0x1.797bfda4052d6p+8, 0x1.7a41df97aaac1p+8, 0x1.7e9cf483cafb4p+8, 
    0x1.8d5cc21e1d218p+8, 0x1.a9b8167a95c85p+8, 0x1.ae576a50d6b23p+8, 
    0x1.a56d00d5e8d54p+8, 0x1.9b02e2b8c75c5p+8, 0x1.9f943760bf5d8p+8, 
    0x1.a04b687b139c9p+8, 0x1.a193c68661ae7p+8, 0x1.a5b00df58c08bp+8, 
    0x1.ab0e58a32f449p+8, 0x1.acb534373f317p+8, 0x1.b65fb352a8438p+8, 
    0x1.b6b34a558ea7dp+8, 0x1.c338ad9ad85ep+8, 0x1.cb224180d3cffp+8, 
    0x1.d29638c975297p+8, 0x1.dc69c90c4dec2p+8, 0x1.d5495193708abp+8, 
    0x1.d61dc0767d34ep+8, 0x1.d310d48882f0ep+8, 0x1.d566f6c69b5a6p+8, 
    0x1.cd83b0813cab8p+8, 0x1.cbe629c779a6bp+8, 0x1.bafe26c3b927dp+8, 
    0x1.b13d270b06c44p+8, 0x1.ae9cfb549f948p+8, 0x1.ab286338b47c7p+8, 
    0x1.b5f605ab3aabdp+8, 0x1.bb58d2f5dbb9dp+8, 0x1.bfd2807bbb624p+8, 
    0x1.c2db838c111aep+8, 0x1.bd78ca600b029p+8, 0x1.b914fd2a62aa2p+8, 
    0x1.ba640303c07eep+8, 0x1.bc6333daf8df8p+8, 0x1.c5081ce6c093ep+8, 
    0x1.dbb43a647fdc6p+8, 0x1.ebec35ce18266p+8, 0x1.01202df9378eep+9, 
    0x1.0a3cc5a8155d6p+9, 0x1.0bbcb0ea18373p+9, 0x1.0f5425529fep+9, 
    0x1.10b99ed7c6fbdp+9, 0x1.0f13d5a9eb207p+9, 0x1.132bf4e4430b1p+9, 
    0x1.14c65e80bed74p+9, 0x1.19e4b039ef0f1p+9, 0x1.2234731d2e0e3p+9, 
    0x1.2d14e3bcd35a8p+9, 0x1.30c84e831ad21p+9, 0x1.336caa53fc009p+9, 
    0x1.3c09934699418p+9, 0x1.04f391cd1c7dep+9, 0x1.e4dfaf640639dp+8, 
    0x1.2a8f92d98bf7fp+9, 0x1.a269e6ab9b23ep+8, 0x1.311a33269df98p+9, 
    0x1.3bec276b7ed42p+9, 0x1.45c260a201472p+9, 0x1.4f3dc72e275abp+9, 
    0x1.5c619c065b63dp+9, 0x1.638ab40f66a55p+9, 0x1.60f1aa60913a5p+9, 
    0x1.56b0eb702602dp+9, 0x1.50bf24f227d03p+9, 0x1.493612ad81adfp+9, 
    0x1.41bd6e8af8162p+9, 0x1.4f2bf18c9fb61p+9, 0x1.494ef55582129p+9, 
    0x1.4dcfe6c4c5975p+9, 0x1.55330f627392ap+9, 0x1.52707b784662cp+9, 
    0x1.5acaf9335d24ap+9, 0x1.5adeff6d33094p+9)), class = "data.frame", row.names = c(NA, 
-122L))
