structure(list(period_id = c("2000", "2001", "2002", "2003", 
"2004", "2005", "2006", "2007", "2008", "2009", "2010", "2011", 
"2012", "2013", "2014", "2015", "2016", "2017", "2018", "2019", 
"2020", "2021", "2022"), value = c(NA, NA, NA, NA, NA, NA, NA, 
NA, NA, NA, NA, NA, NA, NA, NA, NA, NA, NA, 0x1.a3c361565c2d2p+10, 
0x1.d11756cd6c2fp+10, 0x1.e35a35daad602p+10, 0x1.313144aa53fcp+11, 
0x1.885142bd7f51fp+11)), class = "data.frame", row.names = c(NA, 
-23L))
