structure(list(period_id = c("2014M01", "2014M02", "2014M03", 
"2014M04", "2014M05", "2014M06", "2014M07", "2014M08", "2014M09", 
"2014M10", "2014M11", "2014M12", "2015M01", "2015M02", "2015M03", 
"2015M04", "2015M05", "2015M06", "2015M07", "2015M08", "2015M09", 
"2015M10", "2015M11", "2015M12", "2016M01", "2016M02", "2016M03", 
"2016M04", "2016M05", "2016M06", "2016M07", "2016M08", "2016M09", 
"2016M10", "2016M11", "2016M12", "2017M01", "2017M02", "2017M03", 
"2017M04", "2017M05", "2017M06", "2017M07", "2017M08", "2017M09", 
"2017M10", "2017M11", "2017M12", "2018M01", "2018M02", "2018M03", 
"2018M04", "2018M05", "2018M06", "2018M07", "2018M08", "2018M09", 
"2018M10", "2018M11", "2018M12", "2019M01", "2019M02", "2019M03", 
"2019M04", "2019M05", "2019M06", "2019M07", "2019M08", "2019M09", 
"2019M10", "2019M11", "2019M12", "2020M01", "2020M02", "2020M03", 
"2020M04", "2020M05", "2020M06", "2020M07", "2020M08", "2020M09", 
"2020M10", "2020M11", "2020M12", "2021M01", "2021M02", "2021M03", 
"2021M04", "2021M05", "2021M06", "2021M07", "2021M08", "2021M09", 
"2021M10", "2021M11", "2021M12", "2022M01", "2022M02", "2022M03", 
"2022M04", "2022M05", "2022M06", "2022M07", "2022M08", "2022M09", 
"2022M10", "2022M11", "2022M12", "2023M01", "2023M02", "2023M03", 
"2023M04", "2023M05", "2023M06", "2023M07", "2023M08", "2023M09", 
"2023M10", "2023M11", "2023M12", "2024M01", "2024M02", "2024M03"
), value = c(0x1.6355c28f5c28fp+10, 0x1.5f9e147ae147bp+10, 0x1.6290a3d70a3d7p+10, 
0x1.60b7ae147ae14p+10, 0x1.601999999999ap+10, 0x1.5dp+10, 0x1.63751eb851eb8p+10, 
0x1.5c43333333333p+10, 0x1.5d4a3d70a3d71p+10, 0x1.63b3d70a3d70ap+10, 
0x1.81551eb851eb8p+10, 0x1.6ae3333333333p+10, 0x1.6093d70a3d70ap+10, 
0x1.5e6p+10, 0x1.67cae147ae148p+10, 0x1.635a3d70a3d71p+10, 0x1.5d0e147ae147bp+10, 
0x1.62270a3d70a3dp+10, 0x1.63070a3d70a3dp+10, 0x1.5e8a3d70a3d71p+10, 
0x1.5e5e147ae147bp+10, 0x1.63528f5c28f5cp+10, 0x1.8cd3d70a3d70ap+10, 
0x1.6d1851eb851ecp+10, 0x1.621ae147ae148p+10, 0x1.6b00a3d70a3d7p+10, 
0x1.6ffeb851eb852p+10, 0x1.67cf5c28f5c29p+10, 0x1.6446666666666p+10, 
0x1.654e147ae147bp+10, 0x1.615851eb851ecp+10, 0x1.69bcccccccccdp+10, 
0x1.64770a3d70a3dp+10, 0x1.659a3d70a3d71p+10, 0x1.8fp+10, 0x1.7c61eb851eb85p+10, 
0x1.6c45c28f5c28fp+10, 0x1.6b7a3d70a3d71p+10, 0x1.77bd70a3d70a4p+10, 
0x1.6ac70a3d70a3dp+10, 0x1.71d3333333333p+10, 0x1.6fe6666666666p+10, 
0x1.6cc3d70a3d70ap+10, 0x1.739f5c28f5c29p+10, 0x1.6d90a3d70a3d7p+10, 
0x1.7380a3d70a3d7p+10, 0x1.9f447ae147ae1p+10, 0x1.8e8f5c28f5c29p+10, 
0x1.7dbc28f5c28f6p+10, 0x1.7bacccccccccdp+10, 0x1.8398f5c28f5c3p+10, 
0x1.7fb3d70a3d70ap+10, 0x1.7f91eb851eb85p+10, 0x1.7b4d70a3d70a4p+10, 
0x1.7b851eb851eb8p+10, 0x1.82f5c28f5c28fp+10, 0x1.780c28f5c28f6p+10, 
0x1.850851eb851ecp+10, 0x1.b0c851eb851ecp+10, 0x1.9bf1eb851eb85p+10, 
0x1.8d50a3d70a3d7p+10, 0x1.8ca7ae147ae14p+10, 0x1.942eb851eb852p+10, 
0x1.8f1a3d70a3d71p+10, 0x1.8c2eb851eb852p+10, 0x1.879851eb851ecp+10, 
0x1.8f63d70a3d70ap+10, 0x1.8e2eb851eb852p+10, 0x1.888c28f5c28f6p+10, 
0x1.92851eb851eb8p+10, 0x1.bfa147ae147aep+10, 0x1.ab81eb851eb85p+10, 
0x1.a25999999999ap+10, 0x1.a4b70a3d70a3dp+10, 0x1.8e747ae147ae1p+10, 
0x1.b0ba3d70a3d71p+10, 0x1.a605c28f5c28fp+10, 0x1.981d70a3d70a4p+10, 
0x1.9dfa3d70a3d71p+10, 0x1.a273333333333p+10, 0x1.9cdp+10, 0x1.9e01eb851eb85p+10, 
0x1.cf4eb851eb852p+10, 0x1.c2051eb851eb8p+10, 0x1.b1af5c28f5c29p+10, 
0x1.b5247ae147ae1p+10, 0x1.c15999999999ap+10, 0x1.b956666666666p+10, 
0x1.b033d70a3d70ap+10, 0x1.b6e851eb851ecp+10, 0x1.b74ae147ae148p+10, 
0x1.bb5eb851eb852p+10, 0x1.b67c28f5c28f6p+10, 0x1.b5cf5c28f5c29p+10, 
0x1.f0728f5c28f5cp+10, 0x1.e5547ae147ae1p+10, 0x1.c05b851eb851fp+10, 
0x1.c78d70a3d70a4p+10, 0x1.da85c28f5c28fp+10, 0x1.d56p+10, 0x1.d0fae147ae148p+10, 
0x1.d55147ae147aep+10, 0x1.d2428f5c28f5cp+10, 0x1.db8851eb851ecp+10, 
0x1.d453d70a3d70ap+10, 0x1.d83851eb851ecp+10, 0x1.0cedc28f5c28fp+11, 
0x1.fbfe147ae147bp+10, 0x1.f7eb851eb851fp+10, 0x1.fb1d70a3d70a4p+10, 
0x1.037a3d70a3d71p+11, 0x1.fa1851eb851ecp+10, 0x1.0153333333333p+11, 
0x1.ff33333333333p+10, 0x1.fc73d70a3d70ap+10, 0x1.03ep+11, 0x1.fb7851eb851ecp+10, 
0x1.024199999999ap+11, 0x1.25d051eb851ecp+11, 0x1.12623d70a3d71p+11, 
0x1.127851eb851ecp+11, 0x1.10475c28f5c29p+11, 0x1.161851eb851ecp+11
)), class = "data.frame", row.names = c(NA, -123L))
