structure(list(period_id = c("2005M01", "2005M02", "2005M03", 
"2005M04", "2005M05", "2005M06", "2005M07", "2005M08", "2005M09", 
"2005M10", "2005M11", "2005M12", "2006M01", "2006M02", "2006M03", 
"2006M04", "2006M05", "2006M06", "2006M07", "2006M08", "2006M09", 
"2006M10", "2006M11", "2006M12", "2007M01", "2007M02", "2007M03", 
"2007M04", "2007M05", "2007M06", "2007M07", "2007M08", "2007M09", 
"2007M10", "2007M11", "2007M12", "2008M01", "2008M02", "2008M03", 
"2008M04", "2008M05", "2008M06", "2008M07", "2008M08", "2008M09", 
"2008M10", "2008M11", "2008M12", "2009M01", "2009M02", "2009M03", 
"2009M04", "2009M05", "2009M06", "2009M07", "2009M08", "2009M09", 
"2009M10", "2009M11", "2009M12", "2010M01", "2010M02", "2010M03", 
"2010M04", "2010M05", "2010M06", "2010M07", "2010M08", "2010M09", 
"2010M10", "2010M11", "2010M12", "2011M01", "2011M02", "2011M03", 
"2011M04", "2011M05", "2011M06", "2011M07", "2011M08", "2011M09", 
"2011M10", "2011M11", "2011M12", "2012M01", "2012M02", "2012M03", 
"2012M04", "2012M05", "2012M06", "2012M07", "2012M08", "2012M09", 
"2012M10", "2012M11", "2012M12", "2013M01", "2013M02", "2013M03", 
"2013M04", "2013M05", "2013M06", "2013M07", "2013M08", "2013M09", 
"2013M10", "2013M11", "2013M12", "2014M01", "2014M02", "2014M03", 
"2014M04", "2014M05", "2014M06", "2014M07", "2014M08", "2014M09", 
"2014M10", "2014M11", "2014M12", "2015M01", "2015M02", "2015M03", 
"2015M04", "2015M05", "2015M06", "2015M07", "2015M08", "2015M09", 
"2015M10"), value = c(0x1.171c28f5c28f6p+10, 0x1.12470a3d70a3dp+10, 
0x1.1b770a3d70a3dp+10, 0x1.1903d70a3d70ap+10, 0x1.1b90a3d70a3d7p+10, 
0x1.1b65c28f5c28fp+10, 0x1.1b270a3d70a3dp+10, 0x1.231a3d70a3d71p+10, 
0x1.215d70a3d70a4p+10, 0x1.23970a3d70a3dp+10, 0x1.478999999999ap+10, 
0x1.2f1p+10, 0x1.25c47ae147ae1p+10, 0x1.21651eb851eb8p+10, 0x1.2a0a3d70a3d71p+10, 
0x1.23feb851eb852p+10, 0x1.2ab1eb851eb85p+10, 0x1.2a151eb851eb8p+10, 
0x1.2748f5c28f5c3p+10, 0x1.2eb0a3d70a3d7p+10, 0x1.2bfcccccccccdp+10, 
0x1.31cae147ae148p+10, 0x1.5c3ae147ae148p+10, 0x1.3b45c28f5c28fp+10, 
0x1.3895c28f5c28fp+10, 0x1.2f347ae147ae1p+10, 0x1.3907ae147ae14p+10, 
0x1.355ae147ae148p+10, 0x1.3be47ae147ae1p+10, 0x1.39970a3d70a3dp+10, 
0x1.3bbcccccccccdp+10, 0x1.3fd999999999ap+10, 0x1.3ac47ae147ae1p+10, 
0x1.45fae147ae148p+10, 0x1.74e999999999ap+10, 0x1.4fb3333333333p+10, 
0x1.4b8c28f5c28f6p+10, 0x1.4b6eb851eb852p+10, 0x1.5237ae147ae14p+10, 
0x1.529ae147ae148p+10, 0x1.540cccccccccdp+10, 0x1.5521eb851eb85p+10, 
0x1.571d70a3d70a4p+10, 0x1.5f4p+10, 0x1.5e0d70a3d70a4p+10, 0x1.64051eb851eb8p+10, 
0x1.83928f5c28f5cp+10, 0x1.6c6a3d70a3d71p+10, 0x1.621999999999ap+10, 
0x1.5977ae147ae14p+10, 0x1.6443333333333p+10, 0x1.63cc28f5c28f6p+10, 
0x1.61d851eb851ecp+10, 0x1.6547ae147ae14p+10, 0x1.640eb851eb852p+10, 
0x1.61c51eb851eb8p+10, 0x1.667b851eb851fp+10, 0x1.6a0851eb851ecp+10, 
0x1.88a1eb851eb85p+10, 0x1.740c28f5c28f6p+10, 0x1.6a07ae147ae14p+10, 
0x1.65dcccccccccdp+10, 0x1.76ceb851eb852p+10, 0x1.72dc28f5c28f6p+10, 
0x1.70c28f5c28f5cp+10, 0x1.74e47ae147ae1p+10, 0x1.722c28f5c28f6p+10, 
0x1.73ccccccccccdp+10, 0x1.73651eb851eb8p+10, 0x1.73f70a3d70a3dp+10, 
0x1.989eb851eb852p+10, 0x1.7f828f5c28f5cp+10, 0x1.7616666666666p+10, 
0x1.75628f5c28f5cp+10, 0x1.7cfeb851eb852p+10, 0x1.782999999999ap+10, 
0x1.7ae851eb851ecp+10, 0x1.7c3ae147ae148p+10, 0x1.770a3d70a3d71p+10, 
0x1.7d0999999999ap+10, 0x1.78b7ae147ae14p+10, 0x1.799c28f5c28f6p+10, 
0x1.9cf851eb851ecp+10, 0x1.8285c28f5c28fp+10, 0x1.7e428f5c28f5cp+10, 
0x1.7cc70a3d70a3dp+10, 0x1.7fc70a3d70a3dp+10, 0x1.7bc7ae147ae14p+10, 
0x1.7ffb851eb851fp+10, 0x1.775999999999ap+10, 0x1.7683333333333p+10, 
0x1.7a3cccccccccdp+10, 0x1.744p+10, 0x1.7afcccccccccdp+10, 0x1.92fb851eb851fp+10, 
0x1.7fa28f5c28f5cp+10, 0x1.7cf3333333333p+10, 0x1.7663333333333p+10, 
0x1.7c051eb851eb8p+10, 0x1.7b347ae147ae1p+10, 0x1.7ce999999999ap+10, 
0x1.75dcccccccccdp+10, 0x1.798147ae147aep+10, 0x1.78b851eb851ecp+10, 
0x1.75d1eb851eb85p+10, 0x1.7d870a3d70a3dp+10, 0x1.944c28f5c28f6p+10, 
0x1.8236666666666p+10, 0x1.7fa28f5c28f5cp+10, 0x1.7c3851eb851ecp+10, 
0x1.7d970a3d70a3dp+10, 0x1.7ee3d70a3d70ap+10, 0x1.7eea3d70a3d71p+10, 
0x1.7c5851eb851ecp+10, 0x1.7fea3d70a3d71p+10, 0x1.7b3b851eb851fp+10, 
0x1.7bd47ae147ae1p+10, 0x1.81ea3d70a3d71p+10, 0x1.984e147ae147bp+10, 
0x1.8785c28f5c28fp+10, 0x1.8080a3d70a3d7p+10, 0x1.7afeb851eb852p+10, 
0x1.83951eb851eb8p+10, 0x1.81fcccccccccdp+10, 0x1.7e2p+10, 0x1.80f47ae147ae1p+10, 
0x1.81751eb851eb8p+10, 0x1.7d1c28f5c28f6p+10, 0x1.7c847ae147ae1p+10, 
0x1.81251eb851eb8p+10)), class = "data.frame", row.names = c(NA, 
-130L))
