structure(list(period_id = c("1995Q1", "1995Q2", "1995Q3", "1995Q4", 
"1996Q1", "1996Q2", "1996Q3", "1996Q4", "1997Q1", "1997Q2", "1997Q3", 
"1997Q4", "1998Q1", "1998Q2", "1998Q3", "1998Q4", "1999Q1", "1999Q2", 
"1999Q3", "1999Q4", "2000Q1", "2000Q2", "2000Q3", "2000Q4", "2001Q1", 
"2001Q2", "2001Q3", "2001Q4", "2002Q1", "2002Q2", "2002Q3", "2002Q4", 
"2003Q1", "2003Q2", "2003Q3", "2003Q4", "2004Q1", "2004Q2", "2004Q3", 
"2004Q4", "2005Q1", "2005Q2", "2005Q3", "2005Q4", "2006Q1", "2006Q2", 
"2006Q3", "2006Q4", "2007Q1", "2007Q2", "2007Q3", "2007Q4", "2008Q1", 
"2008Q2", "2008Q3", "2008Q4", "2009Q1", "2009Q2", "2009Q3", "2009Q4", 
"2010Q1", "2010Q2", "2010Q3", "2010Q4", "2011Q1", "2011Q2", "2011Q3", 
"2011Q4", "2012Q1", "2012Q2", "2012Q3", "2012Q4", "2013Q1", "2013Q2", 
"2013Q3", "2013Q4", "2014Q1", "2014Q2", "2014Q3", "2014Q4", "2015Q1", 
"2015Q2", "2015Q3", "2015Q4", "2016Q1", "2016Q2", "2016Q3", "2016Q4", 
"2017Q1", "2017Q2", "2017Q3", "2017Q4", "2018Q1", "2018Q2", "2018Q3", 
"2018Q4", "2019Q1", "2019Q2", "2019Q3", "2019Q4", "2020Q1", "2020Q2", 
"2020Q3", "2020Q4", "2021Q1", "2021Q2", "2021Q3", "2021Q4", "2022Q1", 
"2022Q2", "2022Q3", "2022Q4", "2023Q1", "2023Q2", "2023Q3", "2023Q4", 
"2024Q1", "2024Q2", "2024Q3", "2024Q4"), value = c(0x1.2f789a459103dp+3, 
0x1.0a664f54d1e97p+3, 0x1.d40d51f81a587p+2, 0x1.91f284167a95dp+2, 
0x1.570331e3a7daap+2, 0x1.5bc7ffde7210cp+2, 0x1.7954ac29bf163p+2, 
0x1.a936bd2b6f199p+2, 0x1.0a0750c1b9735p+3, 0x1.2c4a600b02928p+3, 
0x1.3d2f038e29f9dp+3, 0x1.25df86e3b46fep+3, 0x1.c3a2e3c536d65p+2, 
0x1.956ba493c89f4p+2, 0x1.ab8bb4d48882fp+2, 0x1.d32456f75d9a1p+2, 
0x1.18a0578e5c4ebp+3, 0x1.380f840181e04p+3, 0x1.3a7bc7f77af64p+3, 
0x1.15a5d6bebe165p+3, 0x1.5c9d6f112fd33p+2, 0x1.ff94f26aec072p+1, 
0x1.a8b0f27bb2fecp+1, 0x1.ce95d91ab8e8fp+1, 0x1.32061847f5621p+2, 
0x1.80e27e0ef998p+2, 0x1.ac474538ef34dp+2, 0x1.d377d0f1f57b4p+2, 
0x1.f3e68e3ef2841p+2, 0x1.073a5c1c6088dp+3, 0x1.09304ccee5abcp+3, 
0x1.066a2d2fe3f36p+3, 0x1.f8c9f2fdb8fdep+2, 0x1.df402d16b97ffp+2, 
0x1.cd4f227d028a2p+2, 0x1.c5cd5f99c38bp+2, 0x1.c72b020c49ba6p+2, 
0x1.cba415f45e0b5p+2, 0x1.db89d27c39368p+2, 0x1.f1651f3e89a89p+2, 
0x1.047077ccc0379p+3, 0x1.0fffbacb42891p+3, 0x1.12bd1ed9dfdacp+3, 
0x1.0e0b8f14db595p+3, 0x1.02d80c308feacp+3, 0x1.f1fac1d29dc72p+2, 
0x1.df8d64d7f0ed4p+2, 0x1.cfb020c49ba5ep+2, 0x1.d5bc5154866a1p+2, 
0x1.d47fbefd00714p+2, 0x1.db5ea24cc6823p+2, 0x1.eb18ce2d1f1dp+2, 
0x1.e805857afea3ep+2, 0x1.f7bb6ed677708p+2, 0x1.07da2f8bdec5fp+3, 
0x1.16d0e56041893p+3, 0x1.2e7c47e49b1fbp+3, 0x1.3a48e043a2164p+3, 
0x1.3a7296f6512a9p+3, 0x1.2eca4b124d09ap+3, 0x1.165a3e39f7729p+3, 
0x1.089272c94b381p+3, 0x1.ff120e1f7d73dp+2, 0x1.f7a7d6733ebcp+2, 
0x1.0108e15011905p+3, 0x1.fa8ad25679896p+2, 0x1.e7e2da554b8bfp+2, 
0x1.cd73797460243p+2, 0x1.aea62aa19439ep+2, 0x1.a577d523b3637p+2, 
0x1.b5929ed3953dfp+2, 0x1.def93bc0a06eap+2, 0x1.112e147ae147bp+3, 
0x1.2fcc3c18b502bp+3, 0x1.45eda22f6a50dp+3, 0x1.5166234a87e39p+3, 
0x1.522b2e1693c04p+3, 0x1.53fc7820a30dbp+3, 0x1.57a2c4502689p+3, 
0x1.5d64430b178b3p+3, 0x1.6668b7e4de3b9p+3, 0x1.6f83771865519p+3, 
0x1.78e27e0ef998p+3, 0x1.81f1d81f10668p+3, 0x1.88767903211cbp+3, 
0x1.8598c3b0c4589p+3, 0x1.762df71eafee7p+3, 0x1.5dd1654d61b2ap+3, 
0x1.4bb499d0203e6p+3, 0x1.396577531db44p+3, 0x1.388387df5cf25p+3, 
0x1.460b2e9ccb7d4p+3, 0x1.8300abf76a2f5p+3, 0x1.7a0431bde82d8p+3, 
0x1.70407aaef2c73p+3, 0x1.5e12c49342678p+3, 0x1.4d1348b220792p+3, 
0x1.46ccf8d716d2bp+3, 0x1.3ff2d1aeb3dd1p+3, 0x1.406bb55ac03ffp+3, 
0x1.46f440af1cb8ap+3, 0x1.440b178b37004p+3, 0x1.439878316a055p+3, 
0x1.40dba6efc371ep+3, 0x1.379c9d5a187a5p+3, 0x1.3ceb851eb851fp+3, 
0x1.3acadddf43c7dp+3, 0x1.392d948dc11e4p+3, 0x1.367af640639d6p+3, 
0x1.3666490a350d3p+3, 0x1.3b1d1d4738a3bp+3, 0x1.3cf739f340d4ep+3, 
0x1.399bb8c32a8cap+3, 0x1.34745e0b4e11ep+3, 0x1.2a89cc319c5a4p+3, 
0x1.20a3400b88ca4p+3, 0x1.1cbed527e5215p+3, 0x1.178f01fb82c2cp+3, 
0x1.15f589efd86a9p+3, 0x1.16c64ba94bbe4p+3)), class = "data.frame", row.names = c(NA, 
-120L))
