structure(list(period_id = c("1995Q1", "1995Q2", "1995Q3", "1995Q4", 
"1996Q1", "1996Q2", "1996Q3", "1996Q4", "1997Q1", "1997Q2", "1997Q3", 
"1997Q4", "1998Q1", "1998Q2", "1998Q3", "1998Q4", "1999Q1", "1999Q2", 
"1999Q3", "1999Q4", "2000Q1", "2000Q2", "2000Q3", "2000Q4", "2001Q1", 
"2001Q2", "2001Q3", "2001Q4", "2002Q1", "2002Q2", "2002Q3", "2002Q4", 
"2003Q1", "2003Q2", "2003Q3", "2003Q4", "2004Q1", "2004Q2", "2004Q3", 
"2004Q4", "2005Q1", "2005Q2", "2005Q3", "2005Q4", "2006Q1", "2006Q2", 
"2006Q3", "2006Q4", "2007Q1", "2007Q2", "2007Q3", "2007Q4", "2008Q1", 
"2008Q2", "2008Q3", "2008Q4", "2009Q1", "2009Q2", "2009Q3", "2009Q4", 
"2010Q1", "2010Q2", "2010Q3", "2010Q4", "2011Q1", "2011Q2", "2011Q3", 
"2011Q4", "2012Q1", "2012Q2", "2012Q3", "2012Q4", "2013Q1", "2013Q2", 
"2013Q3", "2013Q4", "2014Q1", "2014Q2", "2014Q3", "2014Q4", "2015Q1", 
"2015Q2", "2015Q3", "2015Q4", "2016Q1", "2016Q2", "2016Q3", "2016Q4", 
"2017Q1", "2017Q2", "2017Q3", "2017Q4", "2018Q1", "2018Q2", "2018Q3", 
"2018Q4", "2019Q1", "2019Q2", "2019Q3", "2019Q4", "2020Q1", "2020Q2", 
"2020Q3", "2020Q4", "2021Q1", "2021Q2", "2021Q3", "2021Q4", "2022Q1", 
"2022Q2", "2022Q3", "2022Q4", "2023Q1", "2023Q2", "2023Q3", "2023Q4", 
"2024Q1", "2024Q2", "2024Q3"), value = c(NA, NA, NA, NA, 0x1.e550be9424e59p+8, 
0x1.54710e779207dp+9, 0x1.529761f5be5dap+9, 0x1.1210d099e0e73p+9, 
0x1.02d353586ca8ap+9, 0x1.88f1e6ddf00acp+9, 0x1.66d1ca7d6733fp+9, 
0x1.2aec60d4562e1p+9, 0x1.1e5f3fb7a5f42p+9, 0x1.779113b5bf6a1p+9, 
0x1.5e3b06fef7c24p+9, 0x1.54934a66559f7p+9, 0x1.41d2ae7d566cfp+9, 
0x1.d3dc0ef1348b2p+9, 0x1.7b550995aaf79p+9, 0x1.6cc6b56fb8f58p+9, 
0x1.6a0c059210386p+9, 0x1.9eba0cae642cp+9, 0x1.d29e00fba8827p+9, 
0x1.a1e7d041cc533p+9, 0x1.586510ba6267p+9, 0x1.8a2f9231c64bbp+9, 
0x1.c96a3a4b5568fp+9, 0x1.96d509289daep+9, 0x1.503d9c7bcc294p+9, 
0x1.8020afa2f05a7p+9, 0x1.d04fd7a13c255p+9, 0x1.a2d563022dd7bp+9, 
0x1.74c9ebb7739f3p+9, 0x1.c4834067cf1c3p+9, 0x1.f7b11a3b14a9p+9, 
0x1.b58bd94d0dcfdp+9, 0x1.7d3ec2938de6ep+9, 0x1.b36cec84f8f8ap+9, 
0x1.faeb95feda661p+9, 0x1.a87720d130dfap+9, 0x1.6bd93c3e74afdp+9, 
0x1.c6109363f572ep+9, 0x1.e7aba9003eea2p+9, 0x1.a9e6f01fb82c3p+9, 
0x1.56169fd7a13c2p+9, 0x1.b3c5cec84f8f9p+9, 0x1.ee539d451fc4cp+9, 
0x1.ccbf78359bc34p+9, 0x1.9f60031487768p+9, 0x1.feca6c5d206c8p+9, 
0x1.271a72b884407p+10, 0x1.024a0e7bc3c5cp+10, 0x1.0c87151e75361p+10, 
0x1.1fa126f1dc50dp+10, 0x1.3ec0e9531550dp+10, 0x1.e923413986339p+9, 
0x1.aad258a32f449p+9, 0x1.d5003211cb03ap+9, 0x1.e63cfa0d77b7cp+9, 
0x1.8b17308bb9064p+9, 0x1.567cef911cf35p+9, 0x1.6ede1c25d0742p+9, 
0x1.7ee5baa9b499dp+9, 0x1.3ab04d099e0e7p+9, 0x1.b61aee631f8a1p+8, 
0x1.0e0e956c0d6f5p+9, 0x1.33420807357e6p+9, 0x1.436eeddce7cdp+9, 
0x1.960294ee392e2p+8, 0x1.0c4d8d5842b73p+9, 0x1.40611a21ea359p+9, 
0x1.1c1ee770bd018p+9, 0x1.632032441fea8p+8, 0x1.dcaeb1b36bd2bp+8, 
0x1.26665132f87adp+9, 0x1.473cb35f3d7d4p+9, 0x1.d1f1d30270f39p+8, 
0x1.3da4698bb4d49p+9, 0x1.559e6bb55ac04p+9, 0x1.37cf03c07ee0bp+9, 
0x1.ccb1ab8e8ea3ap+8, 0x1.296c5a14488c6p+9, 0x1.2ed3fa5d28dp+9, 
0x1.2e4c21e1d2179p+9, 0x1.3c0fda61e0c5bp+8, 0x1.c8d676534373fp+8, 
0x1.034a57d9dba91p+9, 0x1.0e2c1d6494d51p+9, 0x1.7611756c93a71p+8, 
0x1.ed3115379fa98p+8, 0x1.fd84c0053e2d6p+8, 0x1.2f332d1aeb3ddp+9, 
0x1.9106c12ad81aep+8, 0x1.11acd8f4f93bcp+9, 0x1.36dd167ec7864p+9, 
0x1.54aa4894c447cp+9, 0x1.fa3ad17c5ef63p+8, 0x1.458628bb0a2cbp+9, 
0x1.3a82b8a5ce5b4p+9, 0x1.3b76fd32c625fp+9, 0x1.e7ff191dde376p+8, 
0x1.0986c204f2aep+9, 0x1.384ebe8bc169cp+9, 0x1.46d85753a3ecp+9, 
0x1.e8503947496abp+8, 0x1.2c5d6d97b30f9p+9, 0x1.524784c271fffp+9, 
0x1.526fd2f1a9fbep+9, 0x1.0018851a8694p+9, 0x1.2bf56a8b8f14ep+9, 
0x1.519f93ee5eeddp+9, 0x1.5bad152f3c2dbp+9, 0x1.27838da3c2118p+9, 
0x1.614df601797ccp+9, 0x1.79425e4606749p+9, 0x1.6c576598e10cfp+9, 
0x1.2ca1234eb9a17p+9, 0x1.4cc36b11c6d1ep+9, 0x1.3a70ad362e903p+9
)), class = "data.frame", row.names = c(NA, -119L))
