structure(list(period_id = c("1999Q1", "1999Q2", "1999Q3", "1999Q4", 
"2000Q1", "2000Q2", "2000Q3", "2000Q4", "2001Q1", "2001Q2", "2001Q3", 
"2001Q4", "2002Q1", "2002Q2", "2002Q3", "2002Q4", "2003Q1", "2003Q2", 
"2003Q3", "2003Q4", "2004Q1", "2004Q2", "2004Q3", "2004Q4", "2005Q1", 
"2005Q2", "2005Q3", "2005Q4", "2006Q1", "2006Q2", "2006Q3", "2006Q4", 
"2007Q1", "2007Q2", "2007Q3", "2007Q4", "2008Q1", "2008Q2", "2008Q3", 
"2008Q4", "2009Q1", "2009Q2", "2009Q3", "2009Q4", "2010Q1", "2010Q2", 
"2010Q3", "2010Q4", "2011Q1", "2011Q2", "2011Q3", "2011Q4", "2012Q1", 
"2012Q2", "2012Q3", "2012Q4", "2013Q1", "2013Q2", "2013Q3", "2013Q4", 
"2014Q1", "2014Q2", "2014Q3", "2014Q4", "2015Q1", "2015Q2", "2015Q3", 
"2015Q4", "2016Q1", "2016Q2", "2016Q3", "2016Q4", "2017Q1", "2017Q2", 
"2017Q3", "2017Q4", "2018Q1", "2018Q2", "2018Q3", "2018Q4", "2019Q1", 
"2019Q2", "2019Q3", "2019Q4", "2020Q1", "2020Q2", "2020Q3", "2020Q4", 
"2021Q1", "2021Q2", "2021Q3", "2021Q4", "2022Q1", "2022Q2", "2022Q3", 
"2022Q4", "2023Q1", "2023Q2", "2023Q3", "2023Q4", "2024Q1", "2024Q2", 
"2024Q3", "2024Q4", "2025Q1"), value = c(0x1.f1e49f51697f2p+5, 
0x1.23377d0f1f57bp+6, 0x1.14282f944241cp+6, 0x1.a15a593a2df93p+6, 
0x1.ec167a0f9096cp+5, 0x1.176f540895d0bp+6, 0x1.b597186551937p+5, 
0x1.8351e92923e5cp+6, 0x1.d9a9780baa583p+6, 0x1.0a24f3775b813p+6, 
0x1.3b09018e75793p+6, 0x1.de75b5b70691fp+6, 0x1.3a611fd5885d3p+5, 
0x1.93d77d0f1f57bp+5, 0x1.c35c5692b3cc5p+5, 0x1.73cd8e432442p+6, 
0x1.1256e47dc37a4p+6, 0x1.089f3f961804ep+6, 0x1.3efd4c33b5393p+6, 
0x1.d215729b280f1p+6, 0x1.c01f30e7ff584p+5, 0x1.f33cd91eeaa6dp+5, 
0x1.3610e06530058p+6, 0x1.6f34c8ffb8b26p+6, 0x1.889ee88df3733p+5, 
0x1.d793c9abb01c9p+5, 0x1.1b4c2efd438d2p+5, 0x1.73688effe2a3dp+6, 
0x1.ad69dc725c3dfp+4, 0x1.179c10d7be985p+5, 0x1.990f3882278d1p+5, 
0x1.42dfd5454152bp+6, 0x1.f81f687b139c9p+3, 0x1.84554c122749fp+5, 
0x1.7460b4e11dbcbp+5, 0x1.ea24d48882f0ep+6, 0x1.14d43b70ef566p+5, 
0x1.e698ba40d90e2p+5, 0x1.9a3bf22c01e69p+6, 0x1.8f2e6ff7dfa01p+6, 
0x1.74def6b5d462cp+5, 0x1.325913e81450fp+6, 0x1.ba1f46ed245b3p+4, 
0x1.d2a5154866a12p+5, 0x1.12985cee17a03p+4, 0x1.40dbfdf7e8039p+5, 
0x1.c7fac929aa1d7p+5, 0x1.29061e0c5a815p+6, 0x1.081f27674d163p+8, 
0x1.3fd534df04ddbp+7, 0x1.2d7c77dd872f3p+6, 0x1.214b734b51373p+6, 
0x1.62258f7121ab5p+4, 0x1.50aaf5771001dp+4, 0x1.59244ed6fda83p+6, 
0x1.648853c148345p+5, 0x1.5c2ed783dff3fp+8, 0x1.26c7aa044ae86p+7, 
0x1.1478c64fdb09ap+5, 0x1.100f2becedd48p+11, 0x1.c1760f1b25f63p+4, 
0x1.5f7d40ee06d94p+5, 0x1.204d7f0ed3d86p+5, 0x1.5256b8950763ap+8, 
0x1.a4f4a01abd1abp+4, 0x1.b12074a771c97p+6, 0x1.52b4185058ddep+6, 
0x1.ca44e2089e343p+7, 0x1.11c886162f167p+4, 0x1.67972ffd1dcd7p+4, 
0x1.61bc200c0f02p+4, 0x1.02aa9f7b5aea3p+5, 0x1.231c2a8869c67p+5, 
0x1.446ba6aca7935p+5, 0x1.ae9ebe9c88616p+4, 0x1.ca5387160956cp+5, 
0x1.1ddd41fa76534p+4, 0x1.f2a503fb37436p+4, 0x1.79e3369b9d7fep+4, 
0x1.f04366d7a56dep+5, 0x1.c96be9c886163p+3, 0x1.616c01e68a0d3p+4, 
0x1.d005ccc89b0eep+4, 0x1.18a487b99d452p+6, 0x1.da632a0663c75p+3, 
0x1.4d8357a355044p+4, 0x1.c027f3cf70154p+4, 0x1.20c7d45a5fc7ep+6, 
0x1.3a1bd944aa54p+4, 0x1.9e6bcb5fe542ep+4, 0x1.7872a5a469d73p+5, 
0x1.7a635c9e6687fp+6, 0x1.11529cbab649dp+4, 0x1.1fdd0e12e83a1p+5, 
0x1.24b5885d31338p+5, 0x1.e3b400fba8827p+6, 0x1.0b778140dd3fep+5, 
0x1.59747e06961c3p+5, 0x1.60fec6bce8534p+6, 0x1.c2f623076c051p+7, 
0x1.da021f2990f3p+5, 0x1.3fee019b0ab2ep+6, 0x1.ffa4ef459d99p+6, 
0x1.540c9dbec2481p+7, 0x1.24522036006d1p+6)), class = "data.frame", row.names = c(NA, 
-105L))
