structure(list(period_id = c("2000M01", "2000M02", "2000M03", 
"2000M04", "2000M05", "2000M06", "2000M07", "2000M08", "2000M09", 
"2000M10", "2000M11", "2000M12", "2001M01", "2001M02", "2001M03", 
"2001M04", "2001M05", "2001M06", "2001M07", "2001M08", "2001M09", 
"2001M10", "2001M11", "2001M12", "2002M01", "2002M02", "2002M03", 
"2002M04", "2002M05", "2002M06", "2002M07", "2002M08", "2002M09", 
"2002M10", "2002M11", "2002M12", "2003M01", "2003M02", "2003M03", 
"2003M04", "2003M05", "2003M06", "2003M07", "2003M08", "2003M09", 
"2003M10", "2003M11", "2003M12", "2004M01", "2004M02", "2004M03", 
"2004M04", "2004M05", "2004M06", "2004M07", "2004M08", "2004M09", 
"2004M10", "2004M11", "2004M12", "2005M01", "2005M02", "2005M03", 
"2005M04", "2005M05", "2005M06", "2005M07", "2005M08", "2005M09", 
"2005M10", "2005M11", "2005M12", "2006M01", "2006M02", "2006M03", 
"2006M04", "2006M05", "2006M06", "2006M07", "2006M08", "2006M09", 
"2006M10", "2006M11", "2006M12", "2007M01", "2007M02", "2007M03", 
"2007M04", "2007M05", "2007M06", "2007M07", "2007M08", "2007M09", 
"2007M10", "2007M11", "2007M12", "2008M01", "2008M02", "2008M03", 
"2008M04", "2008M05", "2008M06", "2008M07", "2008M08", "2008M09", 
"2008M10", "2008M11", "2008M12", "2009M01", "2009M02", "2009M03", 
"2009M04", "2009M05", "2009M06", "2009M07", "2009M08", "2009M09", 
"2009M10", "2009M11", "2009M12", "2010M01", "2010M02", "2010M03", 
"2010M04", "2010M05", "2010M06", "2010M07", "2010M08", "2010M09", 
"2010M10", "2010M11", "2010M12", "2011M01", "2011M02", "2011M03", 
"2011M04", "2011M05", "2011M06", "2011M07", "2011M08", "2011M09", 
"2011M10", "2011M11", "2011M12", "2012M01", "2012M02", "2012M03", 
"2012M04", "2012M05", "2012M06", "2012M07", "2012M08", "2012M09", 
"2012M10", "2012M11", "2012M12", "2013M01", "2013M02", "2013M03", 
"2013M04", "2013M05", "2013M06", "2013M07", "2013M08", "2013M09", 
"2013M10", "2013M11", "2013M12", "2014M01", "2014M02", "2014M03", 
"2014M04", "2014M05", "2014M06", "2014M07", "2014M08", "2014M09", 
"2014M10", "2014M11", "2014M12", "2015M01", "2015M02", "2015M03", 
"2015M04", "2015M05", "2015M06", "2015M07", "2015M08", "2015M09", 
"2015M10", "2015M11", "2015M12", "2016M01", "2016M02", "2016M03", 
"2016M04", "2016M05", "2016M06", "2016M07", "2016M08", "2016M09", 
"2016M10", "2016M11", "2016M12", "2017M01", "2017M02", "2017M03", 
"2017M04", "2017M05", "2017M06", "2017M07", "2017M08", "2017M09", 
"2017M10", "2017M11", "2017M12", "2018M01", "2018M02", "2018M03", 
"2018M04", "2018M05", "2018M06", "2018M07", "2018M08", "2018M09", 
"2018M10", "2018M11", "2018M12", "2019M01", "2019M02", "2019M03", 
"2019M04", "2019M05", "2019M06", "2019M07", "2019M08", "2019M09", 
"2019M10", "2019M11", "2019M12", "2020M01", "2020M02", "2020M03", 
"2020M04", "2020M05", "2020M06", "2020M07", "2020M08", "2020M09", 
"2020M10", "2020M11", "2020M12", "2021M01", "2021M02", "2021M03", 
"2021M04", "2021M05", "2021M06", "2021M07", "2021M08", "2021M09", 
"2021M10", "2021M11", "2021M12", "2022M01", "2022M02", "2022M03", 
"2022M04", "2022M05", "2022M06", "2022M07", "2022M08", "2022M09", 
"2022M10", "2022M11", "2022M12", "2023M01", "2023M02", "2023M03", 
"2023M04", "2023M05", "2023M06", "2023M07", "2023M08", "2023M09", 
"2023M10", "2023M11", "2023M12", "2024M01", "2024M02", "2024M03", 
"2024M04", "2024M05", "2024M06", "2024M07", "2024M08", "2024M09", 
"2024M10", "2024M11", "2024M12"), value = c(0x1.7c1731p+24, 0x1.e9db0bp+24, 
0x1.15765bp+25, 0x1.e86abfp+24, 0x1.d91c1dp+24, 0x1.3e417b8p+25, 
0x1.cb0c0ap+24, 0x1.6b2464p+24, 0x1.478d7p+25, 0x1.41d878p+25, 
0x1.5196e58p+25, 0x1.2197c6p+25, 0x1.09f0acp+25, 0x1.2686828p+25, 
0x1.84f26p+25, 0x1.0a86ecp+25, 0x1.4094c8p+25, 0x1.614808p+25, 
0x1.fe4defp+24, 0x1.f72efcp+24, 0x1.3ac7738p+25, 0x1.6dc43dp+25, 
0x1.94bdf48p+25, 0x1.7221778p+25, 0x1.28923ap+25, 0x1.4f53268p+25, 
0x1.b50ec8p+25, 0x1.4250968p+25, 0x1.505dde8p+25, 0x1.af528dp+25, 
0x1.128e1dp+25, 0x1.28536c8p+25, 0x1.a298038p+25, 0x1.c7b1318p+25, 
0x1.904dec8p+25, 0x1.605df04p+26, 0x1.3f102d8p+25, 0x1.2cdb3acp+26, 
0x1.068423p+26, 0x1.06cb184p+26, 0x1.742c3ep+25, 0x1.061e92p+26, 
0x1.af8f24p+25, 0x1.84188e8p+25, 0x1.0e1e3dp+26, 0x1.099a0fp+26, 
0x1.0da9dc8p+26, 0x1.342d6bp+26, 0x1.c157d2p+25, 0x1.0f42478p+26, 
0x1.4bf79c4p+26, 0x1.29ddc44p+26, 0x1.a9a5e58p+25, 0x1.03a401p+26, 
0x1.def20fp+25, 0x1.ee985d8p+25, 0x1.0fa5454p+26, 0x1.2fa01d8p+26, 
0x1.139adc8p+26, 0x1.247b738p+26, 0x1.ee56cd8p+25, 0x1.082ed78p+26, 
0x1.5d1c534p+26, 0x1.102def4p+26, 0x1.280c1ecp+26, 0x1.140857cp+26, 
0x1.023d3ep+26, 0x1.9f4f0bp+25, 0x1.3893708p+26, 0x1.366a514p+26, 
0x1.54396d8p+26, 0x1.42dccdcp+26, 0x1.8bb32d8p+26, 0x1.57bbbcp+26, 
0x1.5f24898p+26, 0x1.71ebb9p+26, 0x1.805d754p+26, 0x1.48eb028p+26, 
0x1.584df9p+26, 0x1.36bfa84p+26, 0x1.5b9f5e8p+26, 0x1.c15e4b8p+26, 
0x1.b40c6b4p+26, 0x1.744256p+26, 0x1.ba980e8p+26, 0x1.a3eca8p+26, 
0x1.fb3efp+26, 0x1.7ee249cp+26, 0x1.7ebb378p+26, 0x1.e49254cp+26, 
0x1.9c5ceb4p+26, 0x1.6e09418p+26, 0x1.cb85708p+26, 0x1.00eb8e2p+27, 
0x1.f48cb68p+26, 0x1.b7a4ed4p+26, 0x1.979a9e4p+26, 0x1.ba5eeecp+26, 
0x1.03b2dacp+27, 0x1.0e0d6f8p+27, 0x1.ab8a0a8p+26, 0x1.0ab741p+27, 
0x1.00f2388p+27, 0x1.5c786acp+26, 0x1.317624cp+27, 0x1.36c939ap+27, 
0x1.cd7ab74p+26, 0x1.009aafp+27, 0x1.91d7e3p+26, 0x1.b9e70cp+26, 
0x1.18bec86p+27, 0x1.89243d8p+26, 0x1.c8c83fp+26, 0x1.193321ap+27, 
0x1.dfd38cp+26, 0x1.3d709bp+26, 0x1.383e4d6p+27, 0x1.d6cd864p+26, 
0x1.2dd2bccp+27, 0x1.125c80cp+27, 0x1.80665ccp+26, 0x1.cb16e48p+26, 
0x1.43bec7ep+27, 0x1.9229988p+26, 0x1.02aaefep+27, 0x1.45571f8p+27, 
0x1.eb65f4p+26, 0x1.b53e834p+26, 0x1.478e048p+27, 0x1.fb7dde8p+26, 
0x1.21e1862p+27, 0x1.4b628fp+27, 0x1.f07856cp+26, 0x1.25d4d54p+27, 
0x1.7292be4p+27, 0x1.1096442p+27, 0x1.175f3fp+27, 0x1.565ae0cp+27, 
0x1.234ff34p+27, 0x1.aeec184p+26, 0x1.71b5104p+27, 0x1.1e5d91ap+27, 
0x1.379a4a2p+27, 0x1.56332d6p+27, 0x1.f04b7ccp+26, 0x1.2280e68p+27, 
0x1.8104026p+27, 0x1.30d7d4p+27, 0x1.23acb16p+27, 0x1.8801e6ap+27, 
0x1.347a676p+27, 0x1.12dbd2ap+27, 0x1.614e11ap+27, 0x1.6c62016p+27, 
0x1.7344b5p+27, 0x1.862d12p+27, 0x1.419e80ap+27, 0x1.63d603ep+27, 
0x1.8e20f54p+27, 0x1.968573ep+27, 0x1.5f1eedcp+27, 0x1.9b2521ap+27, 
0x1.5e3a85p+27, 0x1.16bd214p+27, 0x1.824b578p+27, 0x1.544300cp+27, 
0x1.6f36faap+27, 0x1.a97d49ap+27, 0x1.3eb2a06p+27, 0x1.660d512p+27, 
0x1.b2a2434p+27, 0x1.4f53fdep+27, 0x1.392898ap+27, 0x1.d43c83ep+27, 
0x1.64a42fp+27, 0x1.127ab58p+27, 0x1.beaae34p+27, 0x1.6b3090ap+27, 
0x1.7188046p+27, 0x1.de049e2p+27, 0x1.308e96ap+27, 0x1.4eb43eep+27, 
0x1.c3cacbcp+27, 0x1.5517ab8p+27, 0x1.6c219cap+27, 0x1.f38aa72p+27, 
0x1.a1bfbaap+27, 0x1.de8eadcp+26, 0x1.bda6c6p+27, 0x1.680f4bcp+27, 
0x1.7001886p+27, 0x1.c01545ep+27, 0x1.3c30866p+27, 0x1.765249ep+27, 
0x1.c7e2b9p+27, 0x1.4f3502ep+27, 0x1.6915ae4p+27, 0x1.cda30fp+27, 
0x1.82085bcp+27, 0x1.0f50422p+27, 0x1.d7e311ap+27, 0x1.7fa0ae4p+27, 
0x1.96a3bb4p+27, 0x1.01236fep+28, 0x1.81271c6p+27, 0x1.7466362p+27, 
0x1.f570802p+27, 0x1.6e9542cp+27, 0x1.822bab8p+27, 0x1.0730ec6p+28, 
0x1.85fc218p+27, 0x1.6e52fd2p+27, 0x1.fdb5a0cp+27, 0x1.ada7678p+27, 
0x1.c290f02p+27, 0x1.dc60112p+27, 0x1.bd42ffap+27, 0x1.a8628ccp+27, 
0x1.121423fp+28, 0x1.9cb5482p+27, 0x1.e885bccp+27, 0x1.1047a0cp+28, 
0x1.e9c6cb8p+27, 0x1.9a67236p+27, 0x1.e35805cp+27, 0x1.0af889bp+28, 
0x1.208c544p+28, 0x1.ea42a08p+27, 0x1.76f673bp+28, 0x1.3ec308fp+28, 
0x1.3860ea4p+28, 0x1.41a5266p+28, 0x1.955f7dp+28, 0x1.b09797p+28, 
0x1.9f82682p+28, 0x1.522f28dp+28, 0x1.df1b576p+28, 0x1.df84534p+28, 
0x1.fb12811p+28, 0x1.52b4152p+28, 0x1.582aa98p+29, 0x1.e789871p+28, 
0x1.78c0bd68p+29, 0x1.07122428p+29, 0x1.15748118p+29, 0x1.2339c698p+29, 
0x1.0e2b8a98p+29, 0x1.ae14d52p+28, 0x1.25cb656p+29, 0x1.36f4b46p+29, 
0x1.08035fd8p+29, 0x1.8ea105ap+28, 0x1.6dfbb5p+29, 0x1.4016c488p+29, 
0x1.4ec0e578p+29, 0x1.571fe818p+29, 0x1.3555677p+29, 0x1.2e159cbp+29, 
0x1.a2ffbd18p+29, 0x1.0247216p+29, 0x1.5d6fc4cp+29, 0x1.47828838p+29, 
0x1.4b10be3p+29, 0x1.db11d2bp+28, 0x1.745bf1ep+29, 0x1.60c71a2p+29, 
0x1.92234e88p+29, 0x1.02e8eb2cp+30, 0x1.4845efe8p+30, 0x1.a7c196f4p+30, 
