structure(list(period_id = c("1999Q1", "1999Q2", "1999Q3", "1999Q4", 
"2000Q1", "2000Q2", "2000Q3", "2000Q4", "2001Q1", "2001Q2", "2001Q3", 
"2001Q4", "2002Q1", "2002Q2", "2002Q3", "2002Q4", "2003Q1", "2003Q2", 
"2003Q3", "2003Q4", "2004Q1", "2004Q2", "2004Q3", "2004Q4", "2005Q1", 
"2005Q2", "2005Q3", "2005Q4", "2006Q1", "2006Q2", "2006Q3", "2006Q4", 
"2007Q1", "2007Q2", "2007Q3", "2007Q4", "2008Q1", "2008Q2", "2008Q3", 
"2008Q4", "2009Q1", "2009Q2", "2009Q3", "2009Q4", "2010Q1", "2010Q2", 
"2010Q3", "2010Q4", "2011Q1", "2011Q2", "2011Q3", "2011Q4", "2012Q1", 
"2012Q2", "2012Q3", "2012Q4", "2013Q1", "2013Q2", "2013Q3", "2013Q4", 
"2014Q1", "2014Q2", "2014Q3", "2014Q4", "2015Q1", "2015Q2", "2015Q3", 
"2015Q4", "2016Q1", "2016Q2", "2016Q3", "2016Q4", "2017Q1", "2017Q2", 
"2017Q3", "2017Q4", "2018Q1", "2018Q2", "2018Q3", "2018Q4", "2019Q1", 
"2019Q2", "2019Q3", "2019Q4", "2020Q1", "2020Q2", "2020Q3", "2020Q4", 
"2021Q1", "2021Q2", "2021Q3", "2021Q4", "2022Q1", "2022Q2", "2022Q3", 
"2022Q4", "2023Q1", "2023Q2", "2023Q3", "2023Q4", "2024Q1", "2024Q2", 
"2024Q3", "2024Q4"), value = c(0x1.1e10a0e410b63p+9, 0x1.3810295a6c5d2p+9, 
0x1.2f6f1a7e30878p+9, 0x1.452d163baba7cp+9, 0x1.19c4772d5e072p+9, 
0x1.457c1b10fd7e4p+9, 0x1.346533ebbfd72p+9, 0x1.4a32bd4cfd08dp+9, 
0x1.26aae51d25aabp+9, 0x1.525ff91e646f1p+9, 0x1.517240e9d51b5p+9, 
0x1.79627c9de0503p+9, 0x1.5da56aad1d042p+9, 0x1.7dad6b228dc98p+9, 
0x1.865c7fa1a0cf2p+9, 0x1.a1adb549f9485p+9, 0x1.71aab15f88fc9p+9, 
0x1.9e3e7008a697bp+9, 0x1.a94a59d99029bp+9, 0x1.c233349be8ff3p+9, 
0x1.81a0e44b6e936p+9, 0x1.c0cbb8887229fp+9, 0x1.bd269fd7a13c2p+9, 
0x1.d62848d7e0264p+9, 0x1.8bc734a44c7bp+9, 0x1.dad141aef6f8fp+9, 
0x1.cd5b49e01de27p+9, 0x1.f35b6e6106ab1p+9, 0x1.a8e54b2745bf2p+9, 
0x1.f61e870110a13p+9, 0x1.ef0de34330d74p+9, 0x1.0adb7e0ef998p+10, 
0x1.dd2cf26aec072p+9, 0x1.1088e30446b6ap+10, 0x1.1a34dfb506dd7p+10, 
0x1.229bd3c361134p+10, 0x1.0a6aff3ade226p+10, 0x1.34d1327aa68f5p+10, 
0x1.31ae0cf9e3865p+10, 0x1.2475124074645p+10, 0x1.02b6310129cbbp+10, 
0x1.2312ca18bd662p+10, 0x1.299b5275ee99ap+10, 0x1.2b6aefaa4766cp+10, 
0x1.060a719b4dcecp+10, 0x1.30fbad96a6a01p+10, 0x1.320d9085f4a12p+10, 
0x1.44f47b41bfbdfp+10, 0x1.242e7eae5bc88p+10, 0x1.3447d5dc40075p+10, 
0x1.2d983721d53cep+10, 0x1.3788444178705p+10, 0x1.24e019c5a3e3ap+10, 
0x1.2806be48a58b4p+10, 0x1.3914e7b80a9dfp+10, 0x1.2f4c2a497fa5dp+10, 
0x1.155e4fdf3b646p+10, 0x1.38a920d9945b7p+10, 0x1.50f94ef0281bap+10, 
0x1.53e033daf8df8p+10, 0x1.22b5c7b890d5ap+10, 0x1.48b1c8d5c7475p+10, 
0x1.523c6249a133cp+10, 0x1.5b688eeae9ee4p+10, 0x1.332d5ed8d36b5p+10, 
0x1.58debd66277c4p+10, 0x1.5cb14eb13dfb1p+10, 0x1.659a055fbb518p+10, 
0x1.409d9613d31bap+10, 0x1.657e0a137f38cp+10, 0x1.5ca938088509cp+10, 
0x1.6e73e8bc169c2p+10, 0x1.4de28ab92c062p+10, 0x1.6e9f8c4bd33d3p+10, 
0x1.747bc4199fe43p+10, 0x1.809f0064a9cdcp+10, 0x1.6694ecbb7f9d7p+10, 
0x1.79cd176577532p+10, 0x1.894d8e25c810ap+10, 0x1.8df9a90cd423ep+10, 
0x1.6dfb3e1006078p+10, 0x1.823aa958537e3p+10, 0x1.994755b035bd5p+10, 
0x1.a7f1291b823c8p+10, 0x1.436774aba3876p+10, 0x1.415d7620ee8d1p+10, 
0x1.86e4f5989df11p+10, 0x1.6a671fcd24e16p+10, 0x1.59d2efaa4766cp+10, 
0x1.918001abd1aa8p+10, 0x1.ab3faafff36acp+10, 0x1.c1b8a1d755bcdp+10, 
0x1.91372cf95d4e9p+10, 0x1.bcf49f16b11c7p+10, 0x1.c0777e1fc08fap+10, 
0x1.bbb2c764adff8p+10, 0x1.a5965d031055cp+10, 0x1.cd5f7ad8e4324p+10, 
0x1.df9a4e592967p+10, 0x1.fbec724fa8b4cp+10, 0x1.c61eb7952d235p+10, 
0x1.da1d4473cd573p+10, 0x1.f786f212d7732p+10, 0x1.076d73a365cb3p+11
)), class = "data.frame", row.names = c(NA, -104L))
