structure(list(period_id = c("2002M03", "2002M04", "2002M05", 
"2002M06", "2002M07", "2002M08", "2002M09", "2002M10", "2002M11", 
"2002M12", "2003M01", "2003M02", "2003M03", "2003M04", "2003M05", 
"2003M06", "2003M07", "2003M08", "2003M09", "2003M10", "2003M11", 
"2003M12", "2004M01", "2004M02", "2004M03", "2004M04", "2004M05", 
"2004M06", "2004M07", "2004M08", "2004M09", "2004M10", "2004M11", 
"2004M12", "2005M01", "2005M02", "2005M03", "2005M04", "2005M05", 
"2005M06", "2005M07", "2005M08", "2005M09", "2005M10", "2005M11", 
"2005M12", "2006M01", "2006M02", "2006M03", "2006M04", "2006M05", 
"2006M06", "2006M07", "2006M08", "2006M09", "2006M10", "2006M11", 
"2006M12", "2007M01", "2007M02", "2007M03", "2007M04", "2007M05", 
"2007M06", "2007M07", "2007M08", "2007M09", "2007M10", "2007M11", 
"2007M12", "2008M01", "2008M02", "2008M03", "2008M04", "2008M05", 
"2008M06", "2008M07", "2008M08", "2008M09", "2008M10", "2008M11", 
"2008M12", "2009M01", "2009M02", "2009M03", "2009M04", "2009M05", 
"2009M06", "2009M07", "2009M08", "2009M09", "2009M10", "2009M11", 
"2009M12", "2010M01", "2010M02", "2010M03", "2010M04", "2010M05", 
"2010M06", "2010M07", "2010M08", "2010M09", "2010M10", "2010M11", 
"2010M12", "2011M01", "2011M02", "2011M03", "2011M04", "2011M05", 
"2011M06", "2011M07", "2011M08", "2011M09", "2011M10", "2011M11", 
"2011M12", "2012M01", "2012M02", "2012M03", "2012M04", "2012M05", 
"2012M06", "2012M07", "2012M08", "2012M09", "2012M10", "2012M11", 
"2012M12", "2013M01", "2013M02", "2013M03", "2013M04", "2013M05", 
"2013M06", "2013M07", "2013M08", "2013M09", "2013M10", "2013M11", 
"2013M12", "2014M01", "2014M02", "2014M03", "2014M04", "2014M05", 
"2014M06", "2014M07", "2014M08", "2014M09", "2014M10", "2014M11", 
"2014M12", "2015M01", "2015M02", "2015M03", "2015M04", "2015M05", 
"2015M06", "2015M07", "2015M08", "2015M09", "2015M10", "2015M11", 
"2015M12", "2016M01", "2016M02", "2016M03", "2016M04", "2016M05", 
"2016M06", "2016M07", "2016M08", "2016M09", "2016M10", "2016M11", 
"2016M12", "2017M01", "2017M02", "2017M03", "2017M04", "2017M05", 
"2017M06", "2017M07", "2017M08", "2017M09", "2017M10", "2017M11", 
"2017M12", "2018M01", "2018M02", "2018M03", "2018M04", "2018M05", 
"2018M06", "2018M07", "2018M08", "2018M09", "2018M10", "2018M11", 
"2018M12", "2019M01", "2019M02", "2019M03", "2019M04", "2019M05", 
"2019M06", "2019M07", "2019M08", "2019M09", "2019M10", "2019M11", 
"2019M12", "2020M01", "2020M02", "2020M03", "2020M04", "2020M05", 
"2020M06", "2020M07", "2020M08", "2020M09", "2020M10", "2020M11", 
"2020M12", "2021M01", "2021M02", "2021M03", "2021M04", "2021M05", 
"2021M06", "2021M07", "2021M08", "2021M09", "2021M10", "2021M11", 
"2021M12", "2022M01", "2022M02", "2022M03", "2022M04", "2022M05", 
"2022M06", "2022M07", "2022M08", "2022M09", "2022M10", "2022M11", 
"2022M12", "2023M01", "2023M02", "2023M03", "2023M04", "2023M05", 
"2023M06", "2023M07", "2023M08", "2023M09", "2023M10", "2023M11", 
"2023M12", "2024M01", "2024M02", "2024M03", "2024M04", "2024M05", 
"2024M06", "2024M07", "2024M08", "2024M09", "2024M10", "2024M11", 
"2024M12", "2025M01", "2025M02", "2025M03", "2025M04", "2025M05", 
"2025M06", "2025M07"), value = c(NA, NA, NA, NA, NA, NA, NA, 
NA, NA, NA, NA, NA, NA, NA, NA, NA, NA, NA, NA, NA, NA, NA, NA, 
NA, NA, NA, NA, NA, NA, NA, NA, NA, NA, NA, NA, NA, NA, NA, NA, 
NA, NA, NA, NA, NA, NA, NA, NA, NA, NA, NA, NA, NA, NA, NA, NA, 
NA, NA, NA, NA, NA, NA, NA, NA, NA, NA, NA, NA, NA, NA, NA, NA, 
NA, NA, NA, NA, NA, NA, NA, NA, NA, NA, NA, NA, NA, NA, NA, NA, 
NA, NA, NA, NA, NA, NA, NA, -0x1.60be74d20f01p+5, -0x1.802d63a22aa69p+5, 
-0x1.9f7393fe7a18fp+5, -0x1.7286b3c126eb1p+5, -0x1.76489ee62c10dp+5, 
-0x1.81c1812880f5p+5, -0x1.6ecca2cc7bccbp+5, -0x1.6708701edd211p+5, 
-0x1.18abdc95dc649p+5, -0x1.257179af3ae2fp+5, -0x1.388ceee0f3cb4p+5, 
-0x1.5264dc8d5f23ap+5, -0x1.62743c0d07b69p+5, -0x1.342efb05a2dfcp+5, 
-0x1.2fa7dfaa1f22ep+5, -0x1.298a2ebe1d4b6p+5, -0x1.07003bf0b5cefp+5, 
-0x1.ddbbee8912c15p+4, -0x1.eb2bfcf6bec15p+4, -0x1.0a1057be8b742p+5, 
-0x1.e3a2ca9a7ead1p+4, -0x1.b1eeeeff7ca26p+4, -0x1.ccb151c64ee1fp+4, 
-0x1.a23f80c49421cp+4, -0x1.e9c8b93e137adp+4, -0x1.022d2bd023aa9p+5, 
-0x1.f86fe35b6ac6p+4, -0x1.f2b20b76bcdcp+4, -0x1.0a966b2556c07p+5, 
-0x1.0d41195338365p+5, -0x1.bc3556170de3ap+4, -0x1.8653f73259a21p+4, 
-0x1.c7a6ccb5a5becp+4, -0x1.bfc83e3be9a9fp+4, -0x1.705c92b828fbdp+4, 
-0x1.34317cdda9c77p+4, -0x1.3a6e2f9cea75cp+4, -0x1.1c8cf7a84b40dp+4, 
-0x1.47c8073245c4dp+4, -0x1.256f1db8b3cc6p+3, -0x1.71ecc86897a1ap+2, 
-0x1.c8090bb127ef7p+2, -0x1.2747169938649p+3, -0x1.20a48886b2f34p+2, 
-0x1.098d3a00348bdp+3, -0x1.7e61097ec8a1bp+3, -0x1.3723b9274aeap+3, 
-0x1.99f38fbd2a76p+3, -0x1.2719bc14d4df8p+3, -0x1.f92ceb1d44df6p+3, 
-0x1.44532a5887f04p+1, -0x1.bc1274035d01cp+3, 0x1.51ea084b41e19p+2, 
-0x1.835305760b9ffp+1, 0x1.4c9713018f773p+0, -0x1.ebfc108c95244p+2, 
-0x1.46b09ad640d01p+3, -0x1.cdda18098c1adp+2, -0x1.325efeb823bfcp+3, 
-0x1.d57b9d4b3b23p+2, -0x1.607a6980d5b1p+2, -0x1.2f3b83e7df2a8p+2, 
0x1.24a545360c78dp+1, -0x1.e13c06b8ce34ap+1, -0x1.9ea583271166ep+2, 
-0x1.09dc5438554adp+2, -0x1.e95cadf1d17a4p+2, -0x1.501cd90f58ec1p+3, 
-0x1.94e01ef65cb58p+2, -0x1.2df4710fa67ffp+2, -0x1.f5ddf96fedf9ap+2, 
-0x1.356b1d8213628p+2, -0x1.a9b24123696f3p+2, -0x1.1d5c822e65658p+3, 
-0x1.81f99b8bd0f2ep+2, -0x1.e899051ad82ecp+1, -0x1.c6651e5f330dcp+1, 
-0x1.cf1126d51226ep-3, -0x1.287f6737e15c9p+1, 0x1.23df0066b5ca3p+3, 
0x1.e9c744bf9a00cp+2, 0x1.3175b7aada3c5p+2, 0x1.2faa732c58b4bp+3, 
0x1.52458e8013944p+3, 0x1.922692d0408e8p+3, 0x1.606f3bfbbfe5ap+4, 
0x1.15d3c21d12d7cp+4, 0x1.34c47d5277576p+4, 0x1.0dfff3d738f2ap+4, 
0x1.3408e95735e0ap+4, 0x1.a9116c7f1e071p+4, 0x1.6053a577f42d6p+4, 
0x1.615cf22f9906p+4, 0x1.b64bd45d760e1p+4, 0x1.a6f007dcbaa2fp+3, 
0x1.6443d28d56146p+4, 0x1.060df72d0c6c6p+5, 0x1.12271fd6009f8p+5, 
0x1.ce4af542fc6dcp+4, 0x1.e6608e857a8fp+4, 0x1.0077087b015bbp+5, 
0x1.d22ff407cf2c5p+4, 0x1.99467279b3e4ep+4, 0x1.d0715aa65888ap+4, 
0x1.909ec02a5aa52p+4, 0x1.64ae0494dc92ep+4, 0x1.b600bf9215859p+4, 
0x1.54608aac96cc6p+4, 0x1.45d3dcf25640ap+4, 0x1.983e41f9c1efcp+4, 
0x1.80b6846905d3p+4, 0x1.226359e9081f6p+4, 0x1.3bfa2e6ca4eeep+4, 
0x1.69f9130d92a98p+4, 0x1.0810ca49c34b2p+4, 0x1.7bb7cb2944d91p+3, 
0x1.0a8acc6a15366p+4, 0x1.e2ea563c10964p+3, 0x1.10742dd5b7684p+4, 
0x1.1c98cafc0106bp+4, 0x1.3dc37dec728d2p+4, 0x1.3d89056b1b4e6p+4, 
0x1.9c15f9c0ba89ap+3, -0x1.61c2c44818f37p+3, -0x1.527d2a4635d59p+3, 
0x1.195d7b45c688cp+2, 0x1.498f6d4ef4152p+3, 0x1.cbcee99eae703p+3, 
0x1.dbfe4c3f59ee4p+3, 0x1.2de4ab97b7b0fp+3, 0x1.09779ff16ee5p+3, 
0x1.1c15781018374p+3, 0x1.95411b965e7bbp+3, 0x1.39bfc9be9cd5bp+4, 
0x1.6813646a7c8f6p+4, 0x1.ae604a653a27bp+4, 0x1.d198a0a08dc36p+4, 
0x1.f192a1c5e2f8bp+4, 0x1.8f96406e5a25cp+4, 0x1.8d0428861741fp+4, 
0x1.d86fff3735d4dp+4, 0x1.c74b8492dd79p+4, 0x1.ae446ab8271acp+4, 
0x1.080cedef39e7bp+5, 0x1.21e1e6405db59p+5, 0x1.f386de5e19bbcp+4, 
0x1.bed95192c4be3p+4, 0x1.9603ec34575bcp+4, 0x1.e523edbd99645p+4, 
0x1.7ce64725ae656p+4, 0x1.72bbc46e50e2fp+4, 0x1.79b04da78649ep+4, 
0x1.c7a95650a2378p+3, 0x1.9f570d645b631p+4, 0x1.6f052231ea441p+4, 
0x1.b0d2a742e0b67p+4, 0x1.4278489965b1p+4, 0x1.3d18b05934e0cp+4, 
0x1.2bd8d430994ffp+4, 0x1.3a80d53a14dffp+4, 0x1.0e9fa5acf8462p+4, 
0x1.30f8caffc3194p+4, 0x1.2610a73e61a95p+4, 0x1.e853af0d2f79ap+3, 
0x1.3ade31830d6ebp+4, 0x1.02320a05e84c6p+4, 0x1.2cdcfbe103dddp+4, 
0x1.4bc93b5d0981ap+4, 0x1.c7c56028d7063p+3, 0x1.4c5b79c0e1313p+3, 
0x1.c31cb0599bf51p+3, 0x1.0e0408adf978p+3, 0x1.93bf80a23809fp+3, 
0x1.0004810a11e2ep+3, 0x1.a5713a988ad97p+3, 0x1.142c620a94b71p+4, 
0x1.055d167105a6bp+4, 0x1.2c02a9348e9f6p+4, 0x1.2ecc7586614ffp+4, 
0x1.b1a081612d5b4p+3, 0x1.82e655c3672eap+3, 0x1.308133eee74b5p+3, 
0x1.a2752ec836dd6p+3, 0x1.fa31d4c85d962p+3, 0x1.a80cd36768108p+3, 
0x1.81535b2ea4d91p+3, 0x1.9248d67313c8ep+3)), class = "data.frame", row.names = c(NA, 
-281L))
