structure(list(period_id = c("2008M01", "2008M02", "2008M03", 
"2008M04", "2008M05", "2008M06", "2008M07", "2008M08", "2008M09", 
"2008M10", "2008M11", "2008M12", "2009M01", "2009M02", "2009M03", 
"2009M04", "2009M05", "2009M06", "2009M07", "2009M08", "2009M09", 
"2009M10", "2009M11", "2009M12", "2010M01", "2010M02", "2010M03", 
"2010M04", "2010M05", "2010M06", "2010M07", "2010M08", "2010M09", 
"2010M10", "2010M11", "2010M12", "2011M01", "2011M02", "2011M03", 
"2011M04", "2011M05", "2011M06", "2011M07", "2011M08", "2011M09", 
"2011M10", "2011M11", "2011M12", "2012M01", "2012M02", "2012M03", 
"2012M04", "2012M05", "2012M06", "2012M07", "2012M08", "2012M09", 
"2012M10", "2012M11", "2012M12", "2013M01", "2013M02", "2013M03", 
"2013M04", "2013M05", "2013M06", "2013M07", "2013M08", "2013M09", 
"2013M10", "2013M11", "2013M12", "2014M01", "2014M02", "2014M03", 
"2014M04", "2014M05", "2014M06", "2014M07", "2014M08", "2014M09", 
"2014M10", "2014M11", "2014M12", "2015M01", "2015M02", "2015M03", 
"2015M04", "2015M05", "2015M06", "2015M07", "2015M08", "2015M09", 
"2015M10", "2015M11", "2015M12", "2016M01", "2016M02", "2016M03", 
"2016M04", "2016M05", "2016M06", "2016M07", "2016M08", "2016M09", 
"2016M10", "2016M11", "2016M12", "2017M01", "2017M02", "2017M03", 
"2017M04", "2017M05", "2017M06", "2017M07", "2017M08", "2017M09", 
"2017M10", "2017M11", "2017M12", "2018M01", "2018M02", "2018M03", 
"2018M04", "2018M05", "2018M06", "2018M07", "2018M08", "2018M09", 
"2018M10", "2018M11", "2018M12", "2019M01", "2019M02", "2019M03", 
"2019M04", "2019M05", "2019M06", "2019M07", "2019M08", "2019M09", 
"2019M10", "2019M11", "2019M12", "2020M01", "2020M02", "2020M03", 
"2020M04", "2020M05", "2020M06", "2020M07", "2020M08", "2020M09", 
"2020M10", "2020M11", "2020M12", "2021M01", "2021M02", "2021M03", 
"2021M04", "2021M05", "2021M06", "2021M07", "2021M08", "2021M09", 
"2021M10", "2021M11", "2021M12", "2022M01", "2022M02", "2022M03", 
"2022M04", "2022M05", "2022M06", "2022M07", "2022M08", "2022M09", 
"2022M10", "2022M11", "2022M12", "2023M01", "2023M02", "2023M03", 
"2023M04", "2023M05", "2023M06", "2023M07", "2023M08", "2023M09", 
"2023M10", "2023M11", "2023M12", "2024M01", "2024M02", "2024M03", 
"2024M04", "2024M05", "2024M06", "2024M07", "2024M08", "2024M09", 
"2024M10", "2024M11", "2024M12", "2025M01", "2025M02", "2025M03"
), value = c(0x1.75a7710d11896p+10, 0x1.78200c6757677p+10, 0x1.79d65f950d7eap+10, 
0x1.786d15e887afep+10, 0x1.7abda03fb3cefp+10, 0x1.795176e1e00f6p+10, 
0x1.790c12f25f1fdp+10, 0x1.86c4b4a170d53p+10, 0x1.84bd70d52b3b5p+10, 
0x1.8753931adea0bp+10, 0x1.8c250f1f27d35p+10, 0x1.8b952e4edc692p+10, 
0x1.89cdaee6b6262p+10, 0x1.842a82c9bc3dbp+10, 0x1.8530abe853558p+10, 
0x1.896dd0b2252d1p+10, 0x1.87c3f24b516a6p+10, 0x1.88ecb576f3f34p+10, 
0x1.897adc3b113e3p+10, 0x1.8834a169af0b6p+10, 0x1.8e2898689c8c9p+10, 
0x1.8e027469344e7p+10, 0x1.8abc36b90a2f5p+10, 0x1.8c7e88fb80204p+10, 
0x1.8cd8984333232p+10, 0x1.8d1a186793c67p+10, 0x1.92839387578bap+10, 
0x1.90f5b6faad57bp+10, 0x1.8f2de4145f576p+10, 0x1.92a33bfccda73p+10, 
0x1.91acb52d63e1ep+10, 0x1.9134b0b9ec68bp+10, 0x1.94a8c838a1151p+10, 
0x1.92e219a6b6f45p+10, 0x1.96922fb3f5125p+10, 0x1.90c0fdeb9687ep+10, 
0x1.9134b28e0dbe4p+10, 0x1.976d3af6f9392p+10, 0x1.9199000052c0dp+10, 
0x1.91491988c4c81p+10, 0x1.9127ed8c6d563p+10, 0x1.9432db0220008p+10, 
0x1.93e2bba0f9868p+10, 0x1.96c7cd15aa614p+10, 0x1.92cdea0aee4c2p+10, 
0x1.8fbd5fb6c5abap+10, 0x1.91b8b3e887cc1p+10, 0x1.8e3529306a9a7p+10, 
0x1.8fed9da7768efp+10, 0x1.8d4b3e3d38f09p+10, 0x1.8c702af16e567p+10, 
0x1.8a72a1ac80916p+10, 0x1.8c3b200062a25p+10, 0x1.889925e925d3ep+10, 
0x1.88a6b531d1009p+10, 0x1.88a3b85497ec5p+10, 0x1.84544511f9cf2p+10, 
0x1.84ad5e8b48a64p+10, 0x1.809e7bd69e61fp+10, 0x1.82b979a21000cp+10, 
0x1.83776b6219155p+10, 0x1.814c59b69b51cp+10, 0x1.81d71aa28369bp+10, 
0x1.81557d3bac14ap+10, 0x1.83ef51eadef82p+10, 0x1.811ae7e69abd8p+10, 
0x1.808bec42b216fp+10, 0x1.800ae197cdf6ap+10, 0x1.7fe1018a532ecp+10, 
0x1.82334e35750e9p+10, 0x1.7f0e7d7e38b93p+10, 0x1.80fb57b781e2fp+10, 
0x1.828e5a915e658p+10, 0x1.852ad3fa3d4bdp+10, 0x1.80e77be4c5e83p+10, 
0x1.82e12387903a7p+10, 0x1.84a86c929f3fdp+10, 0x1.840e350c8feb8p+10, 
0x1.8748b2a16c8a6p+10, 0x1.858cb7311370ep+10, 0x1.869c76cf81a95p+10, 
0x1.8792a96a6565fp+10, 0x1.8425d29d1e73bp+10, 0x1.83aa6f339f3c1p+10, 
0x1.864d2549e5ff8p+10, 0x1.85237e20d9a53p+10, 0x1.864d789342662p+10, 
0x1.89551ab5960ap+10, 0x1.8676c0fe0d2fcp+10, 0x1.8b11ce5339d25p+10, 
0x1.8b4ccca1d86d7p+10, 0x1.881f1db3b5cc7p+10, 0x1.8a4f0cc3bfb8p+10, 
0x1.8ad0035b18187p+10, 0x1.8ff94ca2dd84cp+10, 0x1.89b48ea968f09p+10, 
0x1.8ebfaaf909944p+10, 0x1.9227c76fdf5ffp+10, 0x1.93d534db889bbp+10, 
0x1.923cd3e75a086p+10, 0x1.8f80227bba77fp+10, 0x1.901571a9e25edp+10, 
0x1.8fc0aa232331cp+10, 0x1.93080ede62394p+10, 0x1.933a4dec1c85ep+10, 
0x1.922a51257bc17p+10, 0x1.8fb27d852c0aep+10, 0x1.94d7256f6c84fp+10, 
0x1.9046a61627429p+10, 0x1.90c028e148dd2p+10, 0x1.92cdf0fdf1fa6p+10, 
0x1.92a21fd4e8f21p+10, 0x1.96c9c685c68c1p+10, 0x1.96beb89066552p+10, 
0x1.97acf6472e3a7p+10, 0x1.99549859aabe2p+10, 0x1.9b7d1a0e4800ap+10, 
0x1.9b1d2d42b0e41p+10, 0x1.9b1d90b15bb88p+10, 0x1.9e9e2b42d7163p+10, 
0x1.99c8efceab09p+10, 0x1.9989e7e2d8ecep+10, 0x1.9a86069003142p+10, 
0x1.9d7782772d0cfp+10, 0x1.9ad53a574764fp+10, 0x1.9e89bdfa4aca5p+10, 
0x1.9e8a805e2cdd6p+10, 0x1.a0dfbbc2179e7p+10, 0x1.9cfc46e74987dp+10, 
0x1.9fbbc0a9497f7p+10, 0x1.9fdce7834b929p+10, 0x1.a58d145c1eee1p+10, 
0x1.a4d1bdb2287b6p+10, 0x1.a6718b4b25237p+10, 0x1.a83862bce66e1p+10, 
0x1.a3e53639aba6fp+10, 0x1.a42db9274ed81p+10, 0x1.a92161fb8ded8p+10, 
0x1.abb88842bcda9p+10, 0x1.a77633abb0ce9p+10, 0x1.a97add896487p+10, 
0x1.aa9f26c2e6405p+10, 0x1.ae6f3498797ebp+10, 0x1.ad4ca07dc66a1p+10, 
0x1.ad749647135a4p+10, 0x1.abfec61b9ffd1p+10, 0x1.a5d60e7929c08p+10, 
0x1.dc2f250c72e84p+10, 0x1.d1dd6a185e44p+10, 0x1.c07d62b2038dfp+10, 
0x1.be4d31d9722c5p+10, 0x1.be6973cb53ce2p+10, 0x1.c044b8094e0aep+10, 
0x1.bfc0f19805ed4p+10, 0x1.cf274af66204dp+10, 0x1.d6b00860b9b06p+10, 
0x1.d9e25e1c86721p+10, 0x1.d977ac981ff76p+10, 0x1.dead27aeb8085p+10, 
0x1.de937c0f088dcp+10, 0x1.e12e660a5d22p+10, 0x1.dba3c5718ac7cp+10, 
0x1.d6e4a54aa54bcp+10, 0x1.c99fbe1f7f0d6p+10, 0x1.c8951dc67bddfp+10, 
0x1.c456225b392f2p+10, 0x1.c7535d54f7662p+10, 0x1.ca1c60ea85f93p+10, 
0x1.b3311a885af52p+10, 0x1.b6c4971d42528p+10, 0x1.c551def1258b1p+10, 
0x1.c1e8f0acfeaap+10, 0x1.b8dca484a8bbp+10, 0x1.b8f59ce88942fp+10, 
0x1.b636bd7037b41p+10, 0x1.b3bf3d9b0f08p+10, 0x1.b91a1f7e9df14p+10, 
0x1.bb350fd41f728p+10, 0x1.bcd0ca00f2ddfp+10, 0x1.b5e580ed207fbp+10, 
0x1.b9652694e91f8p+10, 0x1.bd3d45bfc6158p+10, 0x1.bfc79304a7dadp+10, 
0x1.c1c18b746a1d2p+10, 0x1.c35d07367cd0ap+10, 0x1.c41555b90819p+10, 
0x1.c4ec9a3234c5ep+10, 0x1.c6bebf536641cp+10, 0x1.c34b044666efp+10, 
0x1.c3d318acf4c92p+10, 0x1.ca629a6132398p+10, 0x1.cbd75d5d404bfp+10, 
0x1.cd8bd62d759a6p+10, 0x1.c9c6eca7dde42p+10, 0x1.cd6e870be59f3p+10, 
0x1.cde88a052e85p+10, 0x1.d2f4a8551b32ep+10, 0x1.d7c1d7e62c619p+10, 
0x1.dc0ae7200d4b7p+10, 0x1.dc1b0f662af37p+10, 0x1.dc1baf819aa69p+10, 
0x1.e0f0f3a1e753bp+10, 0x1.dfc891758527ap+10, 0x1.d3a7bfdd8b4ecp+10, 
0x1.e3675b0c1ffc2p+10, 0x1.e651062d4a839p+10, 0x1.e84c91a54fe53p+10
)), class = "data.frame", row.names = c(NA, -207L))
