structure(list(period_id = c("1995Q1", "1995Q2", "1995Q3", "1995Q4", 
"1996Q1", "1996Q2", "1996Q3", "1996Q4", "1997Q1", "1997Q2", "1997Q3", 
"1997Q4", "1998Q1", "1998Q2", "1998Q3", "1998Q4", "1999Q1", "1999Q2", 
"1999Q3", "1999Q4", "2000Q1", "2000Q2", "2000Q3", "2000Q4", "2001Q1", 
"2001Q2", "2001Q3", "2001Q4", "2002Q1", "2002Q2", "2002Q3", "2002Q4", 
"2003Q1", "2003Q2", "2003Q3", "2003Q4", "2004Q1", "2004Q2", "2004Q3", 
"2004Q4", "2005Q1", "2005Q2", "2005Q3", "2005Q4", "2006Q1", "2006Q2", 
"2006Q3", "2006Q4", "2007Q1", "2007Q2", "2007Q3", "2007Q4", "2008Q1", 
"2008Q2", "2008Q3", "2008Q4", "2009Q1", "2009Q2", "2009Q3", "2009Q4", 
"2010Q1", "2010Q2", "2010Q3", "2010Q4", "2011Q1", "2011Q2", "2011Q3", 
"2011Q4", "2012Q1", "2012Q2", "2012Q3", "2012Q4", "2013Q1", "2013Q2", 
"2013Q3", "2013Q4", "2014Q1", "2014Q2", "2014Q3", "2014Q4", "2015Q1", 
"2015Q2", "2015Q3", "2015Q4", "2016Q1", "2016Q2", "2016Q3", "2016Q4", 
"2017Q1", "2017Q2", "2017Q3", "2017Q4", "2018Q1", "2018Q2", "2018Q3", 
"2018Q4", "2019Q1", "2019Q2", "2019Q3", "2019Q4", "2020Q1", "2020Q2", 
"2020Q3", "2020Q4", "2021Q1", "2021Q2", "2021Q3", "2021Q4", "2022Q1", 
"2022Q2", "2022Q3", "2022Q4", "2023Q1", "2023Q2", "2023Q3", "2023Q4", 
"2024Q1", "2024Q2", "2024Q3", "2024Q4", "2025Q1"), value = c(NA, 
NA, NA, NA, 0x1.14c4051c9f72fp+11, 0x1.19e038e6d15adp+11, 0x1.1d895efe93187p+11, 
0x1.236be60a20147p+11, 0x1.26dff75104d55p+11, 0x1.3bdd145f9df55p+11, 
0x1.3fb2e3a5c1c61p+11, 0x1.49fc652deca25p+11, 0x1.4d751bda5119dp+11, 
0x1.50cfc47a17f41p+11, 0x1.53b66ef3d3a1dp+11, 0x1.52c574d594f27p+11, 
0x1.4f8e0c0053e2dp+11, 0x1.50a939cd8127bp+11, 0x1.56d7ba1d323ffp+11, 
0x1.64b29b1b79d91p+11, 0x1.759f06e7e62dcp+11, 0x1.83c8a65f0f5a1p+11, 
0x1.8c3fc1c8216c6p+11, 0x1.9d491db0142f6p+11, 0x1.a63d163baba7cp+11, 
0x1.9fc34ba732df5p+11, 0x1.a85a74ddf86e4p+11, 0x1.ab9cdafd11383p+11, 
0x1.bf2489d6adf72p+11, 0x1.bf4370307f23dp+11, 0x1.c88c580c308ffp+11, 
0x1.d078da038194cp+11, 0x1.c864681cb46bbp+11, 0x1.c93a9f83be66p+11, 
0x1.d65c8b8ae31d7p+11, 0x1.de76b72e6a769p+11, 0x1.e6ea91b3f20a7p+11, 
0x1.03c3553ef6b5dp+12, 0x1.0ae93ded6ba8cp+12, 0x1.0cd651f601798p+12, 
0x1.105de2d2fe3f3p+12, 0x1.1c1fcec204f2bp+12, 0x1.2f2802bf9830ep+12, 
0x1.35560214ad363p+12, 0x1.3e7f1e4a38327p+12, 0x1.4bb00c4bd33d3p+12, 
0x1.5270a3886594bp+12, 0x1.66110cc89b0eep+12, 0x1.7477a92d55a3ap+12, 
0x1.7dac1d6cf850ep+12, 0x1.877dbb267c6b9p+12, 0x1.877c502bc72e2p+12, 
0x1.9ba324f8726dp+12, 0x1.98fb89b30728fp+12, 0x1.917a0d477bbf9p+12, 
0x1.70621bf26f1dcp+12, 0x1.432e2e008e9b4p+12, 0x1.41470cda6e76p+12, 
0x1.48d9640852b4ep+12, 0x1.53b985a708edep+12, 0x1.5b34c45132f88p+12, 
0x1.668e5c12f09d9p+12, 0x1.719cea704bc27p+12, 0x1.747d8e5e67946p+12, 
0x1.80d402e770bdp+12, 0x1.85059351159c5p+12, 0x1.85f631971c10dp+12, 
0x1.88caa9ae4f334p+12, 0x1.877e046e8f29dp+12, 0x1.8a7269d40ee07p+12, 
0x1.8ad459e1f3a58p+12, 0x1.8c58bbea91d9bp+12, 0x1.8f9b29a1b9f99p+12, 
0x1.915037b8d3f18p+12, 0x1.96984e89656efp+12, 0x1.9b17f6006d0d5p+12, 
0x1.9c20d62281345p+12, 0x1.a2e5e1af7d30bp+12, 0x1.b315a3fdd65a1p+12, 
0x1.b994144fe36d2p+12, 0x1.ba5a899285a92p+12, 0x1.bbf6ba41e57dap+12, 
0x1.c351589ce4a7bp+12, 0x1.c6e0b61672325p+12, 0x1.d9f5a8f7db6e5p+12, 
0x1.da7194b2745bfp+12, 0x1.e24c4709741d1p+12, 0x1.e7a32c68a936cp+12, 
0x1.017c816ce789ep+13, 0x1.04d660d887ebfp+13, 0x1.10bcd5a07b353p+13, 
0x1.14ec69f05ea25p+13, 0x1.1567f39b024f6p+13, 0x1.1aa46dc5d6388p+13, 
0x1.1bd6cbe596c83p+13, 0x1.23733f36262ccp+13, 0x1.265b792c8c5p+13, 
0x1.2ad69b3397ddp+13, 0x1.289912edfe75cp+13, 0x1.26963a97e132bp+13, 
0x1.220858b370047p+13, 0x1.ca1355b1422cdp+12, 0x1.0ddc4f09d8c6dp+13, 
0x1.1ef219ccfaeffp+13, 0x1.29c40eb0b7c35p+13, 0x1.2c45c6961c369p+13, 
0x1.2f6bcb9cb6849p+13, 0x1.4741c1fc8f323p+13, 0x1.3e25913d74d59p+13, 
0x1.48ce88c26139p+13, 0x1.56398d612c6acp+13, 0x1.48fb12d98bf7fp+13, 
0x1.4b22dd00713fp+13, 0x1.4a6ef12ec6bcfp+13, 0x1.39d23c90c4decp+13, 
0x1.435580c73abc9p+13, 0x1.4d268adbc664dp+13, 0x1.4ac4969c23b79p+13, 
0x1.54ee37d523b36p+13, 0x1.4dcc4bc7b45f1p+13, 0x1.4c047f202107bp+13
)), class = "data.frame", row.names = c(NA, -121L))
