structure(list(period_id = c("1995Q1", "1995Q2", "1995Q3", "1995Q4", 
"1996Q1", "1996Q2", "1996Q3", "1996Q4", "1997Q1", "1997Q2", "1997Q3", 
"1997Q4", "1998Q1", "1998Q2", "1998Q3", "1998Q4", "1999Q1", "1999Q2", 
"1999Q3", "1999Q4", "2000Q1", "2000Q2", "2000Q3", "2000Q4", "2001Q1", 
"2001Q2", "2001Q3", "2001Q4", "2002Q1", "2002Q2", "2002Q3", "2002Q4", 
"2003Q1", "2003Q2", "2003Q3", "2003Q4", "2004Q1", "2004Q2", "2004Q3", 
"2004Q4", "2005Q1", "2005Q2", "2005Q3", "2005Q4", "2006Q1", "2006Q2", 
"2006Q3", "2006Q4", "2007Q1", "2007Q2", "2007Q3", "2007Q4", "2008Q1", 
"2008Q2", "2008Q3", "2008Q4", "2009Q1", "2009Q2", "2009Q3", "2009Q4", 
"2010Q1", "2010Q2", "2010Q3", "2010Q4", "2011Q1", "2011Q2", "2011Q3", 
"2011Q4", "2012Q1", "2012Q2", "2012Q3", "2012Q4", "2013Q1", "2013Q2", 
"2013Q3", "2013Q4", "2014Q1", "2014Q2", "2014Q3", "2014Q4", "2015Q1", 
"2015Q2", "2015Q3", "2015Q4", "2016Q1", "2016Q2", "2016Q3", "2016Q4", 
"2017Q1", "2017Q2", "2017Q3", "2017Q4", "2018Q1", "2018Q2", "2018Q3", 
"2018Q4", "2019Q1", "2019Q2", "2019Q3", "2019Q4", "2020Q1", "2020Q2", 
"2020Q3", "2020Q4", "2021Q1", "2021Q2", "2021Q3", "2021Q4", "2022Q1", 
"2022Q2", "2022Q3", "2022Q4", "2023Q1", "2023Q2", "2023Q3", "2023Q4", 
"2024Q1", "2024Q2", "2024Q3"), value = c(0x1.2f789a459103dp+3, 
0x1.0a664f54d1e97p+3, 0x1.d40d51f81a587p+2, 0x1.91f284167a95dp+2, 
0x1.570331e3a7daap+2, 0x1.5bc7ffde7210cp+2, 0x1.7954ac29bf163p+2, 
0x1.a936bd2b6f199p+2, 0x1.0a0750c1b9735p+3, 0x1.2c4a600b02928p+3, 
0x1.3d2f038e29f9dp+3, 0x1.25df86e3b46fep+3, 0x1.c3a2e3c536d65p+2, 
0x1.956ba493c89f4p+2, 0x1.ab8bb4d48882fp+2, 0x1.d32456f75d9a1p+2, 
0x1.18a0578e5c4ebp+3, 0x1.380f840181e04p+3, 0x1.3a7bc7f77af64p+3, 
0x1.15a5d6bebe165p+3, 0x1.5c9d6f112fd33p+2, 0x1.ff94f26aec072p+1, 
0x1.a8b0f27bb2fecp+1, 0x1.ce95d91ab8e8fp+1, 0x1.32061847f5621p+2, 
0x1.80e27e0ef998p+2, 0x1.ac474538ef34dp+2, 0x1.d377d0f1f57b4p+2, 
0x1.f3d21ff2e48e9p+2, 0x1.072fb3b752114p+3, 0x1.0925892684cfp+3, 
0x1.065f9378ee286p+3, 0x1.f8a116659d12dp+2, 0x1.df1947cfa26a2p+2, 
0x1.cd29b280f12c2p+2, 0x1.c5a8a82a5614ep+2, 0x1.c70639d5e4a38p+2, 
0x1.cb7ee4e26d48p+2, 0x1.db634549b62c7p+2, 0x1.f13cc07aaef2cp+2, 
0x1.045b59578a2a9p+3, 0x1.0fe9b38d60a63p+3, 0x1.12a6e5471715cp+3, 
0x1.0df5ab7dc7acp+3, 0x1.02c30b178b37p+3, 0x1.f1d2630ec3116p+2, 
0x1.df66772d5e072p+2, 0x1.cf8a936c58eebp+2, 0x1.d59656eefa1e4p+2, 
0x1.d459ee88df373p+2, 0x1.db38583621fbp+2, 0x1.eaf13cee9dd7fp+2, 
0x1.e7de1198aeb81p+2, 0x1.f7927913e8145p+2, 0x1.07c4b09e98dcep+3, 
0x1.16ba322af5771p+3, 0x1.2e63beec3979ap+3, 0x1.3a2f7b17ce52ep+3, 
0x1.3a5933e35c5b5p+3, 0x1.2eb1bde82d7b6p+3, 0x1.1643914f483cbp+3, 
0x1.087cd67fd3f5bp+3, 0x1.fee85fd04a2fdp+2, 0x1.f77ef5a964e8bp+2, 
0x1.00f42784a9479p+3, 0x1.fa623076c050cp+2, 0x1.e7bbbe878fabep+2, 
0x1.cd4e618ce2d1fp+2, 0x1.ae8359bc33f85p+2, 0x1.a555970b49e02p+2, 
0x1.b56f0cfe15443p+2, 0x1.ded27807789a4p+2, 0x1.1118116ebd4dp+3, 
0x1.2fb3d07c84b5ep+3, 0x1.45d3586ca89fcp+3, 0x1.514acd184c272p+3, 
0x1.520fabda0dfdfp+3, 0x1.53e0c7c0f4517p+3, 0x1.5786d50657321p+3, 
0x1.5d47e6b3fe9fbp+3, 0x1.664ba51a005c4p+3, 0x1.6f65a35d67ba2p+3, 
0x1.78c3dab5c39bdp+3, 0x1.81d27e5215769p+3, 0x1.8856b00ffda4p+3, 
0x1.857952d234ebap+3, 0x1.760fbeb9e492cp+3, 0x1.5db5286b59147p+3, 
0x1.4b999bb2788dbp+3, 0x1.394bf6e3f78bcp+3, 0x1.386a2b1704ff4p+3, 
0x1.45f0f5a1016cep+3, 0x1.82e1522a6f3f5p+3, 0x1.79e5b4245f5aep+3, 
0x1.7022d5171e29bp+3, 0x1.5df6837f7be12p+3, 0x1.4cf83382e44b7p+3, 
0x1.46b2702a3486fp+3, 0x1.3fd8dde7a743ap+3, 0x1.4051c7de5082dp+3, 
0x1.46d9ddc1e7968p+3, 0x1.43f0f16f4384cp+3, 0x1.437e586013661p+3, 
0x1.40c1a8ac5c14p+3, 0x1.37835bd512ec7p+3, 0x1.3cd1dcd7060bbp+3, 
0x1.3ab17ce52decap+3, 0x1.39144028e4fb9p+3, 0x1.3661cbccf28c8p+3, 
0x1.364d1c7de5083p+3, 0x1.3b039ef0f16f4p+3, 0x1.3cdda059a73b4p+3, 
0x1.398266772d5ep+3, 0x1.34577531db446p+3, 0x1.2a62f7b17ce53p+3, 
0x1.20a16a4873366p+3, 0x1.1cbcb81733227p+3, 0x1.176c8d5c74752p+3, 
0x1.159cc96462802p+3)), class = "data.frame", row.names = c(NA, 
-119L))
