structure(list(period_id = c("1995Q1", "1995Q2", "1995Q3", "1995Q4", 
"1996Q1", "1996Q2", "1996Q3", "1996Q4", "1997Q1", "1997Q2", "1997Q3", 
"1997Q4", "1998Q1", "1998Q2", "1998Q3", "1998Q4", "1999Q1", "1999Q2", 
"1999Q3", "1999Q4", "2000Q1", "2000Q2", "2000Q3", "2000Q4", "2001Q1", 
"2001Q2", "2001Q3", "2001Q4", "2002Q1", "2002Q2", "2002Q3", "2002Q4", 
"2003Q1", "2003Q2", "2003Q3", "2003Q4", "2004Q1", "2004Q2", "2004Q3", 
"2004Q4", "2005Q1", "2005Q2", "2005Q3", "2005Q4", "2006Q1", "2006Q2", 
"2006Q3", "2006Q4", "2007Q1", "2007Q2", "2007Q3", "2007Q4", "2008Q1", 
"2008Q2", "2008Q3", "2008Q4", "2009Q1", "2009Q2", "2009Q3", "2009Q4", 
"2010Q1", "2010Q2", "2010Q3", "2010Q4", "2011Q1", "2011Q2", "2011Q3", 
"2011Q4", "2012Q1", "2012Q2", "2012Q3", "2012Q4", "2013Q1", "2013Q2", 
"2013Q3", "2013Q4", "2014Q1", "2014Q2", "2014Q3", "2014Q4", "2015Q1", 
"2015Q2", "2015Q3", "2015Q4", "2016Q1", "2016Q2", "2016Q3", "2016Q4", 
"2017Q1", "2017Q2", "2017Q3", "2017Q4", "2018Q1", "2018Q2", "2018Q3", 
"2018Q4", "2019Q1", "2019Q2", "2019Q3", "2019Q4", "2020Q1", "2020Q2", 
"2020Q3", "2020Q4", "2021Q1", "2021Q2", "2021Q3", "2021Q4", "2022Q1", 
"2022Q2", "2022Q3", "2022Q4", "2023Q1", "2023Q2", "2023Q3", "2023Q4", 
"2024Q1", "2024Q2", "2024Q3"), value = c(NA, NA, NA, NA, 0x1.0b633d5bab218p+8, 
0x1.0d5a2be0589adp+8, 0x1.1663a365cb35fp+8, 0x1.1996fe718a86dp+8, 
0x1.1825a1db877abp+8, 0x1.1626730c67169p+8, 0x1.18120ae9680ep+8, 
0x1.3289da16616b5p+8, 0x1.20b1c31593e6p+8, 0x1.2de56e264e486p+8, 
0x1.2f94d0cc35ce2p+8, 0x1.34d1da48b6523p+8, 0x1.3f70d8fd5cb79p+8, 
0x1.421dfd1569f49p+8, 0x1.42a91b71758e2p+8, 0x1.4643913e81451p+8, 
0x1.4613a493c89f4p+8, 0x1.47062b27cbf6ep+8, 0x1.46069728a6117p+8, 
0x1.4d1e7f2c3009bp+8, 0x1.593bfc0096febp+8, 0x1.5eb38a2a90cd4p+8, 
0x1.68ca376922d95p+8, 0x1.6664f6cefed63p+8, 0x1.6560bf8fcd68p+8, 
0x1.64f7f0995aaf8p+8, 0x1.674298fe69271p+8, 0x1.6a24154c985fp+8, 
0x1.6b924883fd502p+8, 0x1.7134fa48301a8p+8, 0x1.711dd68c692f7p+8, 
0x1.71636273929edp+8, 0x1.6eb022036006dp+8, 0x1.6f760daa0cae6p+8, 
0x1.6e76f837b4a23p+8, 0x1.738dd052934adp+8, 0x1.79f50342aa9f8p+8, 
0x1.7c072aae29739p+8, 0x1.7c08e8533b107p+8, 0x1.81e63d2d87f88p+8, 
0x1.7ba7e86833c6p+8, 0x1.797bfda4052d6p+8, 0x1.7a41df97aaac1p+8, 
0x1.7e9cf483cafb4p+8, 0x1.8d5cc21e1d218p+8, 0x1.a9b8167a95c85p+8, 
0x1.ae576a50d6b23p+8, 0x1.a56d00d5e8d54p+8, 0x1.9b02e2b8c75c5p+8, 
0x1.9f943760bf5d8p+8, 0x1.a04b687b139c9p+8, 0x1.a193c68661ae7p+8, 
0x1.a5b00df58c08bp+8, 0x1.ab0e58a32f449p+8, 0x1.acb534373f317p+8, 
0x1.b65fb352a8438p+8, 0x1.b6a797fe8ee6cp+8, 0x1.c33b778dd617p+8, 
0x1.cb2ef405f6bap+8, 0x1.d277761cbccf3p+8, 0x1.dd3c0474d9c6bp+8, 
0x1.d4eb2617c1bdap+8, 0x1.d5e472b020c4ap+8, 0x1.d350f95d4e8fbp+8, 
0x1.d33e9bcfd4bf1p+8, 0x1.cde6e5bc87db3p+8, 0x1.cc1a9f59ccfafp+8, 
0x1.bb1c66d373bp+8, 0x1.b2a980d3cff65p+8, 0x1.aee35dfeb8d82p+8, 
0x1.ab97609dcf894p+8, 0x1.b687d3f5b5fa2p+8, 0x1.bbba23d0bfa09p+8, 
0x1.c0427f5e84f09p+8, 0x1.c3515f138bcep+8, 0x1.bdb6af145521ap+8, 
0x1.b9f276640a6b9p+8, 0x1.ba5e3150dae3ep+8, 0x1.bbfb2ce89656fp+8, 
0x1.c4755bccaf70ap+8, 0x1.d9b35ac8a3726p+8, 0x1.eb6ad7b634dadp+8, 
0x1.010666d373bp+9, 0x1.0a4e2b51bd61fp+9, 0x1.0c4a0b4e11dbdp+9, 
0x1.0f9996b7670ap+9, 0x1.111d7f1f9adp+9, 0x1.0f8e2aa19439ep+9, 
0x1.1391e553ac4f8p+9, 0x1.15498a222d517p+9, 0x1.1a5dc304ccee6p+9, 
0x1.229761027957p+9, 0x1.2d9532ce89657p+9, 0x1.311adea033e79p+9, 
0x1.33b49bae46cfdp+9, 0x1.3ca6f416bdb1ap+9, 0x1.02aff79c842fap+9, 
0x1.e5628e1d6494dp+8, 0x1.2a60238540464p+9, 0x1.a22f5ab7dc7acp+8, 
0x1.316178d4fdf3bp+9, 0x1.3c145b8dc55p+9, 0x1.45bce30446b6ap+9, 
0x1.4f1c47e49b1fbp+9, 0x1.5c7a97204295ap+9, 0x1.63aa2e09fe868p+9, 
0x1.612714a90470bp+9, 0x1.56f646cfc829dp+9, 0x1.5188617c1bda5p+9, 
0x1.49521c2e33effp+9, 0x1.42a8f5fd47beep+9, 0x1.4bffa0f9096bcp+9, 
0x1.4b856134ce3dep+9, 0x1.4f3f77fae3609p+9, 0x1.566979b77c02bp+9
)), class = "data.frame", row.names = c(NA, -119L))
