structure(list(period_id = c("1995Q1", "1995Q2", "1995Q3", "1995Q4", 
"1996Q1", "1996Q2", "1996Q3", "1996Q4", "1997Q1", "1997Q2", "1997Q3", 
"1997Q4", "1998Q1", "1998Q2", "1998Q3", "1998Q4", "1999Q1", "1999Q2", 
"1999Q3", "1999Q4", "2000Q1", "2000Q2", "2000Q3", "2000Q4", "2001Q1", 
"2001Q2", "2001Q3", "2001Q4", "2002Q1", "2002Q2", "2002Q3", "2002Q4", 
"2003Q1", "2003Q2", "2003Q3", "2003Q4", "2004Q1", "2004Q2", "2004Q3", 
"2004Q4", "2005Q1", "2005Q2", "2005Q3", "2005Q4", "2006Q1", "2006Q2", 
"2006Q3", "2006Q4", "2007Q1", "2007Q2", "2007Q3", "2007Q4", "2008Q1", 
"2008Q2", "2008Q3", "2008Q4", "2009Q1", "2009Q2", "2009Q3", "2009Q4", 
"2010Q1", "2010Q2", "2010Q3", "2010Q4", "2011Q1", "2011Q2", "2011Q3", 
"2011Q4", "2012Q1", "2012Q2", "2012Q3", "2012Q4", "2013Q1", "2013Q2", 
"2013Q3", "2013Q4", "2014Q1", "2014Q2", "2014Q3", "2014Q4", "2015Q1", 
"2015Q2", "2015Q3", "2015Q4", "2016Q1", "2016Q2", "2016Q3", "2016Q4", 
"2017Q1", "2017Q2", "2017Q3", "2017Q4", "2018Q1", "2018Q2", "2018Q3", 
"2018Q4", "2019Q1", "2019Q2", "2019Q3", "2019Q4", "2020Q1", "2020Q2", 
"2020Q3", "2020Q4", "2021Q1", "2021Q2", "2021Q3", "2021Q4", "2022Q1", 
"2022Q2", "2022Q3", "2022Q4", "2023Q1", "2023Q2", "2023Q3", "2023Q4", 
"2024Q1", "2024Q2", "2024Q3", "2024Q4", "2025Q1", "2025Q2"), 
    value = c(NA, NA, NA, NA, 0x1.14c4051c9f72fp+11, 0x1.19e038e6d15adp+11, 
    0x1.1d895efe93187p+11, 0x1.236be60a20147p+11, 0x1.26dff75104d55p+11, 
    0x1.3bdd145f9df55p+11, 0x1.3fb2e3a5c1c61p+11, 0x1.49fc652deca25p+11, 
    0x1.4d751bda5119dp+11, 0x1.50cfc47a17f41p+11, 0x1.53b66ef3d3a1dp+11, 
    0x1.52c574d594f27p+11, 0x1.4f8e0c0053e2dp+11, 0x1.50a939cd8127bp+11, 
    0x1.56d7ba1d323ffp+11, 0x1.64b29b1b79d91p+11, 0x1.759f06e7e62dcp+11, 
    0x1.83c8a65f0f5a1p+11, 0x1.8c3fc1c8216c6p+11, 0x1.9d491db0142f6p+11, 
    0x1.a63d163baba7cp+11, 0x1.9fc34ba732df5p+11, 0x1.a85a74ddf86e4p+11, 
    0x1.ab9cdafd11383p+11, 0x1.bf2489d6adf72p+11, 0x1.bf4370307f23dp+11, 
    0x1.c88c580c308ffp+11, 0x1.d078da038194cp+11, 0x1.c864681cb46bbp+11, 
    0x1.c93a9f83be66p+11, 0x1.d65c8b8ae31d7p+11, 0x1.de76b72e6a769p+11, 
    0x1.e6ea91b3f20a7p+11, 0x1.03c3553ef6b5dp+12, 0x1.0ae93ded6ba8cp+12, 
    0x1.0cd651f601798p+12, 0x1.105de2d2fe3f3p+12, 0x1.1c1fcec204f2bp+12, 
    0x1.2f2802bf9830ep+12, 0x1.35560214ad363p+12, 0x1.3e7f1e4a38327p+12, 
    0x1.4bb00c4bd33d3p+12, 0x1.5270a3886594bp+12, 0x1.66110cc89b0eep+12, 
    0x1.7477a92d55a3ap+12, 0x1.7dac1d6cf850ep+12, 0x1.877dbb267c6b9p+12, 
    0x1.877c502bc72e2p+12, 0x1.9ba324f8726dp+12, 0x1.98fb89b30728fp+12, 
    0x1.917a0d477bbf9p+12, 0x1.70621bf26f1dcp+12, 0x1.432e2e008e9b4p+12, 
    0x1.41470cda6e76p+12, 0x1.48d9640852b4ep+12, 0x1.53b985a708edep+12, 
    0x1.5b30058793dd9p+12, 0x1.6691399806f26p+12, 0x1.718d5640e9d52p+12, 
    0x1.74791ff609ddp+12, 0x1.80bc5c68ec52ap+12, 0x1.850ec2480e8c9p+12, 
    0x1.85e2b4dad31fdp+12, 0x1.88dc122a6f3f5p+12, 0x1.8769a84cf073ap+12, 
    0x1.8a962f09d8c6dp+12, 0x1.8acdb345069a5p+12, 0x1.8c659b2d4d402p+12, 
    0x1.8f8bb3a2595bcp+12, 0x1.9171e38b8ae32p+12, 0x1.9688f037d6302p+12, 
    0x1.9b2176aa4b988p+12, 0x1.9bfeac81d3aa3p+12, 0x1.a3115bbbe879p+12, 
    0x1.b30a1e6256367p+12, 0x1.b9913bf401c5p+12, 0x1.ba2790fd7e458p+12, 
    0x1.bc2978fbca106p+12, 0x1.c34446a7ef9dbp+12, 0x1.c6c93a786c227p+12, 
    0x1.d9c4ba871a3b1p+12, 0x1.da900b8066c2bp+12, 0x1.e2554a7e73a36p+12, 
    0x1.e7ae40fa9c12fp+12, 0x1.014e179f23465p+13, 0x1.04f5b989df117p+13, 
    0x1.10cef2452c5ap+13, 0x1.14f38efaa4767p+13, 0x1.153a69f9ce8d9p+13, 
    0x1.1acf053c9abbp+13, 0x1.1bf35000431bep+13, 0x1.236da02b84125p+13, 
    0x1.262ced2567989p+13, 0x1.2afd71ec0b567p+13, 0x1.28b823c21187ep+13, 
    0x1.268bbdbfceb79p+13, 0x1.21c7a3c7d5edp+13, 0x1.ca5908f861a61p+12, 
    0x1.0dfb16b4c7f35p+13, 0x1.1ece28448cf7dp+13, 0x1.29751efb6dcap+13, 
    0x1.2c7111148fdap+13, 0x1.2f9814091c087p+13, 0x1.471989899bf59p+13, 
    0x1.3db6bb8561d43p+13, 0x1.4907099524bfdp+13, 0x1.5680426809d49p+13, 
    0x1.48eef17a46174p+13, 0x1.4a9254a1ad645p+13, 0x1.4abf56c2efd44p+13, 
    0x1.3a2775be5d9e4p+13, 0x1.43569d438d1d9p+13, 0x1.4c84a0157eed4p+13, 
    0x1.4b2c228027d89p+13, 0x1.55439799e518fp+13, 0x1.4dc38d9cf13cfp+13, 
    0x1.4da77329c347fp+13, 0x1.48926c4ac6cdbp+13)), class = "data.frame", row.names = c(NA, 
-122L))
