structure(list(period_id = c("1995Q1", "1995Q2", "1995Q3", "1995Q4", 
"1996Q1", "1996Q2", "1996Q3", "1996Q4", "1997Q1", "1997Q2", "1997Q3", 
"1997Q4", "1998Q1", "1998Q2", "1998Q3", "1998Q4", "1999Q1", "1999Q2", 
"1999Q3", "1999Q4", "2000Q1", "2000Q2", "2000Q3", "2000Q4", "2001Q1", 
"2001Q2", "2001Q3", "2001Q4", "2002Q1", "2002Q2", "2002Q3", "2002Q4", 
"2003Q1", "2003Q2", "2003Q3", "2003Q4", "2004Q1", "2004Q2", "2004Q3", 
"2004Q4", "2005Q1", "2005Q2", "2005Q3", "2005Q4", "2006Q1", "2006Q2", 
"2006Q3", "2006Q4", "2007Q1", "2007Q2", "2007Q3", "2007Q4", "2008Q1", 
"2008Q2", "2008Q3", "2008Q4", "2009Q1", "2009Q2", "2009Q3", "2009Q4", 
"2010Q1", "2010Q2", "2010Q3", "2010Q4", "2011Q1", "2011Q2", "2011Q3", 
"2011Q4", "2012Q1", "2012Q2", "2012Q3", "2012Q4", "2013Q1", "2013Q2", 
"2013Q3", "2013Q4", "2014Q1", "2014Q2", "2014Q3", "2014Q4", "2015Q1", 
"2015Q2", "2015Q3", "2015Q4", "2016Q1", "2016Q2", "2016Q3", "2016Q4", 
"2017Q1", "2017Q2", "2017Q3", "2017Q4", "2018Q1", "2018Q2", "2018Q3", 
"2018Q4", "2019Q1", "2019Q2", "2019Q3", "2019Q4", "2020Q1", "2020Q2", 
"2020Q3", "2020Q4", "2021Q1", "2021Q2", "2021Q3", "2021Q4", "2022Q1", 
"2022Q2", "2022Q3", "2022Q4", "2023Q1", "2023Q2", "2023Q3", "2023Q4", 
"2024Q1", "2024Q2", "2024Q3"), value = c(NA, NA, NA, NA, 0x1.25b06afab53d6p+12, 
0x1.3e80aa3161a1ep+12, 0x1.3d4f680ae1049p+12, 0x1.49c1e7cbf6e3fp+12, 
0x1.3302ab6f19935p+12, 0x1.5229af911cf35p+12, 0x1.4e695eeed8905p+12, 
0x1.5641c5dd8f92bp+12, 0x1.40a8b36bd2b6fp+12, 0x1.589a4050bd87bp+12, 
0x1.54ee1fb0d51f8p+12, 0x1.5fbfbc8d19589p+12, 0x1.4d0ae02fb5d03p+12, 
0x1.6e35ae2fbe33bp+12, 0x1.621550e66cb1p+12, 0x1.6f6c30a2ca9acp+12, 
0x1.615a7de82d7b6p+12, 0x1.76a6365ecc3e3p+12, 0x1.7197e706d5065p+12, 
0x1.7a4d754d1e96cp+12, 0x1.6f573b81b64ep+12, 0x1.82a1e60913a5p+12, 
0x1.7e1c5e7967cafp+12, 0x1.8669d30489d28p+12, 0x1.797d668c26139p+12, 
0x1.8e19da3a08399p+12, 0x1.8cdd2ab5807ffp+12, 0x1.993f8b662fdfcp+12, 
0x1.8423011d3671bp+12, 0x1.9ec08c122749fp+12, 0x1.9c9e2685db76bp+12, 
0x1.a3cf3f76a2f49p+12, 0x1.9483ab96f21f7p+12, 0x1.b44998f3eccc4p+12, 
0x1.af303e61cffebp+12, 0x1.b5dd3fa7eb6bfp+12, 0x1.9e5021bf37b8dp+12, 
0x1.c789068123811p+12, 0x1.bf8fbff583a54p+12, 0x1.c787dcbbc2b95p+12, 
0x1.b690076af89c6p+12, 0x1.dd9364cb5bb38p+12, 0x1.de2dc9f51697fp+12, 
0x1.e7b6c5ad538acp+12, 0x1.dbe7e4a276b7fp+12, 0x1.01ad24d5d80e5p+13, 
0x1.0197371b04684p+13, 0x1.00e9aca8198f2p+13, 0x1.f5edba2f05a71p+12, 
0x1.0fa926a01259ap+13, 0x1.08f8ebdc26dcep+13, 0x1.f9e62e6c8f755p+12, 
0x1.d5250e3cd9a52p+12, 0x1.eef7af6e8294ap+12, 0x1.e627fe29307afp+12, 
0x1.e30e21d6494d5p+12, 0x1.cfe46fd113837p+12, 0x1.f6bfe699c7bccp+12, 
0x1.f198e98fe6927p+12, 0x1.ebd0bf64cf8d7p+12, 0x1.da8f13059641fp+12, 
0x1.f30c1246bf013p+12, 0x1.f09536a7264a1p+12, 0x1.ec3ac5c033615p+12, 
0x1.d64e37585be1bp+12, 0x1.e4bd183d79075p+12, 0x1.e21309edbf8bap+12, 
0x1.dafd543d03969p+12, 0x1.c84cfa3db3bfbp+12, 0x1.e305331f46ed2p+12, 
0x1.de76e30a91538p+12, 0x1.e5712d9274e23p+12, 0x1.d6f361059ea57p+12, 
0x1.f51bbe4abe6a3p+12, 0x1.f2c9752007dd4p+12, 0x1.f2a35f0b28523p+12, 
0x1.e06efa00e27e1p+12, 0x1.fe6c31b152f3cp+12, 0x1.ffe9b41d084e8p+12, 
0x1.00914b34e7686p+13, 0x1.eb37cd3ae685ep+12, 0x1.083d10fe8ab5p+13, 
0x1.08841fe6d58c9p+13, 0x1.09691641700cep+13, 0x1.0327d2b239a39p+13, 
0x1.14adb146e4c0ep+13, 0x1.149f9930be0dfp+13, 0x1.1c41546801712p+13, 
0x1.0cedee84ad795p+13, 0x1.20666d67fd3f6p+13, 0x1.2221c8301a7ap+13, 
0x1.296c6d5bee3d6p+13, 0x1.19cce7f0aa21ap+13, 0x1.2a9b4b35f3d7dp+13, 
0x1.2ca5fa87a072dp+13, 0x1.319abbb0e5e68p+13, 0x1.1be19801b4352p+13, 
0x1.0bca859429175p+13, 0x1.28c627d135116p+13, 0x1.2dea86fbd273dp+13, 
0x1.1f44e77a2cecdp+13, 0x1.3343d110e453dp+13, 0x1.3a34a5fbf8338p+13, 
0x1.49831dd4c76d1p+13, 0x1.2b7c1d24180d4p+13, 0x1.402ecc1fc8f32p+13, 
0x1.3edf82c2bd7f5p+13, 0x1.4c5ccadddf43cp+13, 0x1.33107c7f77af6p+13, 
0x1.4a3d89118c198p+13, 0x1.46696b9cb6849p+13, 0x1.536806fcdee35p+13, 
0x1.3a0d5cf3dc055p+13, 0x1.4c7b5553ef6b6p+13, 0x1.4a665a7daa4fdp+13
)), class = "data.frame", row.names = c(NA, -119L))
