structure(list(period_id = c("1995Q1", "1995Q2", "1995Q3", "1995Q4", 
"1996Q1", "1996Q2", "1996Q3", "1996Q4", "1997Q1", "1997Q2", "1997Q3", 
"1997Q4", "1998Q1", "1998Q2", "1998Q3", "1998Q4", "1999Q1", "1999Q2", 
"1999Q3", "1999Q4", "2000Q1", "2000Q2", "2000Q3", "2000Q4", "2001Q1", 
"2001Q2", "2001Q3", "2001Q4", "2002Q1", "2002Q2", "2002Q3", "2002Q4", 
"2003Q1", "2003Q2", "2003Q3", "2003Q4", "2004Q1", "2004Q2", "2004Q3", 
"2004Q4", "2005Q1", "2005Q2", "2005Q3", "2005Q4", "2006Q1", "2006Q2", 
"2006Q3", "2006Q4", "2007Q1", "2007Q2", "2007Q3", "2007Q4", "2008Q1", 
"2008Q2", "2008Q3", "2008Q4", "2009Q1", "2009Q2", "2009Q3", "2009Q4", 
"2010Q1", "2010Q2", "2010Q3", "2010Q4", "2011Q1", "2011Q2", "2011Q3", 
"2011Q4", "2012Q1", "2012Q2", "2012Q3", "2012Q4", "2013Q1", "2013Q2", 
"2013Q3", "2013Q4", "2014Q1", "2014Q2", "2014Q3", "2014Q4", "2015Q1", 
"2015Q2", "2015Q3", "2015Q4", "2016Q1", "2016Q2", "2016Q3", "2016Q4", 
"2017Q1", "2017Q2", "2017Q3", "2017Q4", "2018Q1", "2018Q2", "2018Q3", 
"2018Q4", "2019Q1", "2019Q2", "2019Q3", "2019Q4", "2020Q1", "2020Q2", 
"2020Q3", "2020Q4", "2021Q1", "2021Q2", "2021Q3", "2021Q4", "2022Q1", 
"2022Q2", "2022Q3", "2022Q4", "2023Q1", "2023Q2", "2023Q3", "2023Q4", 
"2024Q1", "2024Q2", "2024Q3"), value = c(NA, NA, NA, NA, 0x1.705f31f8a0903p+10, 
0x1.76c722a6f3f53p+10, 0x1.983d873bc903fp+10, 0x1.873c650614163p+10, 
0x1.7d3e40f66a551p+10, 0x1.89cadcebfec14p+10, 0x1.aa0c856605ee5p+10, 
0x1.96f66a5508701p+10, 0x1.7edb69b17481bp+10, 0x1.89a0d72bcb5fep+10, 
0x1.b3a4ac57e23f2p+10, 0x1.a8bffeef5ec81p+10, 0x1.8fe49e6256367p+10, 
0x1.989fddb5525ccp+10, 0x1.c3a7ece13f4aap+10, 0x1.b67bf4e4430b1p+10, 
0x1.9dbd40639d5e5p+10, 0x1.a1f5845996745p+10, 0x1.c70776534373fp+10, 
0x1.b5dd66b1e5c0cp+10, 0x1.a4ef858793dd9p+10, 0x1.c8f49be8ff328p+10, 
0x1.bba30ff540896p+10, 0x1.b16a3f705857bp+10, 0x1.a48dde2691644p+10, 
0x1.d28ee73a365cbp+10, 0x1.c6e5b256ffc11p+10, 0x1.c042351159c49p+10, 
0x1.aa8b187a4a49p+10, 0x1.dabb9f7f8ca82p+10, 0x1.de11050374ff8p+10, 
0x1.cbf1d06fef7c2p+10, 0x1.bca1e4a7b4e55p+10, 0x1.ece801797cc3ap+10, 
0x1.ea03187e7c06ep+10, 0x1.ea340baa582dcp+10, 0x1.d1d8e2b063e08p+10, 
0x1.05a970aa21a72p+11, 0x1.0013675579af2p+11, 0x1.f33206e9ff0ccp+10, 
0x1.e322edd484513p+10, 0x1.0640bb29a1bap+11, 0x1.0563305100a39p+11, 
0x1.02dd5e679463dp+11, 0x1.ff37b549f9485p+10, 0x1.1986345f17bd9p+11, 
0x1.1a4e7822bbecbp+11, 0x1.0a7449cf56eadp+11, 0x1.06ff7f7dfa00ep+11, 
0x1.22108bc382a13p+11, 0x1.157ad4d1e96c4p+11, 0x1.12e1737b8d3f2p+11, 
0x1.0a5356da0168bp+11, 0x1.19189f623076cp+11, 0x1.126c4bdfd2631p+11, 
0x1.13ac6b8950764p+11, 0x1.0692f9bdc69f9p+11, 0x1.158a69f8c21e2p+11, 
0x1.16c40d2e514c2p+11, 0x1.1abf431bde82dp+11, 0x1.0b653213e3e29p+11, 
0x1.11efe6d373bp+11, 0x1.25f45028a1dfcp+11, 0x1.20ae636d22425p+11, 
0x1.19f9a595bbbe8p+11, 0x1.0ae630b7c3505p+11, 0x1.16231a0275254p+11, 
0x1.264f3320535cap+11, 0x1.0e18e29b6b2afp+11, 0x1.0647c26bb55acp+11, 
0x1.13b214fce746dp+11, 0x1.29390dda48b65p+11, 0x1.18e2fb6fe2e6fp+11, 
0x1.07cee5907d912p+11, 0x1.0dae77a919696p+11, 0x1.26ee202320968p+11, 
0x1.19c8d33b10774p+11, 0x1.10cc9b584b1abp+11, 0x1.1d894db9c7369p+11, 
0x1.2c0728deb0faep+11, 0x1.19ba765dbfcebp+11, 0x1.11cbc1aef6f8fp+11, 
0x1.1ea222339c0ecp+11, 0x1.3ee585f4a1273p+11, 0x1.1f90a8d21bc12p+11, 
0x1.13a758cb07d0bp+11, 0x1.25b0fc17a8933p+11, 0x1.491b65c4eb57p+11, 
0x1.2d6d3f91e646fp+11, 0x1.20f5ccf4a558fp+11, 0x1.2cf2fa871a3b1p+11, 
0x1.4db527b6fe2e7p+11, 0x1.30d4f20c8cd64p+11, 0x1.2c218537e2c56p+11, 
0x1.402752c9d16fdp+11, 0x1.59b27d933e35cp+11, 0x1.228e76f2a5a47p+11, 
0x1.b74419bd4067dp+10, 0x1.1a4d3ad9f0a1cp+11, 0x1.21a318201cd6p+11, 
0x1.e791f572de43fp+10, 0x1.ed788ede54b49p+10, 0x1.453b9626b2f23p+11, 
0x1.74bb9101b0037p+11, 0x1.25d8e117720c9p+11, 0x1.2c51d31337eb3p+11, 
0x1.4bf4a4a48f96ep+11, 0x1.7bf25931ca7d6p+11, 0x1.35fc72e05ccc9p+11, 
0x1.3962740c4156ep+11, 0x1.591bddbfceb79p+11, 0x1.712042a8869c6p+11, 
0x1.3d89b7457c0b1p+11, 0x1.404ebedfa43fep+11, 0x1.5f4d4b039ef0fp+11
)), class = "data.frame", row.names = c(NA, -119L))
