structure(list(period_id = c("1995Q1", "1995Q2", "1995Q3", "1995Q4", 
"1996Q1", "1996Q2", "1996Q3", "1996Q4", "1997Q1", "1997Q2", "1997Q3", 
"1997Q4", "1998Q1", "1998Q2", "1998Q3", "1998Q4", "1999Q1", "1999Q2", 
"1999Q3", "1999Q4", "2000Q1", "2000Q2", "2000Q3", "2000Q4", "2001Q1", 
"2001Q2", "2001Q3", "2001Q4", "2002Q1", "2002Q2", "2002Q3", "2002Q4", 
"2003Q1", "2003Q2", "2003Q3", "2003Q4", "2004Q1", "2004Q2", "2004Q3", 
"2004Q4", "2005Q1", "2005Q2", "2005Q3", "2005Q4", "2006Q1", "2006Q2", 
"2006Q3", "2006Q4", "2007Q1", "2007Q2", "2007Q3", "2007Q4", "2008Q1", 
"2008Q2", "2008Q3", "2008Q4", "2009Q1", "2009Q2", "2009Q3", "2009Q4", 
"2010Q1", "2010Q2", "2010Q3", "2010Q4", "2011Q1", "2011Q2", "2011Q3", 
"2011Q4", "2012Q1", "2012Q2", "2012Q3", "2012Q4", "2013Q1", "2013Q2", 
"2013Q3", "2013Q4", "2014Q1", "2014Q2", "2014Q3", "2014Q4", "2015Q1", 
"2015Q2", "2015Q3", "2015Q4", "2016Q1", "2016Q2", "2016Q3", "2016Q4", 
"2017Q1", "2017Q2", "2017Q3", "2017Q4", "2018Q1", "2018Q2", "2018Q3", 
"2018Q4", "2019Q1", "2019Q2", "2019Q3", "2019Q4", "2020Q1", "2020Q2", 
"2020Q3", "2020Q4", "2021Q1", "2021Q2", "2021Q3", "2021Q4", "2022Q1", 
"2022Q2", "2022Q3", "2022Q4", "2023Q1", "2023Q2", "2023Q3", "2023Q4", 
"2024Q1", "2024Q2", "2024Q3", "2024Q4", "2025Q1", "2025Q2", "2025Q3"
), value = c(NA, NA, NA, NA, 0x1.38c3420f6f08dp+10, 0x1.5200fca85cabp+10, 
0x1.5b444b8bef8cfp+10, 0x1.6d50212d77319p+10, 0x1.6b939628cbd12p+10, 
0x1.83a2db8348f54p+10, 0x1.88345a8deb0fbp+10, 0x1.7d5eee84ad795p+10, 
0x1.a1e5913a4f872p+10, 0x1.9368e17a02fb6p+10, 0x1.905ea2f8bdec6p+10, 
0x1.a64b52f7f498cp+10, 0x1.a94f233df2a9dp+10, 0x1.15571ad85dfa8p+11, 
0x1.aca90bf5d7881p+10, 0x1.d638f56a7ac82p+10, 0x1.e25c54da4ce81p+10, 
0x1.e96e83d790753p+10, 0x1.f4a9845564b66p+10, 0x1.d089a044ae85cp+10, 
0x1.d02a24a276b7fp+10, 0x1.d6cffad6cb535p+10, 0x1.e4c3878316a05p+10, 
0x1.dcdd77d523b36p+10, 0x1.de960dcb9a9dap+10, 0x1.d38e9f7f8ca82p+10, 
0x1.dfc21fe64f54dp+10, 0x1.fca0d23d4f15ep+10, 0x1.030339042d8c3p+11, 
0x1.019367ee9142bp+11, 0x1.0c0dcdc65c704p+11, 0x1.0daad73647babp+11, 
0x1.1db9c013ec461p+11, 0x1.2deb4b2d905cp+11, 0x1.222d32745bf27p+11, 
0x1.1d85d7a786c22p+11, 0x1.1aab4814d727ap+11, 0x1.1972fe2a3cea7p+11, 
0x1.2144d1a437825p+11, 0x1.36020a5269596p+11, 0x1.30ee8b9346994p+11, 
0x1.362be6c6de764p+11, 0x1.5117577531db4p+11, 0x1.677d26c7eae5cp+11, 
0x1.71c58667f90dap+11, 0x1.803b5cc20d563p+11, 0x1.8c4c6160d887fp+11, 
0x1.8fd4b914f483dp+11, 0x1.97485d462c344p+11, 0x1.a85bdaa715832p+11, 
0x1.a27b90470a809p+11, 0x1.64c48242d05f3p+11, 0x1.1eb22db61bb06p+11, 
0x1.0baa8e1d6494dp+11, 0x1.15c90e92d55a4p+11, 0x1.fb107403dddb1p+10, 
0x1.f1731f18c9fb6p+10, 0x1.fcea1cd1c7de5p+10, 0x1.f4abbdf090f73p+10, 
0x1.0781bf5f91601p+11, 0x1.0ac6a57646ae4p+11, 0x1.f00bd916872bp+10, 
0x1.df8d072085b18p+10, 0x1.d0e0fbefd0071p+10, 0x1.cfcbb50b0f27cp+10, 
0x1.934d358298cc1p+10, 0x1.914848dc11e43p+10, 0x1.7036f6b1a2a4ep+10, 
0x1.9830fa5d28dp+10, 0x1.add8343fa2ad4p+10, 0x1.a8fa1737542a2p+10, 
0x1.c5db5b8993922p+10, 0x1.b7d81be2b495ap+10, 0x1.c70879aae6c8fp+10, 
0x1.cb21e6644d877p+10, 0x1.9d2eed1394318p+10, 0x1.a942c64345cffp+10, 
0x1.bfc9c1376d549p+10, 0x1.cc82d0dcfcc5cp+10, 0x1.bf5f819d2391dp+10, 
0x1.9581b224aada3p+10, 0x1.cb26445aa2e3cp+10, 0x1.c993b1f687b14p+10, 
0x1.cb8b7ce52decap+10, 0x1.d8e884e831ad2p+10, 0x1.01356f3f52fc2p+11, 
0x1.f0b46d97b30f9p+10, 0x1.086a496249a13p+11, 0x1.0ca75903a7547p+11, 
0x1.1414248b65237p+11, 0x1.2396a367e414ep+11, 0x1.1d9b98a43bb41p+11, 
0x1.16d8a8e0c9d9dp+11, 0x1.09beac59fb1e2p+11, 0x1.3045dc9e6687fp+11, 
0x1.156acdf47f994p+11, 0x1.0de10507a6bd7p+11, 0x1.d0adfe36d2242p+10, 
0x1.e347a3a4b5569p+10, 0x1.37939bbf0dc77p+11, 0x1.1c802a4db163cp+11, 
0x1.3aecba4b5568fp+11, 0x1.29e43f24d8fd6p+11, 0x1.2ba0d28d002e2p+11, 
0x1.61aca7d88c1dbp+11, 0x1.45a3d931ca7d6p+11, 0x1.3257deebb341ep+11, 
0x1.35668f96e1587p+11, 0x1.35f27c957cd46p+11, 0x1.31e6b23571d1dp+11, 
0x1.4081c6f9b994ep+11, 0x1.5123ec8d5c747p+11, 0x1.3d47d14e3bcd3p+11, 
0x1.4ad4df7c6759bp+11, 0x1.1fa9652370479p+11, 0x1.408787182235bp+11, 
0x1.41b8c295a6c5dp+11, 0x1.3b0e88919ef95p+11, 0x1.42e2430d306a3p+11
)), class = "data.frame", row.names = c(NA, -123L))
