structure(list(period_id = c("1995Q1", "1995Q2", "1995Q3", "1995Q4", 
"1996Q1", "1996Q2", "1996Q3", "1996Q4", "1997Q1", "1997Q2", "1997Q3", 
"1997Q4", "1998Q1", "1998Q2", "1998Q3", "1998Q4", "1999Q1", "1999Q2", 
"1999Q3", "1999Q4", "2000Q1", "2000Q2", "2000Q3", "2000Q4", "2001Q1", 
"2001Q2", "2001Q3", "2001Q4", "2002Q1", "2002Q2", "2002Q3", "2002Q4", 
"2003Q1", "2003Q2", "2003Q3", "2003Q4", "2004Q1", "2004Q2", "2004Q3", 
"2004Q4", "2005Q1", "2005Q2", "2005Q3", "2005Q4", "2006Q1", "2006Q2", 
"2006Q3", "2006Q4", "2007Q1", "2007Q2", "2007Q3", "2007Q4", "2008Q1", 
"2008Q2", "2008Q3", "2008Q4", "2009Q1", "2009Q2", "2009Q3", "2009Q4", 
"2010Q1", "2010Q2", "2010Q3", "2010Q4", "2011Q1", "2011Q2", "2011Q3", 
"2011Q4", "2012Q1", "2012Q2", "2012Q3", "2012Q4", "2013Q1", "2013Q2", 
"2013Q3", "2013Q4", "2014Q1", "2014Q2", "2014Q3", "2014Q4", "2015Q1", 
"2015Q2", "2015Q3", "2015Q4", "2016Q1", "2016Q2", "2016Q3", "2016Q4", 
"2017Q1", "2017Q2", "2017Q3", "2017Q4", "2018Q1", "2018Q2", "2018Q3", 
"2018Q4", "2019Q1", "2019Q2", "2019Q3", "2019Q4", "2020Q1", "2020Q2", 
"2020Q3", "2020Q4", "2021Q1", "2021Q2", "2021Q3", "2021Q4", "2022Q1", 
"2022Q2", "2022Q3", "2022Q4", "2023Q1", "2023Q2", "2023Q3", "2023Q4", 
"2024Q1", "2024Q2", "2024Q3", "2024Q4", "2025Q1"), value = c(NA, 
NA, NA, NA, 0x1.0b633d5bab218p+8, 0x1.0d5a2be0589adp+8, 0x1.1663a365cb35fp+8, 
0x1.1996fe718a86dp+8, 0x1.1825a1db877abp+8, 0x1.1626730c67169p+8, 
0x1.18120ae9680ep+8, 0x1.3289da16616b5p+8, 0x1.20b1c31593e6p+8, 
0x1.2de56e264e486p+8, 0x1.2f94d0cc35ce2p+8, 0x1.34d1da48b6523p+8, 
0x1.3f70d8fd5cb79p+8, 0x1.421dfd1569f49p+8, 0x1.42a91b71758e2p+8, 
0x1.4643913e81451p+8, 0x1.4613a493c89f4p+8, 0x1.47062b27cbf6ep+8, 
0x1.46069728a6117p+8, 0x1.4d1e7f2c3009bp+8, 0x1.593bfc0096febp+8, 
0x1.5eb38a2a90cd4p+8, 0x1.68ca376922d95p+8, 0x1.6664f6cefed63p+8, 
0x1.6560bf8fcd68p+8, 0x1.64f7f0995aaf8p+8, 0x1.674298fe69271p+8, 
0x1.6a24154c985fp+8, 0x1.6b924883fd502p+8, 0x1.7134fa48301a8p+8, 
0x1.711dd68c692f7p+8, 0x1.71636273929edp+8, 0x1.6eb022036006dp+8, 
0x1.6f760daa0cae6p+8, 0x1.6e76f837b4a23p+8, 0x1.738dd052934adp+8, 
0x1.79f50342aa9f8p+8, 0x1.7c072aae29739p+8, 0x1.7c08e8533b107p+8, 
0x1.81e63d2d87f88p+8, 0x1.7ba7e86833c6p+8, 0x1.797bfda4052d6p+8, 
0x1.7a41df97aaac1p+8, 0x1.7e9cf483cafb4p+8, 0x1.8d5cc21e1d218p+8, 
0x1.a9b8167a95c85p+8, 0x1.ae576a50d6b23p+8, 0x1.a56d00d5e8d54p+8, 
0x1.9b02e2b8c75c5p+8, 0x1.9f943760bf5d8p+8, 0x1.a04b687b139c9p+8, 
0x1.a193c68661ae7p+8, 0x1.a5b00df58c08bp+8, 0x1.ab0e58a32f449p+8, 
0x1.acb534373f317p+8, 0x1.b65fb352a8438p+8, 0x1.b6af9b456b442p+8, 
0x1.c33917a46173cp+8, 0x1.cb256df3f9618p+8, 0x1.d2965bea0ba1fp+8, 
0x1.dc81d0203e63fp+8, 0x1.d53fcfb3311a5p+8, 0x1.d6141c92ddbdbp+8, 
0x1.d30e3c85c24c4p+8, 0x1.d523e79ee02a7p+8, 0x1.cd82921ccd962p+8, 
0x1.cbe0ec204f2aep+8, 0x1.baf98b71b8aap+8, 0x1.b15a8f9f44d44p+8, 
0x1.ae9ea875d56f3p+8, 0x1.ab2f1e29b6b2bp+8, 0x1.b5fe4a48f96e1p+8, 
0x1.bb5f69fcf3dcp+8, 0x1.bfd9c39bcba3p+8, 0x1.c2e30025bfad3p+8, 
0x1.bd7a63c74fb55p+8, 0x1.b92d410f94c88p+8, 0x1.ba5dcfbb94962p+8, 
0x1.bc57bf83382e4p+8, 0x1.c4fd26a65cf68p+8, 0x1.db71c9c4da9p+8, 
0x1.ebe1d78811b1ep+8, 0x1.011b32acfb763p+9, 0x1.0a3a2de870974p+9, 
0x1.0bcbecdd0d8cbp+9, 0x1.0f566f049a997p+9, 0x1.10bf32ce89657p+9, 
0x1.0f1a337a80cfap+9, 0x1.13318476f2a5ap+9, 0x1.14cd0bc7b45f1p+9, 
0x1.19eb06573216p+9, 0x1.223a454de7ea6p+9, 0x1.2d1bc74fb54ap+9, 
0x1.30cc4c165907ep+9, 0x1.336fef1fddebep+9, 0x1.3c14fdfc19c17p+9, 
0x1.04b36fd21ff2ep+9, 0x1.e4e583a53b8e5p+8, 0x1.2a89e98dcdb38p+9, 
0x1.a26a90257c915p+8, 0x1.3121571d1d474p+9, 0x1.3bf0efb2aae29p+9, 
0x1.45c2e33eff195p+9, 0x1.4f3ed234eb9a1p+9, 0x1.5c64ef3d3a1d3p+9, 
0x1.638e7913e8145p+9, 0x1.60f6317268d33p+9, 0x1.56b3158b827fap+9, 
0x1.50d2f661f18cap+9, 0x1.4932b95e5aff3p+9, 0x1.41b9a22706d5p+9, 
0x1.4f2a5ae5ffa3cp+9, 0x1.4953b70ef5665p+9, 0x1.4d3b527e52157p+9, 
0x1.552feeed8904fp+9, 0x1.52fc06a6e32e4p+9, 0x1.5bfc6dc5d6388p+9
)), class = "data.frame", row.names = c(NA, -121L))
