structure(list(period_id = c("2005Q1", "2005Q2", "2005Q3", "2005Q4", 
"2006Q1", "2006Q2", "2006Q3", "2006Q4", "2007Q1", "2007Q2", "2007Q3", 
"2007Q4", "2008Q1", "2008Q2", "2008Q3", "2008Q4", "2009Q1", "2009Q2", 
"2009Q3", "2009Q4", "2010Q1", "2010Q2", "2010Q3", "2010Q4", "2011Q1", 
"2011Q2", "2011Q3", "2011Q4", "2012Q1", "2012Q2", "2012Q3", "2012Q4", 
"2013Q1", "2013Q2", "2013Q3", "2013Q4", "2014Q1", "2014Q2", "2014Q3", 
"2014Q4", "2015Q1", "2015Q2", "2015Q3", "2015Q4", "2016Q1", "2016Q2", 
"2016Q3", "2016Q4", "2017Q1", "2017Q2", "2017Q3", "2017Q4", "2018Q1", 
"2018Q2", "2018Q3", "2018Q4", "2019Q1", "2019Q2", "2019Q3", "2019Q4", 
"2020Q1", "2020Q2", "2020Q3", "2020Q4", "2021Q1", "2021Q2", "2021Q3", 
"2021Q4", "2022Q1", "2022Q2", "2022Q3", "2022Q4", "2023Q1", "2023Q2", 
"2023Q3", "2023Q4", "2024Q1", "2024Q2", "2024Q3", "2024Q4"), 
    value = c(0x1.accd604e1e71p+11, 0x1.b8274f2064239p+11, 0x1.c7f3154eb13ep+11, 
    0x1.e0eb91a32b12dp+11, 0x1.cca99b0ccbc06p+11, 0x1.d54c3395c422p+11, 
    0x1.e55849e01de27p+11, 0x1.038512253111fp+12, 0x1.f6ab95421c044p+11, 
    0x1.01259ad6451b9p+12, 0x1.0b23e350d2807p+12, 0x1.1f2dbd7a13c25p+12, 
    0x1.15f2461416378p+12, 0x1.1d5c2cf850df1p+12, 0x1.299ee2be0589bp+12, 
    0x1.357a011e42e12p+12, 0x1.20deb9bcba301p+12, 0x1.1edc1b34a44c8p+12, 
    0x1.20225ffe6d58dp+12, 0x1.296c25668c261p+12, 0x1.203d9bd0e12e8p+12, 
    0x1.242928bf3bea9p+12, 0x1.260e9a32b12d3p+12, 0x1.2d860e432442p+12, 
    0x1.2123b76c4827bp+12, 0x1.2237c955b4678p+12, 0x1.2396cbfd2e947p+12, 
    0x1.2a5f07863beecp+12, 0x1.1fdca16e7a312p+12, 0x1.1ccc28c154c98p+12, 
    0x1.19e9dc422036p+12, 0x1.1fa6083558a76p+12, 0x1.146d1b65ecc3ep+12, 
    0x1.1457431ad2136p+12, 0x1.15632c322292p+12, 0x1.1e33f61fe21d9p+12, 
    0x1.1654d00c521dep+12, 0x1.18f344c5974e6p+12, 0x1.1b7d1ebd9018ep+12, 
    0x1.26930ad9ad85ep+12, 0x1.1d4e09e236c16p+12, 0x1.1f99d29dc725cp+12, 
    0x1.235b90d2806afp+12, 0x1.31457e5fb71fcp+12, 0x1.2c1924e592967p+12, 
    0x1.2f9c40af1cb8ap+12, 0x1.3391e013660e5p+12, 0x1.428371bef49cfp+12, 
    0x1.3cc010c3d2524p+12, 0x1.420681626b2f2p+12, 0x1.479f7cb4f1e4bp+12, 
    0x1.5acf321e603d5p+12, 0x1.555b696a26e54p+12, 0x1.5a23c42a66dbdp+12, 
    0x1.5dcd0a3d70a3dp+12, 0x1.7639861847f56p+12, 0x1.73e64f2beceddp+12, 
    0x1.76ea04f4c6e6ep+12, 0x1.7aac2733ebbfdp+12, 0x1.8efdfe3193f6cp+12, 
    0x1.8036d14e3bcd3p+12, 0x1.810459392189cp+12, 0x1.7bfbc297bfa4cp+12, 
    0x1.a46e34a98aa86p+12, 0x1.a108bcfc3f812p+12, 0x1.a8d3554da4ce8p+12, 
    0x1.a748ea5614df9p+12, 0x1.c0e83d230b9dcp+12, 0x1.babd79a176ddbp+12, 
    0x1.c56fad14a0a0fp+12, 0x1.ccb7e9c886163p+12, 0x1.e90282efd438dp+12, 
    0x1.f4eda54823854p+12, 0x1.f6a629da597d5p+12, 0x1.fab201c92ddbep+12, 
    0x1.0b2c11a11233ep+13, 0x1.0bacb034b0e1bp+13, 0x1.0a923b0574b4p+13, 
    0x1.0d26eb7132724p+13, 0x1.1894509e98dcep+13)), class = "data.frame", row.names = c(NA, 
-80L))
