structure(list(period_id = c("1995Q1", "1995Q2", "1995Q3", "1995Q4", 
"1996Q1", "1996Q2", "1996Q3", "1996Q4", "1997Q1", "1997Q2", "1997Q3", 
"1997Q4", "1998Q1", "1998Q2", "1998Q3", "1998Q4", "1999Q1", "1999Q2", 
"1999Q3", "1999Q4", "2000Q1", "2000Q2", "2000Q3", "2000Q4", "2001Q1", 
"2001Q2", "2001Q3", "2001Q4", "2002Q1", "2002Q2", "2002Q3", "2002Q4", 
"2003Q1", "2003Q2", "2003Q3", "2003Q4", "2004Q1", "2004Q2", "2004Q3", 
"2004Q4", "2005Q1", "2005Q2", "2005Q3", "2005Q4", "2006Q1", "2006Q2", 
"2006Q3", "2006Q4", "2007Q1", "2007Q2", "2007Q3", "2007Q4", "2008Q1", 
"2008Q2", "2008Q3", "2008Q4", "2009Q1", "2009Q2", "2009Q3", "2009Q4", 
"2010Q1", "2010Q2", "2010Q3", "2010Q4", "2011Q1", "2011Q2", "2011Q3", 
"2011Q4", "2012Q1", "2012Q2", "2012Q3", "2012Q4", "2013Q1", "2013Q2", 
"2013Q3", "2013Q4", "2014Q1", "2014Q2", "2014Q3", "2014Q4", "2015Q1", 
"2015Q2", "2015Q3", "2015Q4", "2016Q1", "2016Q2", "2016Q3", "2016Q4", 
"2017Q1", "2017Q2", "2017Q3", "2017Q4", "2018Q1", "2018Q2", "2018Q3", 
"2018Q4", "2019Q1", "2019Q2", "2019Q3", "2019Q4", "2020Q1", "2020Q2", 
"2020Q3", "2020Q4", "2021Q1", "2021Q2", "2021Q3", "2021Q4", "2022Q1", 
"2022Q2", "2022Q3", "2022Q4", "2023Q1", "2023Q2", "2023Q3", "2023Q4", 
"2024Q1", "2024Q2", "2024Q3"), value = c(0x1.117e34117f844p+7, 
0x1.b8ab8088509cp+7, 0x1.ae57d6d7e889cp+7, 0x1.bfb6add590c0bp+7, 
0x1.36d4430b178b3p+7, 0x1.17a83a53b8e4cp+8, 0x1.26a60a73f748ap+8, 
0x1.14028f29d40eep+8, 0x1.79666ff7dfa01p+7, 0x1.6574def416bdbp+8, 
0x1.553367a0f9097p+8, 0x1.49e629845dc83p+8, 0x1.c67d8c4bd33d3p+7, 
0x1.75ccae429e0a4p+8, 0x1.6b5aababead4fp+8, 0x1.97a91ed9dfdacp+8, 
0x1.1242481f53826p+8, 0x1.f24b3a797891ep+8, 0x1.a19243bb40b35p+8, 
0x1.d134856e696a2p+8, 0x1.4d56c7325918ap+8, 0x1.e07db76b3bb84p+8, 
0x1.17441fa765343p+9, 0x1.23905492ff4bap+9, 0x1.5b02707e175d1p+8, 
0x1.ebf36f3b213e4p+8, 0x1.27afee807bbb6p+9, 0x1.2c1338c5436b9p+9, 
0x1.656d0ca1cef24p+8, 0x1.f8c47325918ap+8, 0x1.3b8b31876188bp+9, 
0x1.433e0c282c6efp+9, 0x1.a14a612839043p+8, 0x1.3cb17d523b363p+9, 
0x1.6e8dd7ecbb7fap+9, 0x1.6e15121ab4b73p+9, 0x1.d58ecabc51548p+8, 
0x1.4c157aeddce7dp+9, 0x1.9faa3aa79bbaep+9, 0x1.8d81adf2ecf2p+9, 
0x1.ec21333b96afp+8, 0x1.78d6c8de2ac32p+9, 0x1.a4e9b1f255f35p+9, 
0x1.9e5545c78a6dbp+9, 0x1.da6675579af19p+8, 0x1.7501ac79702e6p+9, 
0x1.b95aca600b029p+9, 0x1.d0ecc1db0142fp+9, 0x1.2e5a28fe260b3p+9, 
0x1.cddb53586ca8ap+9, 0x1.156e2ecaeea64p+10, 0x1.127fc15097c81p+10, 
0x1.9c555e95b78cdp+9, 0x1.1625ccb7d4174p+10, 0x1.4618e9142b303p+10, 
0x1.18507e06961c3p+10, 0x1.5a994898f605bp+9, 0x1.cb9a7b890d5a6p+9, 
0x1.e6b704577d955p+9, 0x1.bb25c64ba94bcp+9, 0x1.1ac70bfa0946p+9, 
0x1.73144430b178bp+9, 0x1.86d466c2acb86p+9, 0x1.6a415c7cd898bp+9, 
0x1.c147313be22e6p+8, 0x1.178f676ea4229p+9, 0x1.3fc959c497742p+9, 
0x1.4fb07afa72218p+9, 0x1.a669eb52c9d17p+8, 0x1.1945e1e2de871p+9, 
0x1.51fed20afa2fp+9, 0x1.2e0f97b30f8c6p+9, 0x1.7ab7574f722e2p+8, 
0x1.fd745caafbc1bp+8, 0x1.3c28f53c579f2p+9, 0x1.600635158b828p+9, 
0x1.f42219da9c993p+8, 0x1.580960e94ee39p+9, 0x1.72eb60d024702p+9, 
0x1.523871c53f39dp+9, 0x1.f22ffe5c91d15p+8, 0x1.458700ffda405p+9, 
0x1.4b6ddc6195465p+9, 0x1.4c2816ce789e7p+9, 0x1.5b1a4a59c065bp+8, 
0x1.fbbd44241c3fp+8, 0x1.1fc101d9f4d38p+9, 0x1.2d7ab07d0aedap+9, 
0x1.a5985ae5ffa3cp+8, 0x1.169ad3e0bd44ap+9, 0x1.22837a99fa11bp+9, 
0x1.5fea244e93e1dp+9, 0x1.d76a400fba882p+8, 0x1.472754fbdad75p+9, 
0x1.774de2584f4c7p+9, 0x1.91d7f6d330942p+9, 0x1.33fa196d8f4f9p+9, 
0x1.8f59e9185cee1p+9, 0x1.845788fc9363fp+9, 0x1.81190870110a1p+9, 
0x1.301697a67a52bp+9, 0x1.4f2029c779a6bp+9, 0x1.88cfaf9ebe9c9p+9, 
0x1.95ecaafbc1acep+9, 0x1.3d9cb7dc7abfcp+9, 0x1.96c5dd97f62b7p+9, 
0x1.d4aa90e66cb1p+9, 0x1.dbe61b3aeee95p+9, 0x1.866832ca57a78p+9, 
0x1.f02427fa1a0cfp+9, 0x1.174df36ef8056p+10, 0x1.18b83b3a68b1ap+10, 
0x1.f741f21b3aeefp+9, 0x1.30ac8344c37e7p+10, 0x1.44fd7496aad1dp+10, 
0x1.20c85ee99a62fp+10, 0x1.0582bf0995aafp+10, 0x1.255af55582129p+10, 
0x1.1744723aafff3p+10)), class = "data.frame", row.names = c(NA, 
-119L))
