structure(list(period_id = c("2004Q1", "2004Q2", "2004Q3", "2004Q4", 
"2005Q1", "2005Q2", "2005Q3", "2005Q4", "2006Q1", "2006Q2", "2006Q3", 
"2006Q4", "2007Q1", "2007Q2", "2007Q3", "2007Q4", "2008Q1", "2008Q2", 
"2008Q3", "2008Q4", "2009Q1", "2009Q2", "2009Q3", "2009Q4", "2010Q1", 
"2010Q2", "2010Q3", "2010Q4", "2011Q1", "2011Q2", "2011Q3", "2011Q4", 
"2012Q1", "2012Q2", "2012Q3", "2012Q4", "2013Q1", "2013Q2", "2013Q3", 
"2013Q4", "2014Q1", "2014Q2", "2014Q3", "2014Q4", "2015Q1", "2015Q2", 
"2015Q3", "2015Q4", "2016Q1", "2016Q2", "2016Q3", "2016Q4", "2017Q1", 
"2017Q2", "2017Q3", "2017Q4", "2018Q1", "2018Q2", "2018Q3", "2018Q4", 
"2019Q1", "2019Q2", "2019Q3", "2019Q4", "2020Q1", "2020Q2", "2020Q3", 
"2020Q4", "2021Q1", "2021Q2", "2021Q3", "2021Q4", "2022Q1", "2022Q2", 
"2022Q3", "2022Q4", "2023Q1", "2023Q2", "2023Q3", "2023Q4", "2024Q1", 
"2024Q2", "2024Q3", "2024Q4"), value = c(0x1.24720a3d70a3dp+14, 
0x1.2c5f147ae147bp+14, 0x1.3727c28f5c28fp+14, 0x1.40ddae147ae14p+14, 
0x1.4ad0333333333p+14, 0x1.435cccccccccdp+14, 0x1.44c128f5c28f6p+14, 
0x1.51af7ae147ae1p+14, 0x1.53e03d70a3d71p+14, 0x1.6240333333333p+14, 
0x1.66f9333333333p+14, 0x1.774270a3d70a4p+14, 0x1.6fbb70a3d70a4p+14, 
0x1.8b2e666666666p+14, 0x1.963847ae147aep+14, 0x1.9f1ea3d70a3d7p+14, 
0x1.8c8d8f5c28f5cp+14, 0x1.8fc8c28f5c28fp+14, 0x1.8bb2147ae147bp+14, 
0x1.780e8f5c28f5cp+14, 0x1.82637ae147ae1p+14, 0x1.94c40a3d70a3dp+14, 
0x1.975a851eb851fp+14, 0x1.994dp+14, 0x1.a5305c28f5c29p+14, 0x1.a7628f5c28f5cp+14, 
0x1.a7825c28f5c29p+14, 0x1.a96d147ae147bp+14, 0x1.b01dccccccccdp+14, 
0x1.a9f6147ae147bp+14, 0x1.9fa447ae147aep+14, 0x1.a2613d70a3d71p+14, 
0x1.a57ab851eb852p+14, 0x1.a42f70a3d70a4p+14, 0x1.a72da3d70a3d7p+14, 
0x1.aaf4e147ae148p+14, 0x1.b4bed70a3d70ap+14, 0x1.b8b1ae147ae14p+14, 
0x1.bdaeae147ae14p+14, 0x1.c21b99999999ap+14, 0x1.cd0aae147ae14p+14, 
0x1.d8adp+14, 0x1.ddb01eb851eb8p+14, 0x1.df1da3d70a3d7p+14, 0x1.e64bae147ae14p+14, 
0x1.e76f8f5c28f5cp+14, 0x1.e4e61eb851eb8p+14, 0x1.eb5fd70a3d70ap+14, 
0x1.f61328f5c28f6p+14, 0x1.fa73666666666p+14, 0x1.002bae147ae14p+15, 
0x1.038ap+15, 0x1.0944d1eb851ecp+15, 0x1.0d8a666666666p+15, 0x1.102b8a3d70a3dp+15, 
0x1.16b475c28f5c3p+15, 0x1.1b48d70a3d70ap+15, 0x1.22654cccccccdp+15, 
0x1.243e19999999ap+15, 0x1.2d8ae147ae148p+15, 0x1.36d7947ae147bp+15, 
0x1.3e0de147ae148p+15, 0x1.408e70a3d70a4p+15, 0x1.4b1ac28f5c28fp+15, 
0x1.4ca00a3d70a3dp+15, 0x1.61b73851eb852p+15, 0x1.6550051eb851fp+15, 
0x1.76cee66666666p+15, 0x1.8576f0a3d70a4p+15, 0x1.95ab6147ae148p+15, 
0x1.99ccae147ae14p+15, 0x1.ac3dp+15, 0x1.ab6f47ae147aep+15, 0x1.b3c90f5c28f5cp+15, 
0x1.b05b051eb851fp+15, 0x1.b9af3d70a3d71p+15, 0x1.c4277ae147ae1p+15, 
0x1.cf18c7ae147aep+15, 0x1.d07ff5c28f5c3p+15, 0x1.e35d3851eb852p+15, 
0x1.efbfe147ae148p+15, 0x1.fd5b8p+15, 0x1.0046f851eb852p+16, 
0x1.0533547ae147bp+16)), class = "data.frame", row.names = c(NA, 
-84L))
