structure(list(period_id = c("1995Q1", "1995Q2", "1995Q3", "1995Q4", 
"1996Q1", "1996Q2", "1996Q3", "1996Q4", "1997Q1", "1997Q2", "1997Q3", 
"1997Q4", "1998Q1", "1998Q2", "1998Q3", "1998Q4", "1999Q1", "1999Q2", 
"1999Q3", "1999Q4", "2000Q1", "2000Q2", "2000Q3", "2000Q4", "2001Q1", 
"2001Q2", "2001Q3", "2001Q4", "2002Q1", "2002Q2", "2002Q3", "2002Q4", 
"2003Q1", "2003Q2", "2003Q3", "2003Q4", "2004Q1", "2004Q2", "2004Q3", 
"2004Q4", "2005Q1", "2005Q2", "2005Q3", "2005Q4", "2006Q1", "2006Q2", 
"2006Q3", "2006Q4", "2007Q1", "2007Q2", "2007Q3", "2007Q4", "2008Q1", 
"2008Q2", "2008Q3", "2008Q4", "2009Q1", "2009Q2", "2009Q3", "2009Q4", 
"2010Q1", "2010Q2", "2010Q3", "2010Q4", "2011Q1", "2011Q2", "2011Q3", 
"2011Q4", "2012Q1", "2012Q2", "2012Q3", "2012Q4", "2013Q1", "2013Q2", 
"2013Q3", "2013Q4", "2014Q1", "2014Q2", "2014Q3", "2014Q4", "2015Q1", 
"2015Q2", "2015Q3", "2015Q4", "2016Q1", "2016Q2", "2016Q3", "2016Q4", 
"2017Q1", "2017Q2", "2017Q3", "2017Q4", "2018Q1", "2018Q2", "2018Q3", 
"2018Q4", "2019Q1", "2019Q2", "2019Q3", "2019Q4", "2020Q1", "2020Q2", 
"2020Q3", "2020Q4", "2021Q1", "2021Q2", "2021Q3", "2021Q4", "2022Q1", 
"2022Q2", "2022Q3", "2022Q4", "2023Q1", "2023Q2", "2023Q3", "2023Q4", 
"2024Q1", "2024Q2", "2024Q3", "2024Q4", "2025Q1"), value = c(NA, 
NA, NA, NA, 0x1.35f7e7f8012ep+12, 0x1.38b346cfc829dp+12, 0x1.3c9332cc70868p+12, 
0x1.418f265061416p+12, 0x1.4462930164841p+12, 0x1.49e213ad5bee4p+12, 
0x1.4ceaaa3161a1ep+12, 0x1.4e1b6cb966be8p+12, 0x1.503a8fc0d2c38p+12, 
0x1.51adcb8e086bep+12, 0x1.53ca2b4528284p+12, 0x1.56a16e32e3822p+12, 
0x1.5a2a55f138bcep+12, 0x1.66281512ec6bdp+12, 0x1.61fc049fd7a14p+12, 
0x1.66f5f01a79fedp+12, 0x1.6bb4dd6063172p+12, 0x1.6fc08f51ac9bp+12, 
0x1.73b1b039ef0f1p+12, 0x1.77023dac68a93p+12, 0x1.7a68f5c182ecbp+12, 
0x1.7d4e129dc725cp+12, 0x1.7fe00e51d25abp+12, 0x1.816e2ef6f8f04p+12, 
0x1.86fbbdb09a672p+12, 0x1.88541a1cac083p+12, 0x1.8c8789fa54c55p+12, 
0x1.92c30549b62c7p+12, 0x1.9294f98c7e282p+12, 0x1.9773a02a77a2dp+12, 
0x1.9ba49b7f17375p+12, 0x1.9e222f4384ba1p+12, 0x1.a4e1546c332fp+12, 
0x1.a7d0cd716d2aap+12, 0x1.ab8b1b54195cdp+12, 0x1.aedc968d759efp+12, 
0x1.b1b581743e964p+12, 0x1.b88bcb6848bebp+12, 0x1.bc527f6f4be83p+12, 
0x1.c38a8ee286727p+12, 0x1.c9c0bae89eba7p+12, 0x1.d1e19dc832336p+12, 
0x1.dbc32aa7ded6cp+12, 0x1.e6bc7d7d3910cp+12, 0x1.ef309b6a1e81dp+12, 
0x1.f7538ba51a006p+12, 0x1.003b97bbf93ffp+13, 0x1.01bf0eb13dfb1p+13, 
0x1.0508681882adcp+13, 0x1.07515ce746cb9p+13, 0x1.075976c0d6f54p+13, 
0x1.fb232eb702603p+12, 0x1.e46383aeab799p+12, 0x1.e0db1987c6328p+12, 
0x1.e10b6ac753e7p+12, 0x1.e232772f76e61p+12, 0x1.e26f1a543f1c7p+12, 
0x1.e8ce6e2c98e54p+12, 0x1.ea1ad6a161e4fp+12, 0x1.eae5dd8622c45p+12, 
0x1.ecb0b82b1f688p+12, 0x1.e9f9362b6ae7dp+12, 0x1.eab03d66277c4p+12, 
0x1.ea057294dd723p+12, 0x1.e6ea44ccee5acp+12, 0x1.dcede1fd1569fp+12, 
0x1.dd405ed17c5efp+12, 0x1.d87fbab649d39p+12, 0x1.d84a7bc2b94d9p+12, 
0x1.dacbaf4cf4a56p+12, 0x1.da5c9db1209eep+12, 0x1.e2a2e3736cdf2p+12, 
0x1.e7dea79bbadc1p+12, 0x1.ebe8df44d4456p+12, 0x1.ee3337564302bp+12, 
0x1.ef750691ea78bp+12, 0x1.f2ed1aaf78fefp+12, 0x1.f5279fc6da448p+12, 
0x1.faa582fb5d031p+12, 0x1.fd201a1986b9cp+12, 0x1.fedefc43b2dd3p+12, 
0x1.038e32a0ec743p+13, 0x1.0608524c83665p+13, 0x1.068ed52b90a78p+13, 
0x1.0dcb9892ee84bp+13, 0x1.103acb4d8ba41p+13, 0x1.125cd4ba51ap+13, 
0x1.179db3cb3e575p+13, 0x1.1886297e132b5p+13, 0x1.1cb6e00fba882p+13, 
0x1.1ff03c6327ed8p+13, 0x1.22e967ba237cep+13, 0x1.268391dabe271p+13, 
0x1.279df34e7685ap+13, 0x1.2a88797a24895p+13, 0x1.2947acc575c07p+13, 
0x1.2942ed002e233p+13, 0x1.09b6f3bd16766p+13, 0x1.272a4cebbba56p+13, 
0x1.242b03400b88dp+13, 0x1.2dca14a1272c9p+13, 0x1.31267cee17a03p+13, 
0x1.38bb5988d2a2p+13, 0x1.3d6c9286b5914p+13, 0x1.3b23220ccff22p+13, 
0x1.3da6371758e22p+13, 0x1.3e3fb911cf356p+13, 0x1.40352084a515dp+13, 
0x1.430b0ed99cbefp+13, 0x1.46eb863c74fb5p+13, 0x1.462f6b93ccd1p+13, 
0x1.46dfb70bd017ep+13, 0x1.4b2ad30058149p+13, 0x1.4a2710ca1cef2p+13, 
0x1.4af43b480a5adp+13, 0x1.4c057e111277p+13, 0x1.48d6f5592d98cp+13
)), class = "data.frame", row.names = c(NA, -121L))
