structure(list(period_id = c("1995Q1", "1995Q2", "1995Q3", "1995Q4", 
"1996Q1", "1996Q2", "1996Q3", "1996Q4", "1997Q1", "1997Q2", "1997Q3", 
"1997Q4", "1998Q1", "1998Q2", "1998Q3", "1998Q4", "1999Q1", "1999Q2", 
"1999Q3", "1999Q4", "2000Q1", "2000Q2", "2000Q3", "2000Q4", "2001Q1", 
"2001Q2", "2001Q3", "2001Q4", "2002Q1", "2002Q2", "2002Q3", "2002Q4", 
"2003Q1", "2003Q2", "2003Q3", "2003Q4", "2004Q1", "2004Q2", "2004Q3", 
"2004Q4", "2005Q1", "2005Q2", "2005Q3", "2005Q4", "2006Q1", "2006Q2", 
"2006Q3", "2006Q4", "2007Q1", "2007Q2", "2007Q3", "2007Q4", "2008Q1", 
"2008Q2", "2008Q3", "2008Q4", "2009Q1", "2009Q2", "2009Q3", "2009Q4", 
"2010Q1", "2010Q2", "2010Q3", "2010Q4", "2011Q1", "2011Q2", "2011Q3", 
"2011Q4", "2012Q1", "2012Q2", "2012Q3", "2012Q4", "2013Q1", "2013Q2", 
"2013Q3", "2013Q4", "2014Q1", "2014Q2", "2014Q3", "2014Q4", "2015Q1", 
"2015Q2", "2015Q3", "2015Q4", "2016Q1", "2016Q2", "2016Q3", "2016Q4", 
"2017Q1", "2017Q2", "2017Q3", "2017Q4", "2018Q1", "2018Q2", "2018Q3", 
"2018Q4", "2019Q1", "2019Q2", "2019Q3", "2019Q4", "2020Q1", "2020Q2", 
"2020Q3", "2020Q4", "2021Q1", "2021Q2", "2021Q3", "2021Q4", "2022Q1", 
"2022Q2", "2022Q3", "2022Q4", "2023Q1", "2023Q2", "2023Q3", "2023Q4", 
"2024Q1", "2024Q2", "2024Q3", "2024Q4", "2025Q1", "2025Q2"), 
    value = c(NA, NA, NA, NA, 0x1.36b37867f0aa2p+6, 0x1.369ab9f559b3dp+6, 
    0x1.3227bfa4c61d8p+6, 0x1.2d81044f1a198p+6, 0x1.1ebf4c2b51bd6p+6, 
    0x1.164c6583e8577p+6, 0x1.106d6a9c560c8p+6, 0x1.0f13b4f616723p+6, 
    0x1.0c685f4a1272dp+6, 0x1.0b5c4eb56fb8fp+6, 0x1.0f4bc23315d7p+6, 
    0x1.18f8e71476af9p+6, 0x1.2419bf162ae4bp+6, 0x1.2e459e6256367p+6, 
    0x1.305c29bf162aep+6, 0x1.2fb4c660a2014p+6, 0x1.327540895d0b7p+6, 
    0x1.2a65a74c09c3dp+6, 0x1.2259656eefa1ep+6, 0x1.18e4ba94bbe44p+6, 
    0x1.fa49c1b54195dp+5, 0x1.eadb28954a7f8p+5, 0x1.f026c7eae5bc8p+5, 
    0x1.0116fe2e6ea85p+6, 0x1.11d5d9e40c847p+6, 0x1.18cb7d84901d2p+6, 
    0x1.240743a647fdcp+6, 0x1.2366ad2dcb146p+6, 0x1.2917fa1a0cf18p+6, 
    0x1.299c016052503p+6, 0x1.2ebefe0ce0b91p+6, 0x1.340b313be22e6p+6, 
    0x1.3df2c98e53eb4p+6, 0x1.4152c0a4a05dep+6, 0x1.47696312f4cf5p+6, 
    0x1.371c27e953155p+6, 0x1.292a54c554328p+6, 0x1.251c2b94d9408p+6, 
    0x1.27eaf251c193bp+6, 0x1.31837f38c5437p+6, 0x1.1eebdbe3c1052p+6, 
    0x1.27f4f8726d04ep+6, 0x1.2a0496aad1d04p+6, 0x1.2850318b9346ap+6, 
    0x1.31c13d31b9b67p+6, 0x1.2a38dd1e53a82p+6, 0x1.292c3e3193f6cp+6, 
    0x1.313d3f5b5fa22p+6, 0x1.3bc86d2ed783ep+6, 0x1.4c69c62a1b5c8p+6, 
    0x1.495c55432873cp+6, 0x1.433d2fa0d77b8p+6, 0x1.44af98b71b8aap+6, 
    0x1.4a122d5171e2ap+6, 0x1.52cda37ef5a96p+6, 0x1.597f69ca9ef52p+6, 
    0x1.5609791819d24p+6, 0x1.636c62e4d1a65p+6, 0x1.653ddfc9ff92fp+6, 
    0x1.7026527a20579p+6, 0x1.6dbeb0fadf2edp+6, 0x1.674d4e8fb00bdp+6, 
    0x1.59ed32830a0b2p+6, 0x1.57ebe27179bfep+6, 0x1.4fcb0bbf50e34p+6, 
    0x1.4557eed45e918p+6, 0x1.4a1ff2e48e8a7p+6, 0x1.410db8fde2ef5p+6, 
    0x1.4699f16b11c6dp+6, 0x1.4ac30b5aa7158p+6, 0x1.4a20c17657753p+6, 
    0x1.50eba01eeed89p+6, 0x1.51167be553ac5p+6, 0x1.5449756c93a71p+6, 
    0x1.57f6088d6d3b7p+6, 0x1.5864d7add15fp+6, 0x1.4dea7e73a365dp+6, 
    0x1.510178f68be2fp+6, 0x1.4e2505d0fa58fp+6, 0x1.4f98d9f9053ap+6, 
    0x1.5488f14db5958p+6, 0x1.5b97db6e503fbp+6, 0x1.5c33ad5bee3d6p+6, 
    0x1.63106e5cd4ed3p+6, 0x1.613dea033e78ep+6, 0x1.652c3bd599243p+6, 
    0x1.67877574f722ep+6, 0x1.6b5424e592967p+6, 0x1.737e9ff0cbaf9p+6, 
    0x1.73cdb5d894813p+6, 0x1.7aff993d5347ap+6, 0x1.7beac647778ddp+6, 
    0x1.81b0edc3bd599p+6, 0x1.846407cc7d1bbp+6, 0x1.7c7f340d4dc66p+6, 
    0x1.83662d40aaebp+6, 0x1.74f93faf42785p+6, 0x1.6f3dfe75bc44cp+6, 
    0x1.82a940bbb1f25p+6, 0x1.7e8ca600b0293p+6, 0x1.87b4d72799a2p+6, 
    0x1.ae8abf3387161p+6, 0x1.b9c1a8ef77f28p+6, 0x1.decbd2fa0d77bp+6, 
    0x1.049afd113836bp+7, 0x1.04a68c47a17f4p+7, 0x1.0a816aad1d042p+7, 
    0x1.083d688377186p+7, 0x1.05841d29dc726p+7, 0x1.068cd3bf2f556p+7, 
    0x1.04b457c0b1359p+7, 0x1.06aaaac1094a3p+7, 0x1.07abccf28c79fp+7, 
    0x1.05eb98201cd6p+7, 0x1.0870edc3bd599p+7, 0x1.0864916ca46e1p+7, 
    0x1.0ae291b823c86p+7, 0x1.0c054ae429e0ap+7)), class = "data.frame", row.names = c(NA, 
-122L))
