structure(list(period_id = c("1999Q1", "1999Q2", "1999Q3", "1999Q4", 
"2000Q1", "2000Q2", "2000Q3", "2000Q4", "2001Q1", "2001Q2", "2001Q3", 
"2001Q4", "2002Q1", "2002Q2", "2002Q3", "2002Q4", "2003Q1", "2003Q2", 
"2003Q3", "2003Q4", "2004Q1", "2004Q2", "2004Q3", "2004Q4", "2005Q1", 
"2005Q2", "2005Q3", "2005Q4", "2006Q1", "2006Q2", "2006Q3", "2006Q4", 
"2007Q1", "2007Q2", "2007Q3", "2007Q4", "2008Q1", "2008Q2", "2008Q3", 
"2008Q4", "2009Q1", "2009Q2", "2009Q3", "2009Q4", "2010Q1", "2010Q2", 
"2010Q3", "2010Q4", "2011Q1", "2011Q2", "2011Q3", "2011Q4", "2012Q1", 
"2012Q2", "2012Q3", "2012Q4", "2013Q1", "2013Q2", "2013Q3", "2013Q4", 
"2014Q1", "2014Q2", "2014Q3", "2014Q4", "2015Q1", "2015Q2", "2015Q3", 
"2015Q4", "2016Q1", "2016Q2", "2016Q3", "2016Q4", "2017Q1", "2017Q2", 
"2017Q3", "2017Q4", "2018Q1", "2018Q2", "2018Q3", "2018Q4", "2019Q1", 
"2019Q2", "2019Q3", "2019Q4", "2020Q1", "2020Q2", "2020Q3", "2020Q4", 
"2021Q1", "2021Q2", "2021Q3", "2021Q4", "2022Q1", "2022Q2", "2022Q3", 
"2022Q4", "2023Q1", "2023Q2", "2023Q3", "2023Q4", "2024Q1", "2024Q2", 
"2024Q3", "2024Q4"), value = c(-0x1.7534a1272c94bp+6, -0x1.06c2bba98eda2p+7, 
-0x1.01be43aa79bbbp+7, -0x1.50c7dd4413554p+7, -0x1.a5d27b0b39192p+7, 
-0x1.039df676ea423p+7, -0x1.3fe79d6f112fdp+7, -0x1.9bfc6e4c0df59p+7, 
-0x1.81ccc319c5a3ep+8, -0x1.677c477ff151ep+7, -0x1.91837c7820a31p+7, 
-0x1.815f0110a137fp+7, -0x1.80df8c0053e2dp+7, -0x1.53f0f08461f9fp+7, 
-0x1.646978d4fdf3bp+6, -0x1.f117dae81882bp+6, -0x1.1470ae536501ep+8, 
-0x1.e570e5e679464p+6, -0x1.ba6438d1d8a55p+6, -0x1.4f3bf83382e45p+7, 
-0x1.ef26be1650a46p+7, -0x1.21e1e321a2e7fp+7, -0x1.90766cf41f213p+6, 
-0x1.95f075b3e1438p+5, -0x1.9ed7162ae4b02p+7, -0x1.5c0221426fe72p+7, 
-0x1.3f7a05143bf72p+3, -0x1.ca7292c493426p+2, -0x1.e2d29a8049668p+7, 
-0x1.a64c9539b8887p+6, -0x1.5ca1e321a2e7fp+6, 0x1.42666d373affbp+5, 
-0x1.20bf5b1c86488p+7, -0x1.1f8a1cac08312p+6, 0x1.84ebdbe3c1052p+6, 
0x1.705602c9081c3p+6, -0x1.cbbc18f81e8a3p+7, -0x1.a2a2cbea4ebddp+6, 
-0x1.59a1e3eaf6838p+3, -0x1.8cc329802c0a5p+7, -0x1.4ce4afb3b7521p+9, 
-0x1.eb2466f5019f4p+8, -0x1.b3ca4f00ef135p+8, -0x1.ff38176577532p+8, 
-0x1.388ff1f14983dp+9, -0x1.3c1f5d894812cp+9, -0x1.a79e35f809918p+8, 
-0x1.41e4ac29bf163p+8, -0x1.9d65545c78a6ep+9, -0x1.59385a469d734p+9, 
-0x1.f0d5f10667f91p+8, -0x1.bd227839cd812p+8, -0x1.bfcfb40b34e77p+8, 
-0x1.599fe004b7f5ap+8, -0x1.95c36805a2d73p+8, -0x1.34bbda0dfdef8p+8, 
-0x1.e7a1aaef2c732p+9, -0x1.f11896feb4a66p+8, -0x1.fbff6a0dbad3ap+7, 
-0x1.22005e529bae4p+11, -0x1.0b910fbeb9e49p+9, -0x1.991c65b63d3e5p+8, 
-0x1.060cbb6ed6777p+8, -0x1.e0a5cbff47736p+8, -0x1.b70bef284167bp+8, 
-0x1.256d083dbc233p+8, -0x1.abf632e3821afp+7, -0x1.23bb92e1ef73cp+7, 
-0x1.6ad945b6c3761p+8, -0x1.bf036c9c0a8d2p+5, -0x1.9acb42aa9f7b6p+7, 
-0x1.5f7ec6583e857p+7, -0x1.937222706d506p+7, 0x1.31b386b15f89p+7, 
-0x1.d6b7a1c25d074p+1, 0x1.2db7d0aed99ccp+6, -0x1.9d9269595fedap+4, 
0x1.887d3671ac14cp+7, 0x1.4318b2e9ccb7dp+5, 0x1.892f6188b1141p+7, 
-0x1.e20f826edaa93p+5, 0x1.2886ec7c957cdp+7, 0x1.05defa615a8dfp+7, 
0x1.b40b1c864884p+6, -0x1.4a6ea5c5f7c67p+9, -0x1.7b9943419e3p+10, 
-0x1.37a82fe82517ep+8, -0x1.124698c7e2824p+10, -0x1.af56edf612407p+9, 
-0x1.773687ca643ccp+9, -0x1.503508919ef95p+8, -0x1.c196ed245b292p+8, 
-0x1.91082d59d55e7p+8, -0x1.f3e08a47ecfeap+8, -0x1.7e0a2b3892ee8p+7, 
-0x1.37818a8f3a9bp+9, -0x1.02daa53fc0097p+9, -0x1.ade13825e13b2p+8, 
-0x1.b5997acc4ef89p+7, -0x1.ea173b213e3e3p+8, -0x1.798fc158fb43ep+6, 
-0x1.ac9eab4741073p+8, -0x1.db744523f67f5p+6, 0x1.8a9de050375p+3
)), class = "data.frame", row.names = c(NA, -104L))
