structure(list(period_id = c("1995Q1", "1995Q2", "1995Q3", "1995Q4", 
"1996Q1", "1996Q2", "1996Q3", "1996Q4", "1997Q1", "1997Q2", "1997Q3", 
"1997Q4", "1998Q1", "1998Q2", "1998Q3", "1998Q4", "1999Q1", "1999Q2", 
"1999Q3", "1999Q4", "2000Q1", "2000Q2", "2000Q3", "2000Q4", "2001Q1", 
"2001Q2", "2001Q3", "2001Q4", "2002Q1", "2002Q2", "2002Q3", "2002Q4", 
"2003Q1", "2003Q2", "2003Q3", "2003Q4", "2004Q1", "2004Q2", "2004Q3", 
"2004Q4", "2005Q1", "2005Q2", "2005Q3", "2005Q4", "2006Q1", "2006Q2", 
"2006Q3", "2006Q4", "2007Q1", "2007Q2", "2007Q3", "2007Q4", "2008Q1", 
"2008Q2", "2008Q3", "2008Q4", "2009Q1", "2009Q2", "2009Q3", "2009Q4", 
"2010Q1", "2010Q2", "2010Q3", "2010Q4", "2011Q1", "2011Q2", "2011Q3", 
"2011Q4", "2012Q1", "2012Q2", "2012Q3", "2012Q4", "2013Q1", "2013Q2", 
"2013Q3", "2013Q4", "2014Q1", "2014Q2", "2014Q3", "2014Q4", "2015Q1", 
"2015Q2", "2015Q3", "2015Q4", "2016Q1", "2016Q2", "2016Q3", "2016Q4", 
"2017Q1", "2017Q2", "2017Q3", "2017Q4", "2018Q1", "2018Q2", "2018Q3", 
"2018Q4", "2019Q1", "2019Q2", "2019Q3", "2019Q4", "2020Q1", "2020Q2", 
"2020Q3", "2020Q4", "2021Q1", "2021Q2", "2021Q3", "2021Q4", "2022Q1", 
"2022Q2", "2022Q3", "2022Q4", "2023Q1", "2023Q2", "2023Q3", "2023Q4", 
"2024Q1", "2024Q2", "2024Q3", "2024Q4", "2025Q1"), value = c(NA, 
NA, NA, NA, 0x1.c0ef4169c23b8p+11, 0x1.bac8f7db6e504p+11, 0x1.c32965710880ep+11, 
0x1.c3006b4202d9dp+11, 0x1.ca43f623076cp+11, 0x1.d3e71b4139863p+11, 
0x1.cf46e9a4df48p+11, 0x1.d1c506ca89fc7p+11, 0x1.cd8a19f3c70cap+11, 
0x1.cf54f9e59f2bbp+11, 0x1.db2ef20642396p+11, 0x1.df90674afd545p+11, 
0x1.e8d573860999ep+11, 0x1.fa7997b0f6ad7p+11, 0x1.e8d03dad7518bp+11, 
0x1.eda99d12caddep+11, 0x1.f0bb0ca1cef24p+11, 0x1.ea4d2a80064aap+11, 
0x1.f6b409dcf894p+11, 0x1.f7ba4e9a2c669p+11, 0x1.f905c02d16b98p+11, 
0x1.016134eb9a177p+12, 0x1.ff41bcd573648p+11, 0x1.01a09e5082cf5p+12, 
0x1.02bd3c48f10aap+12, 0x1.027f4f627392ap+12, 0x1.03a809cf56eadp+12, 
0x1.060b09c4da9p+12, 0x1.0776fd30ad46fp+12, 0x1.0ba29e75360dp+12, 
0x1.0de3916228134p+12, 0x1.0f5326362a5e8p+12, 0x1.103f9d1b2e59bp+12, 
0x1.11f34bf4cb189p+12, 0x1.151f6fcdee35p+12, 0x1.18418bea4ebddp+12, 
0x1.1c0158dcdb37dp+12, 0x1.1e7d82b734b51p+12, 0x1.1f419e321a2e8p+12, 
0x1.202e8a9bcfd4cp+12, 0x1.1fd0e9899bf59p+12, 0x1.213aec80c73acp+12, 
0x1.238f04dca8e2ep+12, 0x1.297d2ce789e77p+12, 0x1.2f8128ee6b83p+12, 
0x1.361cbaa044ae8p+12, 0x1.3c974af709b74p+12, 0x1.3ad243fe5c91dp+12, 
0x1.3f10ecb966be8p+12, 0x1.3f653571d1d47p+12, 0x1.3d453646ae3a4p+12, 
0x1.3f3e5eafee6fbp+12, 0x1.3dd521027957p+12, 0x1.3fbb7b3636f3bp+12, 
0x1.41466c57e23f2p+12, 0x1.43a5ef20ea5b5p+12, 0x1.458362e903644p+12, 
0x1.4601e3a190082p+12, 0x1.459c0f190d174p+12, 0x1.4728aac215b9ap+12, 
0x1.474c369446738p+12, 0x1.46d3a7c286f8bp+12, 0x1.4b5d2b2bfdb4dp+12, 
0x1.47cec50bd87b5p+12, 0x1.476531172ef0bp+12, 0x1.43483558a761p+12, 
0x1.3ff50adff822cp+12, 0x1.3ce5653a81dc1p+12, 0x1.37ed158c8eef2p+12, 
0x1.37d03e61cffebp+12, 0x1.36a2eedaa92e6p+12, 0x1.38572770bd018p+12, 
0x1.3a09675ee99a6p+12, 0x1.3922eb37867f1p+12, 0x1.39b7ec1f42bb6p+12, 
0x1.3bb8c789613d3p+12, 0x1.3dcd396af038ep+12, 0x1.3f41253c9abbp+12, 
0x1.413ce2f37fbfp+12, 0x1.408249d5a187ap+12, 0x1.449d6f826edabp+12, 
0x1.48f5868661ae7p+12, 0x1.4d6da58f7121bp+12, 0x1.52006fa3fcc9fp+12, 
0x1.537e2b54e2b06p+12, 0x1.56151f6fd21ffp+12, 0x1.58723b15b573fp+12, 
0x1.5bc4843914f48p+12, 0x1.5e622e5cd4ed3p+12, 0x1.612f7da0dfdfp+12, 
0x1.640f4d855970bp+12, 0x1.6a35d6fb8f57fp+12, 0x1.7104a7e953155p+12, 
0x1.7382ea10e0221p+12, 0x1.769c76e2eb1c4p+12, 0x1.76e8f673c4f3cp+12, 
0x1.5ea90db2702a3p+12, 0x1.30c8cb9346994p+12, 0x1.5ffe2553ac4f8p+12, 
0x1.39772acd9e83ep+12, 0x1.5adc800431bdfp+12, 0x1.5c8e6ff9f87fp+12, 
0x1.814170f7b9e06p+12, 0x1.854742a5614ep+12, 0x1.88b9a0f5e41d5p+12, 
0x1.8cf9e3a6ce358p+12, 0x1.8e8e38de6ddfp+12, 0x1.8ec71f8099179p+12, 
0x1.8e29a29c779a7p+12, 0x1.8b59b2fba01efp+12, 0x1.8b0e0b018612p+12, 
0x1.8cf2afe718a87p+12, 0x1.8bf5ac7c957cdp+12, 0x1.8dca6d5f138bdp+12, 
0x1.8f43ef166e009p+12, 0x1.8fb3a36b09635p+12, 0x1.9209e5119ce07p+12
)), class = "data.frame", row.names = c(NA, -121L))
