structure(list(period_id = c("1995", "1996", "1997", "1998", 
"1999", "2000", "2001", "2002", "2003", "2004", "2005", "2006", 
"2007", "2008", "2009", "2010", "2011", "2012", "2013", "2014", 
"2015", "2016", "2017", "2018", "2019", "2020", "2021", "2022", 
"2023"), value = c(0x1.b824f0cfe1544p+12, 0x1.f60332fcac8e7p+12, 
0x1.203d91fe64f55p+13, 0x1.391596cd6c2fp+13, 0x1.5712ef8594291p+13, 
0x1.7e3240e629952p+13, 0x1.aad6dae2541d9p+13, 0x1.d60b805921038p+13, 
0x1.f26f1f6cacd18p+13, 0x1.08d9b37b07076p+14, 0x1.1c42bec41dd1ap+14, 
0x1.2baae8461f9fp+14, 0x1.45bbc9652bd3cp+14, 0x1.5faee4c2f837bp+14, 
0x1.5c1a5c6c54bcfp+14, 0x1.6155deebb341ep+14, 0x1.68fe15cb790fbp+14, 
0x1.615f76e08f217p+14, 0x1.60df9b70ac3a8p+14, 0x1.649e0bd987c63p+14, 
0x1.6afefae147ae1p+14, 0x1.7a55eff4fd6d8p+14, 0x1.8cd3e9ef954ebp+14, 
0x1.a55674dec1c1dp+14, 0x1.c108335a426bbp+14, 0x1.d58951eabbcb2p+14, 
0x1.f87c8bd8be729p+14, 0x1.16427c9363f57p+15, 0x1.2de7d4204f2aep+15
)), class = "data.frame", row.names = c(NA, -29L))
