structure(list(period_id = c("1995Q1", "1995Q2", "1995Q3", "1995Q4", 
"1996Q1", "1996Q2", "1996Q3", "1996Q4", "1997Q1", "1997Q2", "1997Q3", 
"1997Q4", "1998Q1", "1998Q2", "1998Q3", "1998Q4", "1999Q1", "1999Q2", 
"1999Q3", "1999Q4", "2000Q1", "2000Q2", "2000Q3", "2000Q4", "2001Q1", 
"2001Q2", "2001Q3", "2001Q4", "2002Q1", "2002Q2", "2002Q3", "2002Q4", 
"2003Q1", "2003Q2", "2003Q3", "2003Q4", "2004Q1", "2004Q2", "2004Q3", 
"2004Q4", "2005Q1", "2005Q2", "2005Q3", "2005Q4", "2006Q1", "2006Q2", 
"2006Q3", "2006Q4", "2007Q1", "2007Q2", "2007Q3", "2007Q4", "2008Q1", 
"2008Q2", "2008Q3", "2008Q4", "2009Q1", "2009Q2", "2009Q3", "2009Q4", 
"2010Q1", "2010Q2", "2010Q3", "2010Q4", "2011Q1", "2011Q2", "2011Q3", 
"2011Q4", "2012Q1", "2012Q2", "2012Q3", "2012Q4", "2013Q1", "2013Q2", 
"2013Q3", "2013Q4", "2014Q1", "2014Q2", "2014Q3", "2014Q4", "2015Q1", 
"2015Q2", "2015Q3", "2015Q4", "2016Q1", "2016Q2", "2016Q3", "2016Q4", 
"2017Q1", "2017Q2", "2017Q3", "2017Q4", "2018Q1", "2018Q2", "2018Q3", 
"2018Q4", "2019Q1", "2019Q2", "2019Q3", "2019Q4", "2020Q1", "2020Q2", 
"2020Q3", "2020Q4", "2021Q1", "2021Q2", "2021Q3", "2021Q4", "2022Q1", 
"2022Q2", "2022Q3", "2022Q4", "2023Q1", "2023Q2", "2023Q3", "2023Q4", 
"2024Q1", "2024Q2", "2024Q3", "2024Q4"), value = c(NA, NA, NA, 
NA, 0x1.35f7e7f8012ep+12, 0x1.38b346cfc829dp+12, 0x1.3c9332cc70868p+12, 
0x1.418f265061416p+12, 0x1.4462930164841p+12, 0x1.49e213ad5bee4p+12, 
0x1.4ceaaa3161a1ep+12, 0x1.4e1b6cb966be8p+12, 0x1.503a8fc0d2c38p+12, 
0x1.51adcb8e086bep+12, 0x1.53ca2b4528284p+12, 0x1.56a16e32e3822p+12, 
0x1.5a2a55f138bcep+12, 0x1.66281512ec6bdp+12, 0x1.61fc049fd7a14p+12, 
0x1.66f5f01a79fedp+12, 0x1.6bb4dd6063172p+12, 0x1.6fc08f51ac9bp+12, 
0x1.73b1b039ef0f1p+12, 0x1.77023dac68a93p+12, 0x1.7a68f5c182ecbp+12, 
0x1.7d4e129dc725cp+12, 0x1.7fe00e51d25abp+12, 0x1.816e2ef6f8f04p+12, 
0x1.86fbbdb09a672p+12, 0x1.88541a1cac083p+12, 0x1.8c8789fa54c55p+12, 
0x1.92c30549b62c7p+12, 0x1.9294f98c7e282p+12, 0x1.9773a02a77a2dp+12, 
0x1.9ba49b7f17375p+12, 0x1.9e222f4384ba1p+12, 0x1.a4e1546c332fp+12, 
0x1.a7d0cd716d2aap+12, 0x1.ab8b1b54195cdp+12, 0x1.aedc968d759efp+12, 
0x1.b1b581743e964p+12, 0x1.b88bcb6848bebp+12, 0x1.bc527f6f4be83p+12, 
0x1.c38a8ee286727p+12, 0x1.c9c0bae89eba7p+12, 0x1.d1e19dc832336p+12, 
0x1.dbc32aa7ded6cp+12, 0x1.e6bc7d7d3910cp+12, 0x1.ef309b6a1e81dp+12, 
0x1.f7538ba51a006p+12, 0x1.003b97bbf93ffp+13, 0x1.01bf0eb13dfb1p+13, 
0x1.0508681882adcp+13, 0x1.07515ce746cb9p+13, 0x1.075976c0d6f54p+13, 
0x1.fb232eb702603p+12, 0x1.e46383aeab799p+12, 0x1.e0db1987c6328p+12, 
0x1.e10b6ac753e7p+12, 0x1.e232772f76e61p+12, 0x1.e26d2fb09203ap+12, 
0x1.e8c631c53f39dp+12, 0x1.ea1437457c0b1p+12, 0x1.eae21c6b0531ap+12, 
0x1.eca7a4f6598e1p+12, 0x1.e9f194c660a2p+12, 0x1.eaa4b77186552p+12, 
0x1.e9fa2d2cbea4fp+12, 0x1.e6dc35350092dp+12, 0x1.dce930520d131p+12, 
0x1.dd37c5faebc41p+12, 0x1.d875bcb923a2ap+12, 0x1.d83d2113404eap+12, 
0x1.dac37fdd65a14p+12, 0x1.da5623f9a49c3p+12, 0x1.e29a0319c5a3ep+12, 
0x1.e7d177824d4ccp+12, 0x1.ebdcae770bd01p+12, 0x1.ee29f93037d63p+12, 
0x1.ef6e02aa9f7b6p+12, 0x1.f2e32bf338716p+12, 0x1.f51b42c3c9eedp+12, 
0x1.fa986e41919acp+12, 0x1.fd1ae49f51698p+12, 0x1.fed49cf7878b8p+12, 
0x1.0387294898f6p+13, 0x1.060259e8c47a1p+13, 0x1.068cc317acc4fp+13, 
0x1.0dc50f1b25f63p+13, 0x1.10337d97f62b7p+13, 0x1.125769bc77143p+13, 
0x1.1799cf78feef6p+13, 0x1.187f47a7c9dep+13, 0x1.1cb12b44a1f08p+13, 
0x1.1fea382129457p+13, 0x1.22e56d82ba5ap+13, 0x1.267adb517a461p+13, 
0x1.2798d993d5348p+13, 0x1.2a8183ac929aap+13, 0x1.29462c508b32dp+13, 
0x1.29360b2af1455p+13, 0x1.09b2378897e99p+13, 0x1.27258e3369b9dp+13, 
0x1.242ef2146a1a5p+13, 0x1.2db7313c68662p+13, 0x1.311eb14b9cb68p+13, 
0x1.38b9f66f9335dp+13, 0x1.3d7c442528ae7p+13, 0x1.3afa080b673c5p+13, 
0x1.3d96b5171e29bp+13, 0x1.3e4e5a4c61d86p+13, 0x1.406fe9563a9f4p+13, 
0x1.42a2edc33721dp+13, 0x1.46c795e7c8d19p+13, 0x1.4661246f15619p+13, 
0x1.478a67ba237cep+13, 0x1.4a1c7d0f1f57bp+13, 0x1.49d7acc70867bp+13, 
0x1.4b80a301a79ffp+13, 0x1.4d78ddbb16c1ep+13)), class = "data.frame", row.names = c(NA, 
-120L))
