structure(list(period_id = c("1995Q1", "1995Q2", "1995Q3", "1995Q4", 
"1996Q1", "1996Q2", "1996Q3", "1996Q4", "1997Q1", "1997Q2", "1997Q3", 
"1997Q4", "1998Q1", "1998Q2", "1998Q3", "1998Q4", "1999Q1", "1999Q2", 
"1999Q3", "1999Q4", "2000Q1", "2000Q2", "2000Q3", "2000Q4", "2001Q1", 
"2001Q2", "2001Q3", "2001Q4", "2002Q1", "2002Q2", "2002Q3", "2002Q4", 
"2003Q1", "2003Q2", "2003Q3", "2003Q4", "2004Q1", "2004Q2", "2004Q3", 
"2004Q4", "2005Q1", "2005Q2", "2005Q3", "2005Q4", "2006Q1", "2006Q2", 
"2006Q3", "2006Q4", "2007Q1", "2007Q2", "2007Q3", "2007Q4", "2008Q1", 
"2008Q2", "2008Q3", "2008Q4", "2009Q1", "2009Q2", "2009Q3", "2009Q4", 
"2010Q1", "2010Q2", "2010Q3", "2010Q4", "2011Q1", "2011Q2", "2011Q3", 
"2011Q4", "2012Q1", "2012Q2", "2012Q3", "2012Q4", "2013Q1", "2013Q2", 
"2013Q3", "2013Q4", "2014Q1", "2014Q2", "2014Q3", "2014Q4", "2015Q1", 
"2015Q2", "2015Q3", "2015Q4", "2016Q1", "2016Q2", "2016Q3", "2016Q4", 
"2017Q1", "2017Q2", "2017Q3", "2017Q4", "2018Q1", "2018Q2", "2018Q3", 
"2018Q4", "2019Q1", "2019Q2", "2019Q3", "2019Q4", "2020Q1", "2020Q2", 
"2020Q3", "2020Q4", "2021Q1", "2021Q2", "2021Q3", "2021Q4", "2022Q1", 
"2022Q2", "2022Q3", "2022Q4", "2023Q1", "2023Q2", "2023Q3", "2023Q4", 
"2024Q1", "2024Q2", "2024Q3", "2024Q4"), value = c(NA, NA, NA, 
NA, 0x1.c0ef4169c23b8p+11, 0x1.bac8f7db6e504p+11, 0x1.c32965710880ep+11, 
0x1.c3006b4202d9dp+11, 0x1.ca43f623076cp+11, 0x1.d3e71b4139863p+11, 
0x1.cf46e9a4df48p+11, 0x1.d1c506ca89fc7p+11, 0x1.cd8a19f3c70cap+11, 
0x1.cf54f9e59f2bbp+11, 0x1.db2ef20642396p+11, 0x1.df90674afd545p+11, 
0x1.e8d573860999ep+11, 0x1.fa7997b0f6ad7p+11, 0x1.e8d03dad7518bp+11, 
0x1.eda99d12caddep+11, 0x1.f0bb0ca1cef24p+11, 0x1.ea4d2a80064aap+11, 
0x1.f6b409dcf894p+11, 0x1.f7ba4e9a2c669p+11, 0x1.f905c02d16b98p+11, 
0x1.016134eb9a177p+12, 0x1.ff41bcd573648p+11, 0x1.01a09e5082cf5p+12, 
0x1.02bd3c48f10aap+12, 0x1.027f4f627392ap+12, 0x1.03a809cf56eadp+12, 
0x1.060b09c4da9p+12, 0x1.0776fd30ad46fp+12, 0x1.0ba29e75360dp+12, 
0x1.0de3916228134p+12, 0x1.0f5326362a5e8p+12, 0x1.103f9d1b2e59bp+12, 
0x1.11f34bf4cb189p+12, 0x1.151f6fcdee35p+12, 0x1.18418bea4ebddp+12, 
0x1.1c0158dcdb37dp+12, 0x1.1e7d82b734b51p+12, 0x1.1f419e321a2e8p+12, 
0x1.202e8a9bcfd4cp+12, 0x1.1fd0e9899bf59p+12, 0x1.213aec80c73acp+12, 
0x1.238f04dca8e2ep+12, 0x1.297d2ce789e77p+12, 0x1.2f8128ee6b83p+12, 
0x1.361cbaa044ae8p+12, 0x1.3c974af709b74p+12, 0x1.3ad243fe5c91dp+12, 
0x1.3f10ecb966be8p+12, 0x1.3f653571d1d47p+12, 0x1.3d453646ae3a4p+12, 
0x1.3f3e5eafee6fbp+12, 0x1.3dd521027957p+12, 0x1.3fbb7b3636f3bp+12, 
0x1.41466c57e23f2p+12, 0x1.43a5ef20ea5b5p+12, 0x1.458783fe5c91dp+12, 
0x1.4603f21f6cacdp+12, 0x1.459cd83d79075p+12, 0x1.472378950763ap+12, 
0x1.4767626a22b39p+12, 0x1.46c9abb98c7e3p+12, 0x1.4b58bb05faebcp+12, 
0x1.47daa7d45a5fcp+12, 0x1.47262ca03c4b1p+12, 0x1.4358ddedf1e08p+12, 
0x1.3fffcd21bc127p+12, 0x1.3cecf483cafb4p+12, 0x1.381ebbe553ac5p+12, 
0x1.37dc7e39f7729p+12, 0x1.36b41085f4a12p+12, 0x1.386cc4d013a93p+12, 
0x1.3a17dfe75bc45p+12, 0x1.39332c55c9603p+12, 0x1.39c8f0270f388p+12, 
0x1.3bc351be6e654p+12, 0x1.3dea4fa15db34p+12, 0x1.3f43cef88b978p+12, 
0x1.4131e1f18c9fbp+12, 0x1.4070e682b6284p+12, 0x1.4465aea52ef91p+12, 
0x1.48e74870110a1p+12, 0x1.4d6a7a22706d5p+12, 0x1.5207e2f48c2e7p+12, 
0x1.539e84567125ep+12, 0x1.562854727dcbep+12, 0x1.588c309fa54c5p+12, 
0x1.5be4bd6e8af81p+12, 0x1.5e7d1ac9afe1ep+12, 0x1.6151f03f2d3c8p+12, 
0x1.642ed96206855p+12, 0x1.6a4eb24638c97p+12, 0x1.7127f685985adp+12, 
0x1.7396f8140dd4p+12, 0x1.76a759d7774acp+12, 0x1.770b1de481f54p+12, 
0x1.5e325917939a8p+12, 0x1.30e2f24e9c454p+12, 0x1.5fe775ea67e84p+12, 
0x1.39672c43f5f91p+12, 0x1.5af3a265f0f5ap+12, 0x1.5ca4d2f7f498cp+12, 
0x1.81365843c3a43p+12, 0x1.853aa53005815p+12, 0x1.88c0ad1bf7ad5p+12, 
0x1.8d07ca85caafcp+12, 0x1.8e986f0e0a84cp+12, 0x1.8ed94a29845ddp+12, 
0x1.8e55886df82b2p+12, 0x1.8b64b6683c298p+12, 0x1.8b1c874320104p+12, 
0x1.8cbf77c88e79bp+12, 0x1.8c85fe8ee6b83p+12, 0x1.8dc3ac343b70fp+12, 
0x1.8e84a923e5b85p+12, 0x1.8e4fde5e24788p+12)), class = "data.frame", row.names = c(NA, 
-120L))
