structure(list(period_id = c("1995Q1", "1995Q2", "1995Q3", "1995Q4", 
"1996Q1", "1996Q2", "1996Q3", "1996Q4", "1997Q1", "1997Q2", "1997Q3", 
"1997Q4", "1998Q1", "1998Q2", "1998Q3", "1998Q4", "1999Q1", "1999Q2", 
"1999Q3", "1999Q4", "2000Q1", "2000Q2", "2000Q3", "2000Q4", "2001Q1", 
"2001Q2", "2001Q3", "2001Q4", "2002Q1", "2002Q2", "2002Q3", "2002Q4", 
"2003Q1", "2003Q2", "2003Q3", "2003Q4", "2004Q1", "2004Q2", "2004Q3", 
"2004Q4", "2005Q1", "2005Q2", "2005Q3", "2005Q4", "2006Q1", "2006Q2", 
"2006Q3", "2006Q4", "2007Q1", "2007Q2", "2007Q3", "2007Q4", "2008Q1", 
"2008Q2", "2008Q3", "2008Q4", "2009Q1", "2009Q2", "2009Q3", "2009Q4", 
"2010Q1", "2010Q2", "2010Q3", "2010Q4", "2011Q1", "2011Q2", "2011Q3", 
"2011Q4", "2012Q1", "2012Q2", "2012Q3", "2012Q4", "2013Q1", "2013Q2", 
"2013Q3", "2013Q4", "2014Q1", "2014Q2", "2014Q3", "2014Q4", "2015Q1", 
"2015Q2", "2015Q3", "2015Q4", "2016Q1", "2016Q2", "2016Q3", "2016Q4", 
"2017Q1", "2017Q2", "2017Q3", "2017Q4", "2018Q1", "2018Q2", "2018Q3", 
"2018Q4", "2019Q1", "2019Q2", "2019Q3", "2019Q4", "2020Q1", "2020Q2", 
"2020Q3", "2020Q4", "2021Q1", "2021Q2", "2021Q3", "2021Q4", "2022Q1", 
"2022Q2", "2022Q3", "2022Q4", "2023Q1", "2023Q2", "2023Q3", "2023Q4", 
"2024Q1", "2024Q2", "2024Q3", "2024Q4", "2025Q1", "2025Q2"), 
    value = c(NA, NA, NA, NA, 0x1.c0ef4169c23b8p+11, 0x1.bac8f7db6e504p+11, 
    0x1.c32965710880ep+11, 0x1.c3006b4202d9dp+11, 0x1.ca43f623076cp+11, 
    0x1.d3e71b4139863p+11, 0x1.cf46e9a4df48p+11, 0x1.d1c506ca89fc7p+11, 
    0x1.cd8a19f3c70cap+11, 0x1.cf54f9e59f2bbp+11, 0x1.db2ef20642396p+11, 
    0x1.df90674afd545p+11, 0x1.e8d573860999ep+11, 0x1.fa7997b0f6ad7p+11, 
    0x1.e8d03dad7518bp+11, 0x1.eda99d12caddep+11, 0x1.f0bb0ca1cef24p+11, 
    0x1.ea4d2a80064aap+11, 0x1.f6b409dcf894p+11, 0x1.f7ba4e9a2c669p+11, 
    0x1.f905c02d16b98p+11, 0x1.016134eb9a177p+12, 0x1.ff41bcd573648p+11, 
    0x1.01a09e5082cf5p+12, 0x1.02bd3c48f10aap+12, 0x1.027f4f627392ap+12, 
    0x1.03a809cf56eadp+12, 0x1.060b09c4da9p+12, 0x1.0776fd30ad46fp+12, 
    0x1.0ba29e75360dp+12, 0x1.0de3916228134p+12, 0x1.0f5326362a5e8p+12, 
    0x1.103f9d1b2e59bp+12, 0x1.11f34bf4cb189p+12, 0x1.151f6fcdee35p+12, 
    0x1.18418bea4ebddp+12, 0x1.1c0158dcdb37dp+12, 0x1.1e7d82b734b51p+12, 
    0x1.1f419e321a2e8p+12, 0x1.202e8a9bcfd4cp+12, 0x1.1fd0e9899bf59p+12, 
    0x1.213aec80c73acp+12, 0x1.238f04dca8e2ep+12, 0x1.297d2ce789e77p+12, 
    0x1.2f8128ee6b83p+12, 0x1.361cbaa044ae8p+12, 0x1.3c974af709b74p+12, 
    0x1.3ad243fe5c91dp+12, 0x1.3f10ecb966be8p+12, 0x1.3f653571d1d47p+12, 
    0x1.3d453646ae3a4p+12, 0x1.3f3e5eafee6fbp+12, 0x1.3dd521027957p+12, 
    0x1.3fbb7b3636f3bp+12, 0x1.41466c57e23f2p+12, 0x1.43a5ef20ea5b5p+12, 
    0x1.4585ebbcb1cc9p+12, 0x1.4603b47b677f7p+12, 0x1.459d6732df506p+12, 
    0x1.47253441bb8c3p+12, 0x1.476927179bfdfp+12, 0x1.46c7aefa1e3ebp+12, 
    0x1.4b527f25e56cdp+12, 0x1.47ce9fefbf402p+12, 0x1.47178f98fa377p+12, 
    0x1.434a62dc6e2a8p+12, 0x1.3ff20913a4f87p+12, 0x1.3ce227caea748p+12, 
    0x1.381467c286f8bp+12, 0x1.37d43bd8be729p+12, 0x1.36acf111f0c35p+12, 
    0x1.38637e5fb71fcp+12, 0x1.3a12406d0d499p+12, 0x1.392c9f1172ef1p+12, 
    0x1.39c1f9fdbd2fap+12, 0x1.3bbc134acaff7p+12, 0x1.3deac79b34a45p+12, 
    0x1.3f3b84b3c3e75p+12, 0x1.412eebb55ac04p+12, 0x1.40734ed916873p+12, 
    0x1.445379b34a44cp+12, 0x1.48e8107faa045p+12, 0x1.4d636a6d26741p+12, 
    0x1.51fce75bc44bfp+12, 0x1.539e77c3504c5p+12, 0x1.561ca3486f04ap+12, 
    0x1.5880f82a12f9p+12, 0x1.5bd65f97aaac1p+12, 0x1.5e716237cdccap+12, 
    0x1.614265c4eb57p+12, 0x1.6420cbd987c63p+12, 0x1.6a4452253111fp+12, 
    0x1.7119c75d56f33p+12, 0x1.738c814b599aap+12, 0x1.769d373affb05p+12, 
    0x1.7700e4cc6823p+12, 0x1.5e244650e7792p+12, 0x1.30da6d3415b14p+12, 
    0x1.5fe217cb2d906p+12, 0x1.396d14738a3b5p+12, 0x1.5af23225b749bp+12, 
    0x1.5ca5f1ad2135ep+12, 0x1.8133c8605681fp+12, 0x1.853f6f8f04146p+12, 
    0x1.88bfbc21187e8p+12, 0x1.8d078c9b84556p+12, 0x1.8e940b7b28955p+12, 
    0x1.8ecdf92f2b66bp+12, 0x1.8e5278da3c212p+12, 0x1.8b568787485e4p+12, 
    0x1.8b0ad154866a1p+12, 0x1.8ce81c1a47a9ep+12, 0x1.8c1a563886595p+12, 
    0x1.8cc3fa8a3f898p+12, 0x1.8f1a4ca70d1fap+12, 0x1.906974b0e1b4cp+12, 
    0x1.9386193a2df93p+12, 0x1.96f043d89ce4ap+12)), class = "data.frame", row.names = c(NA, 
-122L))
