structure(list(period_id = c("1999Q1", "1999Q2", "1999Q3", "1999Q4", 
"2000Q1", "2000Q2", "2000Q3", "2000Q4", "2001Q1", "2001Q2", "2001Q3", 
"2001Q4", "2002Q1", "2002Q2", "2002Q3", "2002Q4", "2003Q1", "2003Q2", 
"2003Q3", "2003Q4", "2004Q1", "2004Q2", "2004Q3", "2004Q4", "2005Q1", 
"2005Q2", "2005Q3", "2005Q4", "2006Q1", "2006Q2", "2006Q3", "2006Q4", 
"2007Q1", "2007Q2", "2007Q3", "2007Q4", "2008Q1", "2008Q2", "2008Q3", 
"2008Q4", "2009Q1", "2009Q2", "2009Q3", "2009Q4", "2010Q1", "2010Q2", 
"2010Q3", "2010Q4", "2011Q1", "2011Q2", "2011Q3", "2011Q4", "2012Q1", 
"2012Q2", "2012Q3", "2012Q4", "2013Q1", "2013Q2", "2013Q3", "2013Q4", 
"2014Q1", "2014Q2", "2014Q3", "2014Q4", "2015Q1", "2015Q2", "2015Q3", 
"2015Q4", "2016Q1", "2016Q2", "2016Q3", "2016Q4", "2017Q1", "2017Q2", 
"2017Q3", "2017Q4", "2018Q1", "2018Q2", "2018Q3", "2018Q4", "2019Q1", 
"2019Q2", "2019Q3", "2019Q4", "2020Q1", "2020Q2", "2020Q3", "2020Q4", 
"2021Q1", "2021Q2", "2021Q3", "2021Q4", "2022Q1", "2022Q2", "2022Q3", 
"2022Q4", "2023Q1", "2023Q2", "2023Q3", "2023Q4", "2024Q1", "2024Q2", 
"2024Q3"), value = c(0x1.1ff8164840e17p+8, 0x1.4c389f94855dap+8, 
0x1.25f58ff759685p+8, 0x1.3b1a2a6f3f53p+8, 0x1.2f18aa433508fp+8, 
0x1.7064a1272c94bp+8, 0x1.4c3bf63c31df7p+8, 0x1.5e00af2d7f951p+8, 
0x1.5eb003ab862b2p+8, 0x1.b974fc71d6063p+8, 0x1.6d4a1a1db877bp+8, 
0x1.8c78a372606fbp+8, 0x1.8f90dfdef8488p+8, 0x1.001481e4712e4p+9, 
0x1.aca137b07075bp+8, 0x1.c836996312f4dp+8, 0x1.aca1379fa97e1p+8, 
0x1.2f7d192641b33p+9, 0x1.d4ace453d20f3p+8, 0x1.ee88377186552p+8, 
0x1.031dd07c84b5ep+9, 0x1.24e36638433d7p+9, 0x1.0ee8d96206855p+9, 
0x1.1ec28405b39e2p+9, 0x1.21529b738e6d1p+9, 0x1.3d5bdb877ab32p+9, 
0x1.34e0dd0d8cb08p+9, 0x1.4bef26634118p+9, 0x1.3a5902de00d1bp+9, 
0x1.80d6325d4a5dfp+9, 0x1.583a1f6cacd18p+9, 0x1.7227101b00368p+9, 
0x1.5ee802b841249p+9, 0x1.a082cacd184c2p+9, 0x1.88d0cf7caa759p+9, 
0x1.a696bb7739f34p+9, 0x1.6ead07bfe7e2p+9, 0x1.d12a0b45ae6p+9, 
0x1.914b492ff4ba5p+9, 0x1.a9ec6b69db65fp+9, 0x1.5105150dae3e7p+9, 
0x1.98e831c64ba95p+9, 0x1.5af804d12018ap+9, 0x1.737669ced0b31p+9, 
0x1.487dfa22706d5p+9, 0x1.8beb3e681a9b9p+9, 0x1.6068bcc6c54bdp+9, 
0x1.79e04156e264ep+9, 0x1.4da00296b3355p+9, 0x1.8b44a66dbd72cp+9, 
0x1.5a4ce0221427p+9, 0x1.706b316e37154p+9, 0x1.4a76d612c6ac2p+9, 
0x1.706b1e85fd04ap+9, 0x1.45baaf78feef6p+9, 0x1.4d661fd9ba1b2p+9, 
0x1.2f22784a9478dp+9, 0x1.53e4eec7c957dp+9, 0x1.387d67fd3f5b6p+9, 
0x1.395c8a6117721p+9, 0x1.40398b588e369p+9, 0x1.71bd5b1422ccbp+9, 
0x1.447bc98a222d5p+9, 0x1.4b87c79b34a45p+9, 0x1.4ccba5ca29846p+9, 
0x1.74264ef88b978p+9, 0x1.53805d5b24e9cp+9, 0x1.63ad20b8066c3p+9, 
0x1.66f127dcbddbap+9, 0x1.90ed2c1f42bb6p+9, 0x1.6a0920642396p+9, 
0x1.7fa91d798d8a9p+9, 0x1.82813879c4114p+9, 0x1.ac6011ec918e3p+9, 
0x1.8505271bcdbbep+9, 0x1.948181f10668p+9, 0x1.a4593226c3b92p+9, 
0x1.efa1c51dabe27p+9, 0x1.b3475568e820ep+9, 0x1.bf9f97891e215p+9, 
0x1.c3753d5bab218p+9, 0x1.dc2db341e14bep+9, 0x1.d207446f9b995p+9, 
0x1.ea8f3f9e7b80bp+9, 0x1.ae4f601797cc4p+9, 0x1.f8e0889c1b542p+9, 
0x1.b2d772c5197a2p+9, 0x1.d0722e5de15cap+9, 0x1.0b7e068db8bacp+10, 
0x1.2136b039ef0f1p+10, 0x1.0b3503f705858p+10, 0x1.11f434dad31fdp+10, 
0x1.13807fa1a0cf2p+10, 0x1.288d1be2b495ap+10, 0x1.1b74849cb252dp+10, 
0x1.1f4fa6c1a048ep+10, 0x1.289170fbeb9e5p+10, 0x1.44532157689cap+10, 
0x1.3c4275c8d9f9p+10, 0x1.4252470a808c8p+10, 0x1.47d39991361ddp+10, 
0x1.6b95d9ba1b196p+10, 0x1.51c6382a12f9p+10)), class = "data.frame", row.names = c(NA, 
-103L))
