structure(list(period_id = c("1995Q1", "1995Q2", "1995Q3", "1995Q4", 
"1996Q1", "1996Q2", "1996Q3", "1996Q4", "1997Q1", "1997Q2", "1997Q3", 
"1997Q4", "1998Q1", "1998Q2", "1998Q3", "1998Q4", "1999Q1", "1999Q2", 
"1999Q3", "1999Q4", "2000Q1", "2000Q2", "2000Q3", "2000Q4", "2001Q1", 
"2001Q2", "2001Q3", "2001Q4", "2002Q1", "2002Q2", "2002Q3", "2002Q4", 
"2003Q1", "2003Q2", "2003Q3", "2003Q4", "2004Q1", "2004Q2", "2004Q3", 
"2004Q4", "2005Q1", "2005Q2", "2005Q3", "2005Q4", "2006Q1", "2006Q2", 
"2006Q3", "2006Q4", "2007Q1", "2007Q2", "2007Q3", "2007Q4", "2008Q1", 
"2008Q2", "2008Q3", "2008Q4", "2009Q1", "2009Q2", "2009Q3", "2009Q4", 
"2010Q1", "2010Q2", "2010Q3", "2010Q4", "2011Q1", "2011Q2", "2011Q3", 
"2011Q4", "2012Q1", "2012Q2", "2012Q3", "2012Q4", "2013Q1", "2013Q2", 
"2013Q3", "2013Q4", "2014Q1", "2014Q2", "2014Q3", "2014Q4", "2015Q1", 
"2015Q2", "2015Q3", "2015Q4", "2016Q1", "2016Q2", "2016Q3", "2016Q4", 
"2017Q1", "2017Q2", "2017Q3", "2017Q4", "2018Q1", "2018Q2", "2018Q3", 
"2018Q4", "2019Q1", "2019Q2", "2019Q3", "2019Q4", "2020Q1", "2020Q2", 
"2020Q3", "2020Q4", "2021Q1", "2021Q2", "2021Q3", "2021Q4", "2022Q1", 
"2022Q2", "2022Q3", "2022Q4", "2023Q1", "2023Q2", "2023Q3", "2023Q4", 
"2024Q1", "2024Q2", "2024Q3", "2024Q4"), value = c(0x1.a9c28f5c28f5cp+3, 
0x1.b126e978d4fdfp+3, 0x1.b3be76c8b4396p+3, 0x1.cad0e56041893p+3, 
0x1.c7c6a7ef9db23p+3, 0x1.cda1cac083127p+3, 0x1.ccf5c28f5c28fp+3, 
0x1.cdba5e353f7cfp+3, 0x1.b6f9db22d0e56p+3, 0x1.b51eb851eb852p+3, 
0x1.b5db22d0e5604p+3, 0x1.bec083126e979p+3, 0x1.cb22d0e560419p+3, 
0x1.d028f5c28f5c3p+3, 0x1.d7126e978d4fep+3, 0x1.dc51eb851eb85p+3, 
0x1.e5cac083126e9p+3, 0x1.ef0a3d70a3d71p+3, 0x1.f7645a1cac083p+3, 
0x1.0024dd2f1a9fcp+4, 0x1.05b22d0e56042p+4, 0x1.08a3d70a3d70ap+4, 
0x1.0ad4fdf3b645ap+4, 0x1.0dc28f5c28f5cp+4, 0x1.0d2b020c49ba6p+4, 
0x1.11b645a1cac08p+4, 0x1.16624dd2f1aap+4, 0x1.19a5e353f7ceep+4, 
0x1.1eb020c49ba5ep+4, 0x1.208f5c28f5c29p+4, 0x1.2316872b020c5p+4, 
0x1.2553f7ced9168p+4, 0x1.266e978d4fdf4p+4, 0x1.27810624dd2f2p+4, 
0x1.2770a3d70a3d7p+4, 0x1.27cac083126e9p+4, 0x1.288f5c28f5c29p+4, 
0x1.285604189374cp+4, 0x1.2883126e978d5p+4, 0x1.29ef9db22d0e5p+4, 
0x1.3020c49ba5e35p+4, 0x1.37a5e353f7ceep+4, 0x1.3b74bc6a7ef9ep+4, 
0x1.3fa1cac083127p+4, 0x1.474bc6a7ef9dbp+4, 0x1.4cfdf3b645a1dp+4, 
0x1.518d4fdf3b646p+4, 0x1.56dd2f1a9fbe7p+4, 0x1.5fe76c8b43958p+4, 
0x1.6620c49ba5e35p+4, 0x1.6a8f5c28f5c29p+4, 0x1.7020c49ba5e35p+4, 
0x1.770624dd2f1aap+4, 0x1.7b0624dd2f1aap+4, 0x1.7f020c49ba5e3p+4, 
0x1.84f1a9fbe76c9p+4, 0x1.8a9374bc6a7fp+4, 0x1.8d0a3d70a3d71p+4, 
0x1.8d7ced916872bp+4, 0x1.8d851eb851eb8p+4, 0x1.8d851eb851eb8p+4, 
0x1.8dc6a7ef9db23p+4, 0x1.904dd2f1a9fbep+4, 0x1.92bc6a7ef9db2p+4, 
0x1.8fef9db22d0e5p+4, 0x1.91604189374bcp+4, 0x1.90872b020c49cp+4, 
0x1.90ed916872b02p+4, 0x1.96624dd2f1aap+4, 0x1.99cac083126e9p+4, 
0x1.9978d4fdf3b64p+4, 0x1.9bf3b645a1cacp+4, 0x1.a08b439581062p+4, 
0x1.a1851eb851eb8p+4, 0x1.a28f5c28f5c29p+4, 0x1.a72b020c49ba6p+4, 
0x1.a8ac083126e98p+4, 0x1.acb4395810625p+4, 0x1.ae3126e978d5p+4, 
0x1.b3ced916872bp+4, 0x1.b4ed916872b02p+4, 0x1.b824dd2f1a9fcp+4, 
0x1.bc0c49ba5e354p+4, 0x1.be9374bc6a7fp+4, 0x1.c02d0e5604189p+4, 
0x1.c8395810624ddp+4, 0x1.d122d0e560419p+4, 0x1.d70e560418937p+4, 
0x1.d4ed916872b02p+4, 0x1.d90e560418937p+4, 0x1.dc20c49ba5e35p+4, 
0x1.e2ccccccccccdp+4, 0x1.ebdb22d0e5604p+4, 0x1.f0978d4fdf3b6p+4, 
0x1.f228f5c28f5c3p+4, 0x1.f95c28f5c28f6p+4, 0x1.fcd4fdf3b645ap+4, 
0x1.ffb645a1cac08p+4, 0x1.018b439581062p+5, 0x1.05a3d70a3d70ap+5, 
0x1.09e147ae147aep+5, 0x1.0a126e978d4fep+5, 0x1.0a28f5c28f5c3p+5, 
0x1.0d72b020c49bap+5, 0x1.0fb020c49ba5ep+5, 0x1.12b020c49ba5ep+5, 
0x1.159fbe76c8b44p+5, 0x1.1ae147ae147aep+5, 0x1.1de978d4fdf3bp+5, 
0x1.222b020c49ba6p+5, 0x1.24c28f5c28f5cp+5, 0x1.295c28f5c28f6p+5, 
0x1.3072b020c49bap+5, 0x1.33ac083126e98p+5, 0x1.34d70a3d70a3dp+5, 
0x1.387ced916872bp+5, 0x1.3af1a9fbe76c9p+5, 0x1.3bd4fdf3b645ap+5, 
0x1.3d374bc6a7efap+5, 0x1.41ced916872bp+5)), class = "data.frame", row.names = c(NA, 
-120L))
