structure(list(period_id = c("1995Q1", "1995Q2", "1995Q3", "1995Q4", 
"1996Q1", "1996Q2", "1996Q3", "1996Q4", "1997Q1", "1997Q2", "1997Q3", 
"1997Q4", "1998Q1", "1998Q2", "1998Q3", "1998Q4", "1999Q1", "1999Q2", 
"1999Q3", "1999Q4", "2000Q1", "2000Q2", "2000Q3", "2000Q4", "2001Q1", 
"2001Q2", "2001Q3", "2001Q4", "2002Q1", "2002Q2", "2002Q3", "2002Q4", 
"2003Q1", "2003Q2", "2003Q3", "2003Q4", "2004Q1", "2004Q2", "2004Q3", 
"2004Q4", "2005Q1", "2005Q2", "2005Q3", "2005Q4", "2006Q1", "2006Q2", 
"2006Q3", "2006Q4", "2007Q1", "2007Q2", "2007Q3", "2007Q4", "2008Q1", 
"2008Q2", "2008Q3", "2008Q4", "2009Q1", "2009Q2", "2009Q3", "2009Q4", 
"2010Q1", "2010Q2", "2010Q3", "2010Q4", "2011Q1", "2011Q2", "2011Q3", 
"2011Q4", "2012Q1", "2012Q2", "2012Q3", "2012Q4", "2013Q1", "2013Q2", 
"2013Q3", "2013Q4", "2014Q1", "2014Q2", "2014Q3", "2014Q4", "2015Q1", 
"2015Q2", "2015Q3", "2015Q4", "2016Q1", "2016Q2", "2016Q3", "2016Q4", 
"2017Q1", "2017Q2", "2017Q3", "2017Q4", "2018Q1", "2018Q2", "2018Q3", 
"2018Q4", "2019Q1", "2019Q2", "2019Q3", "2019Q4", "2020Q1", "2020Q2", 
"2020Q3", "2020Q4", "2021Q1", "2021Q2", "2021Q3", "2021Q4", "2022Q1", 
"2022Q2", "2022Q3", "2022Q4", "2023Q1", "2023Q2", "2023Q3", "2023Q4", 
"2024Q1", "2024Q2", "2024Q3"), value = c(0x1.443993b3a68b2p+7, 
0x1.9987c2656abdep+7, 0x1.d2b6a3df6db94p+7, 0x1.cc6bda72a7bd5p+7, 
0x1.da40b1bbcf4e8p+7, 0x1.c18e71044f1a2p+7, 0x1.c7387fcb923a3p+7, 
0x1.8d3e1cffeb075p+7, 0x1.c06a04af92296p+7, 0x1.19c4da3c21188p+8, 
0x1.c31d579af1887p+7, 0x1.be9a97396d091p+7, 0x1.d176b52c9d17p+7, 
0x1.fbd7b6fe2e6ebp+7, 0x1.11d04e3ffef39p+8, 0x1.176f85a4f00efp+8, 
0x1.25ab4bc6a7efap+8, 0x1.790777af64064p+8, 0x1.eec50331e3a7ep+7, 
0x1.1cd87abfb9bedp+8, 0x1.2bf3345069a4ep+8, 0x1.1eb218ce2d1f2p+8, 
0x1.1ecad9ad85dfbp+8, 0x1.24bb75d9a0f0ap+8, 0x1.219af8bdec5f4p+8, 
0x1.2ceeaf35e310ep+8, 0x1.34028bc169c24p+8, 0x1.3ebcfb00bcbe6p+8, 
0x1.49563cd9a5226p+8, 0x1.3fe5851654d62p+8, 0x1.56cb26bf8769fp+8, 
0x1.58a138de6ddfp+8, 0x1.5dbbdf090f734p+8, 0x1.6e41e7210be94p+8, 
0x1.744b6f8f04146p+8, 0x1.a18f7aa25d8d8p+8, 0x1.8eba539756c94p+8, 
0x1.9681a2d72ffd2p+8, 0x1.b30ef901083dcp+8, 0x1.b794f29d40eep+8, 
0x1.a9f1e774eebf6p+8, 0x1.bc1ebb55ac04p+8, 0x1.acacc5c9a34cap+8, 
0x1.a719b25f633cep+8, 0x1.a9ef58298cc14p+8, 0x1.c0bfd61f5be5ep+8, 
0x1.bbc6ba16e7a31p+8, 0x1.d0335d78811b2p+8, 0x1.df8a3fcc9ea9ap+8, 
0x1.f9e1154866a12p+8, 0x1.0533414a4d2b3p+9, 0x1.0ba0a6a01259ap+9, 
0x1.1a04d70e6f2e9p+9, 0x1.1ebc0bc382a13p+9, 0x1.126e4ead0c3d2p+9, 
0x1.050526aec0725p+9, 0x1.e2dc2aed13943p+8, 0x1.ead07e7c06e1ap+8, 
0x1.04b96dca07f67p+9, 0x1.030b5fe542e55p+9, 0x1.0c0cb75ea67e8p+9, 
0x1.fad298244e93ep+8, 0x1.f220d477bbf94p+8, 0x1.ef23ba6698bb5p+8, 
0x1.e951fa871a3b1p+8, 0x1.e1e311e85fd05p+8, 0x1.d7a01a47a9e2cp+8, 
0x1.d98304ee7c4ap+8, 0x1.c5ba85a921ccep+8, 0x1.ad169fadafd11p+8, 
0x1.9b8618ac9f2fep+8, 0x1.89280f4517614p+8, 0x1.79b96451b9303p+8, 
0x1.9d3e4840e171ap+8, 0x1.76920aa64c2f8p+8, 0x1.78e1e1c15097dp+8, 
0x1.7b2392189bd84p+8, 0x1.907e2834d26fap+8, 0x1.9ee3aeee95747p+8, 
0x1.a8c8373f316e3p+8, 0x1.ae9cb5350092dp+8, 0x1.b096c1d29dc72p+8, 
0x1.bd399578a2a91p+8, 0x1.c0d91e85fd04ap+8, 0x1.d1cd1904b3c3ep+8, 
0x1.df09e69ad42c4p+8, 0x1.ea0b8726d04e6p+8, 0x1.fe8eaa19439dep+8, 
0x1.0d50b09635611p+9, 0x1.1399b73083559p+9, 0x1.130e4f4c6e6dap+9, 
0x1.1bdbacf7446fap+9, 0x1.1881f25e56cd7p+9, 0x1.1e485bc87db2bp+9, 
0x1.1fbfff7164c73p+9, 0x1.234d147f13059p+9, 0x1.33de41b328b6ep+9, 
0x1.2c9a5dd8f92bp+9, 0x1.308c773e24fecp+9, 0x1.3aab983947497p+9, 
0x1.0ccb3e35c5b4bp+9, 0x1.10f1437c5692bp+9, 0x1.54bd141205bcp+9, 
0x1.0dc5a33bd9caep+9, 0x1.66b0f20642396p+9, 0x1.7d0db0bbf50e3p+9, 
0x1.91c1715c63ae2p+9, 0x1.9d6df3f961805p+9, 0x1.6fd6fc2eba27bp+9, 
0x1.86e01cf7878b8p+9, 0x1.a20512231833p+9, 0x1.b09bef954eb14p+9, 
0x1.aa975ad96a6ap+9, 0x1.b50c321a2e7f7p+9, 0x1.a9553d102bc73p+9, 
0x1.b2c5b17481b22p+9, 0x1.c4d51819d2392p+9, 0x1.c1d6698bb4d49p+9, 
0x1.c37f3037d6302p+9)), class = "data.frame", row.names = c(NA, 
-119L))
