structure(list(period_id = c("2000M01", "2000M02", "2000M03", 
"2000M04", "2000M05", "2000M06", "2000M07", "2000M08", "2000M09", 
"2000M10", "2000M11", "2000M12", "2001M01", "2001M02", "2001M03", 
"2001M04", "2001M05", "2001M06", "2001M07", "2001M08", "2001M09", 
"2001M10", "2001M11", "2001M12", "2002M01", "2002M02", "2002M03", 
"2002M04", "2002M05", "2002M06", "2002M07", "2002M08", "2002M09", 
"2002M10", "2002M11", "2002M12", "2003M01", "2003M02", "2003M03", 
"2003M04", "2003M05", "2003M06", "2003M07", "2003M08", "2003M09", 
"2003M10", "2003M11", "2003M12", "2004M01", "2004M02", "2004M03", 
"2004M04", "2004M05", "2004M06", "2004M07", "2004M08", "2004M09", 
"2004M10", "2004M11", "2004M12", "2005M01", "2005M02", "2005M03", 
"2005M04", "2005M05", "2005M06", "2005M07", "2005M08", "2005M09", 
"2005M10", "2005M11", "2005M12", "2006M01", "2006M02", "2006M03", 
"2006M04", "2006M05", "2006M06", "2006M07", "2006M08", "2006M09", 
"2006M10", "2006M11", "2006M12", "2007M01", "2007M02", "2007M03", 
"2007M04", "2007M05", "2007M06", "2007M07", "2007M08", "2007M09", 
"2007M10", "2007M11", "2007M12", "2008M01", "2008M02", "2008M03", 
"2008M04", "2008M05", "2008M06", "2008M07", "2008M08", "2008M09", 
"2008M10", "2008M11", "2008M12", "2009M01", "2009M02", "2009M03", 
"2009M04", "2009M05", "2009M06", "2009M07", "2009M08", "2009M09", 
"2009M10", "2009M11", "2009M12", "2010M01", "2010M02", "2010M03", 
"2010M04", "2010M05", "2010M06", "2010M07", "2010M08", "2010M09", 
"2010M10", "2010M11", "2010M12", "2011M01", "2011M02", "2011M03", 
"2011M04", "2011M05", "2011M06", "2011M07", "2011M08", "2011M09", 
"2011M10", "2011M11", "2011M12", "2012M01", "2012M02", "2012M03", 
"2012M04", "2012M05", "2012M06", "2012M07", "2012M08", "2012M09", 
"2012M10", "2012M11", "2012M12", "2013M01", "2013M02", "2013M03", 
"2013M04", "2013M05", "2013M06", "2013M07", "2013M08", "2013M09", 
"2013M10", "2013M11", "2013M12", "2014M01", "2014M02", "2014M03", 
"2014M04", "2014M05", "2014M06", "2014M07", "2014M08", "2014M09", 
"2014M10", "2014M11", "2014M12", "2015M01", "2015M02", "2015M03", 
"2015M04", "2015M05", "2015M06", "2015M07", "2015M08", "2015M09", 
"2015M10", "2015M11", "2015M12", "2016M01", "2016M02", "2016M03", 
"2016M04", "2016M05", "2016M06", "2016M07", "2016M08", "2016M09", 
"2016M10", "2016M11", "2016M12", "2017M01", "2017M02", "2017M03", 
"2017M04", "2017M05", "2017M06", "2017M07", "2017M08", "2017M09", 
"2017M10", "2017M11", "2017M12", "2018M01", "2018M02", "2018M03", 
"2018M04", "2018M05", "2018M06", "2018M07", "2018M08", "2018M09", 
"2018M10", "2018M11", "2018M12", "2019M01", "2019M02", "2019M03", 
"2019M04", "2019M05", "2019M06", "2019M07", "2019M08", "2019M09", 
"2019M10", "2019M11", "2019M12", "2020M01", "2020M02", "2020M03", 
"2020M04", "2020M05", "2020M06", "2020M07", "2020M08", "2020M09", 
"2020M10", "2020M11", "2020M12", "2021M01", "2021M02", "2021M03", 
"2021M04", "2021M05", "2021M06", "2021M07", "2021M08", "2021M09", 
"2021M10", "2021M11", "2021M12", "2022M01", "2022M02", "2022M03", 
"2022M04", "2022M05", "2022M06", "2022M07", "2022M08", "2022M09", 
"2022M10", "2022M11", "2022M12", "2023M01", "2023M02", "2023M03", 
"2023M04", "2023M05", "2023M06", "2023M07", "2023M08", "2023M09", 
"2023M10", "2023M11", "2023M12", "2024M01", "2024M02", "2024M03", 
"2024M04", "2024M05", "2024M06", "2024M07", "2024M08", "2024M09", 
"2024M10", "2024M11", "2024M12", "2025M01", "2025M02"), value = c(0x1.728d0ed413cc7p+19, 
0x1.73657990ca7c8p+19, 0x1.742944429ed64p+19, 0x1.74d28a33f4c7ap+19, 
0x1.756f35dff8aa9p+19, 0x1.7604ecec44685p+19, 0x1.76a0529655cb7p+19, 
0x1.771bac2d5e967p+19, 0x1.7798af8843754p+19, 0x1.77e823410eb4fp+19, 
0x1.784e582a35ac1p+19, 0x1.78a140a0eb8cdp+19, 0x1.78e5ee23542bep+19, 
0x1.7901a82608a51p+19, 0x1.79378d7f2e9cbp+19, 0x1.797bcb2b28d17p+19, 
0x1.79990975bb5bcp+19, 0x1.79a18a372de8p+19, 0x1.79a16bf4eb0a3p+19, 
0x1.7994e35018bbep+19, 0x1.794aaff293253p+19, 0x1.790c963f4cfbap+19, 
0x1.78fafe4e58476p+19, 0x1.791adef9df52fp+19, 0x1.7910faca4bf3dp+19, 
0x1.7907787ca93f4p+19, 0x1.78c50011c7e8p+19, 0x1.788c6c04389bap+19, 
0x1.789e473067ab2p+19, 0x1.78b5b62de03bdp+19, 0x1.78c7419d77dfp+19, 
0x1.78cbe9b74eed9p+19, 0x1.78d528829cb08p+19, 0x1.78f2699e06bbbp+19, 
0x1.78f664ba7118ep+19, 0x1.79117ab953a42p+19, 0x1.79433353bf96fp+19, 
0x1.7951485f7c266p+19, 0x1.79461b2bd72f9p+19, 0x1.79328a2e48fafp+19, 
0x1.7901df695b2afp+19, 0x1.78f0de909981ep+19, 0x1.78ec8db81356cp+19, 
0x1.78faca805d84bp+19, 0x1.77e039180dfcbp+19, 0x1.785ff2eca074bp+19, 
0x1.78a2b4e7dacffp+19, 0x1.787c6916adc31p+19, 0x1.784b9d023b624p+19, 
0x1.788896e01d257p+19, 0x1.790c38cd16289p+19, 0x1.7960976a2fc66p+19, 
0x1.79927ac7534ep+19, 0x1.79b3de5d5e95fp+19, 0x1.79e7b3f5a20a2p+19, 
0x1.7a4a4407aca21p+19, 0x1.7abf91db3af5ep+19, 0x1.7b15b3a543b85p+19, 
0x1.7b4f040f650eep+19, 0x1.7b19e2fc1f423p+19, 0x1.7c4e2c548a4cep+19, 
0x1.7c9a9ef0016c9p+19, 0x1.7cc09e9fe4a26p+19, 0x1.7d1723208485fp+19, 
0x1.7d6ced7aa8807p+19, 0x1.7d986c2a5cab3p+19, 0x1.7dd8984c0ec8p+19, 
0x1.7e22ddb5893d1p+19, 0x1.7e5b79de2994ep+19, 0x1.7e6d982b164abp+19, 
0x1.7eb05690778abp+19, 0x1.7efc6e4af6f4cp+19, 0x1.7f335defc121bp+19, 
0x1.7f8e2f83b9d54p+19, 0x1.8029f7f0400f4p+19, 0x1.80cde9f0425b2p+19, 
0x1.81bb4356d2652p+19, 0x1.82d52d9cbdba5p+19, 0x1.838e3bf292e4dp+19, 
0x1.844304d27eef6p+19, 0x1.851879dcf2437p+19, 0x1.862d7caf20ff5p+19, 
0x1.875f37047d387p+19, 0x1.8867963dec0fcp+19, 0x1.898a2c4c0e9b7p+19, 
0x1.8acda17d3742p+19, 0x1.8c218d9068e42p+19, 0x1.8d767ead60222p+19, 
0x1.8e9bd86e413d5p+19, 0x1.8fa796f481addp+19, 0x1.90ae877170157p+19, 
0x1.918a13bb7013cp+19, 0x1.9276185a8fbcp+19, 0x1.93d2a8e0b0ec1p+19, 
0x1.952d94c1bac61p+19, 0x1.9699091a473bdp+19, 0x1.9841d0ac6e19ep+19, 
0x1.99b34450fc8f6p+19, 0x1.9ac45c410f72fp+19, 0x1.9bc4289796637p+19, 
0x1.9c9cdb7be8663p+19, 0x1.9d336c2c43419p+19, 0x1.9d947dc3f05adp+19, 
0x1.9e0b68105aaffp+19, 0x1.9ec833b710322p+19, 0x1.9ef03a8cd654ep+19, 
0x1.9e53275386f21p+19, 0x1.9df379844a15ep+19, 0x1.9baf3d2f7cc1p+19, 
0x1.99df7dd1ebbb6p+19, 0x1.980a8f4c14606p+19, 0x1.96475a6a94248p+19, 
0x1.94a7cff0d9706p+19, 0x1.935e2ee6e7f6dp+19, 0x1.928e3f65f22e1p+19, 
0x1.91a1b733fb725p+19, 0x1.90408d38b3926p+19, 0x1.8d742084279d6p+19, 
0x1.8d52b2780c299p+19, 0x1.8d4afedae6fa6p+19, 0x1.8d0d671483fbdp+19, 
0x1.8cb53d81d2b45p+19, 0x1.8c5501bd9318ap+19, 0x1.8ba50f0ca2894p+19, 
0x1.8aecfc7b9670cp+19, 0x1.8a922b2072fe4p+19, 0x1.8a381eb47b348p+19, 
0x1.89b66cef6b49fp+19, 0x1.895ae0239c6c3p+19, 0x1.88ad84bc68d43p+19, 
0x1.87dc7685ee59cp+19, 0x1.837e9ecf6e7f6p+19, 0x1.83275fccf6d19p+19, 
0x1.82ddcfab334dcp+19, 0x1.8289b3693341cp+19, 0x1.829b5d3b9a528p+19, 
0x1.82c2fe41cbbd6p+19, 0x1.826ce9b1b99e4p+19, 0x1.81d59fc18d05bp+19, 
0x1.81818040bd337p+19, 0x1.812514fc93c7dp+19, 0x1.80cf1180b5dcfp+19, 
0x1.8090a2382a401p+19, 0x1.806e5649af5e5p+19, 0x1.8024f20c7c2e7p+19, 
0x1.7fc67ece554fbp+19, 0x1.7f7120890f39dp+19, 0x1.7e9b6aae65e6ep+19, 
0x1.7d8ef9888f905p+19, 0x1.7c830f6533859p+19, 0x1.7b7ecaef1f70fp+19, 
0x1.7aa7630fac084p+19, 0x1.799c321ab914fp+19, 0x1.788794f1b1c91p+19, 
0x1.77b0219e2b8d9p+19, 0x1.74e3da92e5792p+19, 0x1.743e8a9020c27p+19, 
0x1.73a55a583544dp+19, 0x1.72e5e51482931p+19, 0x1.728252421b689p+19, 
0x1.727f4b39fb20dp+19, 0x1.72a0377fcee7ep+19, 0x1.72d7a2040f59cp+19, 
0x1.72d13863040f7p+19, 0x1.72d9f03d7347cp+19, 0x1.731eadfc0d287p+19, 
0x1.73731d83e37b8p+19, 0x1.73a8f3ac8ca2bp+19, 0x1.73e1ae3a8d577p+19, 
0x1.741166802ef85p+19, 0x1.7486602f4a731p+19, 0x1.754bc5982e6b6p+19, 
0x1.75f605a1dbea4p+19, 0x1.766a829a1ae5dp+19, 0x1.76f182da4b172p+19, 
0x1.776bd413e0a9fp+19, 0x1.78007757c14acp+19, 0x1.78afca8994321p+19, 
0x1.792d955aec1b9p+19, 0x1.79a536f9c7607p+19, 0x1.7a1454e962274p+19, 
0x1.7aabaa91b8756p+19, 0x1.7b23ad71d7e15p+19, 0x1.7b61a4af03007p+19, 
0x1.7b9a0fa9559efp+19, 0x1.7c358b01ab801p+19, 0x1.7ced5736d994fp+19, 
0x1.7da1e341e90a9p+19, 0x1.7e48e6b2adc19p+19, 0x1.7ed01fece09bp+19, 
0x1.7f5f28582d304p+19, 0x1.7fb2bc352ec1cp+19, 0x1.8048ea57ec662p+19, 
0x1.815be22243844p+19, 0x1.82aacb24a93bcp+19, 0x1.83ed11c94f22fp+19, 
