structure(list(period_id = c("1995Q1", "1995Q2", "1995Q3", "1995Q4", 
"1996Q1", "1996Q2", "1996Q3", "1996Q4", "1997Q1", "1997Q2", "1997Q3", 
"1997Q4", "1998Q1", "1998Q2", "1998Q3", "1998Q4", "1999Q1", "1999Q2", 
"1999Q3", "1999Q4", "2000Q1", "2000Q2", "2000Q3", "2000Q4", "2001Q1", 
"2001Q2", "2001Q3", "2001Q4", "2002Q1", "2002Q2", "2002Q3", "2002Q4", 
"2003Q1", "2003Q2", "2003Q3", "2003Q4", "2004Q1", "2004Q2", "2004Q3", 
"2004Q4", "2005Q1", "2005Q2", "2005Q3", "2005Q4", "2006Q1", "2006Q2", 
"2006Q3", "2006Q4", "2007Q1", "2007Q2", "2007Q3", "2007Q4", "2008Q1", 
"2008Q2", "2008Q3", "2008Q4", "2009Q1", "2009Q2", "2009Q3", "2009Q4", 
"2010Q1", "2010Q2", "2010Q3", "2010Q4", "2011Q1", "2011Q2", "2011Q3", 
"2011Q4", "2012Q1", "2012Q2", "2012Q3", "2012Q4", "2013Q1", "2013Q2", 
"2013Q3", "2013Q4", "2014Q1", "2014Q2", "2014Q3", "2014Q4", "2015Q1", 
"2015Q2", "2015Q3", "2015Q4", "2016Q1", "2016Q2", "2016Q3", "2016Q4", 
"2017Q1", "2017Q2", "2017Q3", "2017Q4", "2018Q1", "2018Q2", "2018Q3", 
"2018Q4", "2019Q1", "2019Q2", "2019Q3", "2019Q4", "2020Q1", "2020Q2", 
"2020Q3", "2020Q4", "2021Q1", "2021Q2", "2021Q3", "2021Q4", "2022Q1", 
"2022Q2", "2022Q3", "2022Q4", "2023Q1", "2023Q2", "2023Q3", "2023Q4", 
"2024Q1", "2024Q2", "2024Q3", "2024Q4", "2025Q1", "2025Q2", "2025Q3"
), value = c(NA, NA, NA, NA, NA, NA, NA, NA, NA, NA, NA, NA, 
0x1.fc374bc6a7efap+6, 0x1.fb989374bc6a8p+6, 0x1.fc9eb851eb852p+6, 
0x1.fe1fbe76c8b44p+6, 0x1.02d0624dd2f1bp+7, 0x1.06b6c8b439581p+7, 
0x1.07bf7ced91687p+7, 0x1.0866e978d4fdfp+7, 0x1.0bb74bc6a7efap+7, 
0x1.0da8f5c28f5c3p+7, 0x1.0eac083126e98p+7, 0x1.0fef9db22d0e5p+7, 
0x1.1106a7ef9db23p+7, 0x1.126147ae147aep+7, 0x1.137020c49ba5ep+7, 
0x1.1490e56041893p+7, 0x1.16d810624dd2fp+7, 0x1.183645a1cac08p+7, 
0x1.198ac083126e9p+7, 0x1.1a79db22d0e56p+7, 0x1.1c7c6a7ef9db2p+7, 
0x1.1ef2b020c49bap+7, 0x1.1f61cac083127p+7, 0x1.20116872b020cp+7, 
0x1.22ed916872b02p+7, 0x1.24ed0e5604189p+7, 0x1.25b3333333333p+7, 
0x1.267ae147ae148p+7, 0x1.287df3b645a1dp+7, 0x1.2a926e978d4fep+7, 
0x1.2b6f9db22d0e5p+7, 0x1.2bca3d70a3d71p+7, 0x1.2cf2b020c49bap+7, 
0x1.2f0dd2f1a9fbep+7, 0x1.2f947ae147ae1p+7, 0x1.2eb7ced916873p+7, 
0x1.2ea04189374bcp+7, 0x1.2f86a7ef9db23p+7, 0x1.301c28f5c28f6p+7, 
0x1.3075c28f5c28fp+7, 0x1.365810624dd2fp+7, 0x1.38010624dd2f2p+7, 
0x1.38bd70a3d70a4p+7, 0x1.39147ae147ae1p+7, 0x1.3abae147ae148p+7, 
0x1.3cb6c8b439581p+7, 0x1.3d65604189375p+7, 0x1.3d8cccccccccdp+7, 
0x1.405810624dd2fp+7, 0x1.42f2b020c49bap+7, 0x1.43b0a3d70a3d7p+7, 
0x1.4304189374bc7p+7, 0x1.4a322d0e56042p+7, 0x1.4b21cac083127p+7, 
0x1.4bd6872b020c5p+7, 0x1.4c753f7ced917p+7, 0x1.4d7ae147ae148p+7, 
0x1.4f55810624dd3p+7, 0x1.4c60c49ba5e35p+7, 0x1.4b28f5c28f5c3p+7, 
0x1.484bc6a7ef9dbp+7, 0x1.4863d70a3d70ap+7, 0x1.46ea7ef9db22dp+7, 
0x1.478c49ba5e354p+7, 0x1.46ccccccccccdp+7, 0x1.487b645a1cac1p+7, 
0x1.4710e56041893p+7, 0x1.48049ba5e353fp+7, 0x1.4735c28f5c28fp+7, 
0x1.482d0e5604189p+7, 0x1.46c624dd2f1aap+7, 0x1.4921cac083127p+7, 
0x1.49e5604189375p+7, 0x1.4d4f5c28f5c29p+7, 0x1.4cd78d4fdf3b6p+7, 
0x1.5076c8b439581p+7, 0x1.511e353f7ced9p+7, 0x1.52f1a9fbe76c9p+7, 
0x1.5261cac083127p+7, 0x1.56a4dd2f1a9fcp+7, 0x1.583ae147ae148p+7, 
0x1.5a7851eb851ecp+7, 0x1.58f95810624ddp+7, 0x1.5ca147ae147aep+7, 
0x1.5dp+7, 0x1.5e65e353f7ceep+7, 0x1.5d8395810624ep+7, 0x1.612d916872b02p+7, 
0x1.61fe76c8b4396p+7, 0x1.62d810624dd2fp+7, 0x1.62c9ba5e353f8p+7, 
0x1.66ec083126e98p+7, 0x1.6714fdf3b645ap+7, 0x1.69bf7ced91687p+7, 
0x1.68e6e978d4fdfp+7, 0x1.6c86a7ef9db23p+7, 0x1.6d0ac083126e9p+7, 
0x1.6d7ae147ae148p+7, 0x1.6c051eb851eb8p+7, 0x1.6fc6a7ef9db23p+7, 
0x1.6f9604189374cp+7, 0x1.712e978d4fdf4p+7, 0x1.70570a3d70a3dp+7, 
0x1.74676c8b43958p+7, 0x1.75ba5e353f7cfp+7, 0x1.7738d4fdf3b64p+7, 
0x1.76126e978d4fep+7, 0x1.78f9db22d0e56p+7, 0x1.793851eb851ecp+7, 
0x1.7c35c28f5c28fp+7, 0x1.7b6b020c49ba6p+7)), class = "data.frame", row.names = c(NA, 
-123L))
