structure(list(period_id = c("1995Q1", "1995Q2", "1995Q3", "1995Q4", 
"1996Q1", "1996Q2", "1996Q3", "1996Q4", "1997Q1", "1997Q2", "1997Q3", 
"1997Q4", "1998Q1", "1998Q2", "1998Q3", "1998Q4", "1999Q1", "1999Q2", 
"1999Q3", "1999Q4", "2000Q1", "2000Q2", "2000Q3", "2000Q4", "2001Q1", 
"2001Q2", "2001Q3", "2001Q4", "2002Q1", "2002Q2", "2002Q3", "2002Q4", 
"2003Q1", "2003Q2", "2003Q3", "2003Q4", "2004Q1", "2004Q2", "2004Q3", 
"2004Q4", "2005Q1", "2005Q2", "2005Q3", "2005Q4", "2006Q1", "2006Q2", 
"2006Q3", "2006Q4", "2007Q1", "2007Q2", "2007Q3", "2007Q4", "2008Q1", 
"2008Q2", "2008Q3", "2008Q4", "2009Q1", "2009Q2", "2009Q3", "2009Q4", 
"2010Q1", "2010Q2", "2010Q3", "2010Q4", "2011Q1", "2011Q2", "2011Q3", 
"2011Q4", "2012Q1", "2012Q2", "2012Q3", "2012Q4", "2013Q1", "2013Q2", 
"2013Q3", "2013Q4", "2014Q1", "2014Q2", "2014Q3", "2014Q4", "2015Q1", 
"2015Q2", "2015Q3", "2015Q4", "2016Q1", "2016Q2", "2016Q3", "2016Q4", 
"2017Q1", "2017Q2", "2017Q3", "2017Q4", "2018Q1", "2018Q2", "2018Q3", 
"2018Q4", "2019Q1", "2019Q2", "2019Q3", "2019Q4", "2020Q1", "2020Q2", 
"2020Q3", "2020Q4", "2021Q1", "2021Q2", "2021Q3", "2021Q4", "2022Q1", 
"2022Q2", "2022Q3", "2022Q4", "2023Q1", "2023Q2", "2023Q3", "2023Q4", 
"2024Q1", "2024Q2", "2024Q3", "2024Q4", "2025Q1", "2025Q2"), 
    value = c(NA, NA, NA, NA, 0x1.35f7e7f8012ep+12, 0x1.38b346cfc829dp+12, 
    0x1.3c9332cc70868p+12, 0x1.418f265061416p+12, 0x1.4462930164841p+12, 
    0x1.49e213ad5bee4p+12, 0x1.4ceaaa3161a1ep+12, 0x1.4e1b6cb966be8p+12, 
    0x1.503a8fc0d2c38p+12, 0x1.51adcb8e086bep+12, 0x1.53ca2b4528284p+12, 
    0x1.56a16e32e3822p+12, 0x1.5a2a55f138bcep+12, 0x1.66281512ec6bdp+12, 
    0x1.61fc049fd7a14p+12, 0x1.66f5f01a79fedp+12, 0x1.6bb4dd6063172p+12, 
    0x1.6fc08f51ac9bp+12, 0x1.73b1b039ef0f1p+12, 0x1.77023dac68a93p+12, 
    0x1.7a68f5c182ecbp+12, 0x1.7d4e129dc725cp+12, 0x1.7fe00e51d25abp+12, 
    0x1.816e2ef6f8f04p+12, 0x1.86fbbdb09a672p+12, 0x1.88541a1cac083p+12, 
    0x1.8c8789fa54c55p+12, 0x1.92c30549b62c7p+12, 0x1.9294f98c7e282p+12, 
    0x1.9773a02a77a2dp+12, 0x1.9ba49b7f17375p+12, 0x1.9e222f4384ba1p+12, 
    0x1.a4e1546c332fp+12, 0x1.a7d0cd716d2aap+12, 0x1.ab8b1b54195cdp+12, 
    0x1.aedc968d759efp+12, 0x1.b1b581743e964p+12, 0x1.b88bcb6848bebp+12, 
    0x1.bc527f6f4be83p+12, 0x1.c38a8ee286727p+12, 0x1.c9c0bae89eba7p+12, 
    0x1.d1e19dc832336p+12, 0x1.dbc32aa7ded6cp+12, 0x1.e6bc7d7d3910cp+12, 
    0x1.ef309b6a1e81dp+12, 0x1.f7538ba51a006p+12, 0x1.003b97bbf93ffp+13, 
    0x1.01bf0eb13dfb1p+13, 0x1.0508681882adcp+13, 0x1.07515ce746cb9p+13, 
    0x1.075976c0d6f54p+13, 0x1.fb232eb702603p+12, 0x1.e46383aeab799p+12, 
    0x1.e0db1987c6328p+12, 0x1.e10b6ac753e7p+12, 0x1.e232772f76e61p+12, 
    0x1.e26b20f4d7addp+12, 0x1.e8d29e2ef4e01p+12, 0x1.ea1cf141205bcp+12, 
    0x1.eae428c154c98p+12, 0x1.ecaf5a22f6a51p+12, 0x1.e9f61ecc3e319p+12, 
    0x1.eab22e924f228p+12, 0x1.ea06f5536933ap+12, 0x1.e6ef98ab92c06p+12, 
    0x1.dce743808850ap+12, 0x1.dd3ed2f09d8c7p+12, 0x1.d88015cd91eebp+12, 
    0x1.d84f57f737da6p+12, 0x1.dac9a1b2a27f2p+12, 0x1.da5862f05a709p+12, 
    0x1.e2a1852c59fb2p+12, 0x1.e7e2d938151a4p+12, 0x1.ebeb9438d1d8ap+12, 
    0x1.ee320e150119p+12, 0x1.ef70edeb95e5bp+12, 0x1.f2ecb840181ep+12, 
    0x1.f52a50c804103p+12, 0x1.faa902ff8ec1p+12, 0x1.fd197a9d1f601p+12, 
    0x1.fedead2aa5c5fp+12, 0x1.0390536b4c7f3p+13, 0x1.06091f3387161p+13, 
    0x1.068aec6bce853p+13, 0x1.0dcc984449dbfp+13, 0x1.103ca9f83be66p+13, 
    0x1.125c999fe4367p+13, 0x1.179c8efc371dap+13, 0x1.1886c39c51dacp+13, 
    0x1.1cb5a62888b54p+13, 0x1.1ff07191dde37p+13, 0x1.22ea623d9231cp+13, 
    0x1.268494b838c11p+13, 0x1.2799d4cdb7ae5p+13, 0x1.2a89b049a9974p+13, 
    0x1.294b4fcdee35p+13, 0x1.2944f3e0370cep+13, 0x1.09afdd12caddep+13, 
    0x1.2729e00e27e0fp+13, 0x1.2431c3a8e7147p+13, 0x1.2dcb1313be22ep+13, 
    0x1.311b68ea39c52p+13, 0x1.38bb5bf9c62a2p+13, 0x1.3d7870ecb74dep+13, 
    0x1.3b28de55c0fcbp+13, 0x1.3d951c5d63886p+13, 0x1.3e3a460e51d26p+13, 
    0x1.40412c0d6f545p+13, 0x1.4321a57d1782dp+13, 0x1.46c726db50f41p+13, 
    0x1.4623c59429175p+13, 0x1.46f96bef06b38p+13, 0x1.4b670e9ccb7d4p+13, 
    0x1.49c36aed99cbfp+13, 0x1.4adbb60956c0dp+13, 0x1.4c49f5ff609ddp+13, 
    0x1.498efc3c5bd0ep+13, 0x1.4bf0623076c05p+13)), class = "data.frame", row.names = c(NA, 
-122L))
