structure(list(period_id = c("1995Q1", "1995Q2", "1995Q3", "1995Q4", 
"1996Q1", "1996Q2", "1996Q3", "1996Q4", "1997Q1", "1997Q2", "1997Q3", 
"1997Q4", "1998Q1", "1998Q2", "1998Q3", "1998Q4", "1999Q1", "1999Q2", 
"1999Q3", "1999Q4", "2000Q1", "2000Q2", "2000Q3", "2000Q4", "2001Q1", 
"2001Q2", "2001Q3", "2001Q4", "2002Q1", "2002Q2", "2002Q3", "2002Q4", 
"2003Q1", "2003Q2", "2003Q3", "2003Q4", "2004Q1", "2004Q2", "2004Q3", 
"2004Q4", "2005Q1", "2005Q2", "2005Q3", "2005Q4", "2006Q1", "2006Q2", 
"2006Q3", "2006Q4", "2007Q1", "2007Q2", "2007Q3", "2007Q4", "2008Q1", 
"2008Q2", "2008Q3", "2008Q4", "2009Q1", "2009Q2", "2009Q3", "2009Q4", 
"2010Q1", "2010Q2", "2010Q3", "2010Q4", "2011Q1", "2011Q2", "2011Q3", 
"2011Q4", "2012Q1", "2012Q2", "2012Q3", "2012Q4", "2013Q1", "2013Q2", 
"2013Q3", "2013Q4", "2014Q1", "2014Q2", "2014Q3", "2014Q4", "2015Q1", 
"2015Q2", "2015Q3", "2015Q4", "2016Q1", "2016Q2", "2016Q3", "2016Q4", 
"2017Q1", "2017Q2", "2017Q3", "2017Q4", "2018Q1", "2018Q2", "2018Q3", 
"2018Q4", "2019Q1", "2019Q2", "2019Q3", "2019Q4", "2020Q1", "2020Q2", 
"2020Q3", "2020Q4", "2021Q1", "2021Q2", "2021Q3", "2021Q4", "2022Q1", 
"2022Q2", "2022Q3", "2022Q4", "2023Q1", "2023Q2", "2023Q3", "2023Q4", 
"2024Q1", "2024Q2", "2024Q3", "2024Q4", "2025Q1", "2025Q2"), 
    value = c(0x1.12ccccccccccdp+14, 0x1.121ep+14, 0x1.11fc666666666p+14, 
    0x1.10d4ccccccccdp+14, 0x1.1346666666666p+14, 0x1.110c666666666p+14, 
    0x1.1082666666666p+14, 0x1.13ecp+14, 0x1.1662ccccccccdp+14, 
    0x1.194a666666666p+14, 0x1.1bb4ccccccccdp+14, 0x1.1e06ccccccccdp+14, 
    0x1.2055333333333p+14, 0x1.24d2p+14, 0x1.278eccccccccdp+14, 
    0x1.279accccccccdp+14, 0x1.279f99999999ap+14, 0x1.2ae2666666666p+14, 
    0x1.3096ccccccccdp+14, 0x1.3416p+14, 0x1.36aap+14, 0x1.3999333333333p+14, 
    0x1.3c7p+14, 0x1.426a666666666p+14, 0x1.44a8p+14, 0x1.4738ccccccccdp+14, 
    0x1.4a18ccccccccdp+14, 0x1.4c93333333333p+14, 0x1.5442ccccccccdp+14, 
    0x1.560799999999ap+14, 0x1.591c666666666p+14, 0x1.5d3f99999999ap+14, 
    0x1.5f96666666666p+14, 0x1.6352ccccccccdp+14, 0x1.6786666666666p+14, 
    0x1.6b14p+14, 0x1.7116ccccccccdp+14, 0x1.7523333333333p+14, 
    0x1.798a666666666p+14, 0x1.7ae6666666666p+14, 0x1.7e79333333333p+14, 
    0x1.865799999999ap+14, 0x1.891b99999999ap+14, 0x1.8d76p+14, 
    0x1.905a666666666p+14, 0x1.964b333333333p+14, 0x1.9879333333333p+14, 
    0x1.9c6ap+14, 0x1.9741333333333p+14, 0x1.9700ccccccccdp+14, 
    0x1.98ff99999999ap+14, 0x1.9a58666666666p+14, 0x1.9e94ccccccccdp+14, 
    0x1.a0b1333333333p+14, 0x1.9fa2p+14, 0x1.90fep+14, 0x1.801b99999999ap+14, 
    0x1.8052666666666p+14, 0x1.801ap+14, 0x1.7fc4ccccccccdp+14, 
    0x1.8052666666666p+14, 0x1.835599999999ap+14, 0x1.8645333333333p+14, 
    0x1.85e8ccccccccdp+14, 0x1.8aa2666666666p+14, 0x1.89dep+14, 
    0x1.8a5eccccccccdp+14, 0x1.8edep+14, 0x1.8960666666666p+14, 
    0x1.85a6666666666p+14, 0x1.86a8ccccccccdp+14, 0x1.85beccccccccdp+14, 
    0x1.8830666666666p+14, 0x1.8bd4ccccccccdp+14, 0x1.9209333333333p+14, 
    0x1.954399999999ap+14, 0x1.992a666666666p+14, 0x1.9e7cccccccccdp+14, 
    0x1.a27cp+14, 0x1.a4c1333333333p+14, 0x1.ab88p+14, 0x1.ac0d99999999ap+14, 
    0x1.af56ccccccccdp+14, 0x1.b3ef333333333p+14, 0x1.b2f4ccccccccdp+14, 
    0x1.b85399999999ap+14, 0x1.ba9d99999999ap+14, 0x1.bea199999999ap+14, 
    0x1.c40399999999ap+14, 0x1.c974p+14, 0x1.cdb9333333333p+14, 
    0x1.d48eccccccccdp+14, 0x1.dda999999999ap+14, 0x1.e1fa666666666p+14, 
    0x1.e949333333333p+14, 0x1.eeaa666666666p+14, 0x1.f8e6ccccccccdp+14, 
    0x1.fa88666666666p+14, 0x1.00dcp+15, 0x1.0289ccccccccdp+15, 
    0x1.01b7333333333p+15, 0x1.b8cb333333333p+14, 0x1.ecb2666666666p+14, 
    0x1.f577333333333p+14, 0x1.fbb4p+14, 0x1.0382666666666p+15, 
    0x1.06a899999999ap+15, 0x1.0d3499999999ap+15, 0x1.10aa99999999ap+15, 
    0x1.1355666666666p+15, 0x1.104f99999999ap+15, 0x1.0daf99999999ap+15, 
    0x1.0cbap+15, 0x1.0d13666666666p+15, 0x1.10d799999999ap+15, 
    0x1.0fdbccccccccdp+15, 0x1.111299999999ap+15, 0x1.105p+15, 
    0x1.0e97666666666p+15, 0x1.1047333333333p+15, 0x1.0ff399999999ap+15, 
    0x1.10f3333333333p+15)), class = "data.frame", row.names = c(NA, 
-122L))
