structure(list(period_id = c("1995Q1", "1995Q2", "1995Q3", "1995Q4", 
"1996Q1", "1996Q2", "1996Q3", "1996Q4", "1997Q1", "1997Q2", "1997Q3", 
"1997Q4", "1998Q1", "1998Q2", "1998Q3", "1998Q4", "1999Q1", "1999Q2", 
"1999Q3", "1999Q4", "2000Q1", "2000Q2", "2000Q3", "2000Q4", "2001Q1", 
"2001Q2", "2001Q3", "2001Q4", "2002Q1", "2002Q2", "2002Q3", "2002Q4", 
"2003Q1", "2003Q2", "2003Q3", "2003Q4", "2004Q1", "2004Q2", "2004Q3", 
"2004Q4", "2005Q1", "2005Q2", "2005Q3", "2005Q4", "2006Q1", "2006Q2", 
"2006Q3", "2006Q4", "2007Q1", "2007Q2", "2007Q3", "2007Q4", "2008Q1", 
"2008Q2", "2008Q3", "2008Q4", "2009Q1", "2009Q2", "2009Q3", "2009Q4", 
"2010Q1", "2010Q2", "2010Q3", "2010Q4", "2011Q1", "2011Q2", "2011Q3", 
"2011Q4", "2012Q1", "2012Q2", "2012Q3", "2012Q4", "2013Q1", "2013Q2", 
"2013Q3", "2013Q4", "2014Q1", "2014Q2", "2014Q3", "2014Q4", "2015Q1", 
"2015Q2", "2015Q3", "2015Q4", "2016Q1", "2016Q2", "2016Q3", "2016Q4", 
"2017Q1", "2017Q2", "2017Q3", "2017Q4", "2018Q1", "2018Q2", "2018Q3", 
"2018Q4", "2019Q1", "2019Q2", "2019Q3", "2019Q4", "2020Q1", "2020Q2", 
"2020Q3", "2020Q4", "2021Q1", "2021Q2", "2021Q3", "2021Q4", "2022Q1", 
"2022Q2", "2022Q3", "2022Q4", "2023Q1", "2023Q2", "2023Q3", "2023Q4", 
"2024Q1", "2024Q2", "2024Q3"), value = c(NA, NA, NA, NA, 0x1.35f7e7f8012ep+12, 
0x1.38b346cfc829dp+12, 0x1.3c9332cc70868p+12, 0x1.418f265061416p+12, 
0x1.4462930164841p+12, 0x1.49e213ad5bee4p+12, 0x1.4ceaaa3161a1ep+12, 
0x1.4e1b6cb966be8p+12, 0x1.503a8fc0d2c38p+12, 0x1.51adcb8e086bep+12, 
0x1.53ca2b4528284p+12, 0x1.56a16e32e3822p+12, 0x1.5a2a55f138bcep+12, 
0x1.66281512ec6bdp+12, 0x1.61fc049fd7a14p+12, 0x1.66f5f01a79fedp+12, 
0x1.6bb4dd6063172p+12, 0x1.6fc08f51ac9bp+12, 0x1.73b1b039ef0f1p+12, 
0x1.77023dac68a93p+12, 0x1.7a68f5c182ecbp+12, 0x1.7d4e129dc725cp+12, 
0x1.7fe00e51d25abp+12, 0x1.816e2ef6f8f04p+12, 0x1.86fbbdb09a672p+12, 
0x1.88541a1cac083p+12, 0x1.8c8789fa54c55p+12, 0x1.92c30549b62c7p+12, 
0x1.9294f98c7e282p+12, 0x1.9773a02a77a2dp+12, 0x1.9ba49b7f17375p+12, 
0x1.9e222f4384ba1p+12, 0x1.a4e1546c332fp+12, 0x1.a7d0cd716d2aap+12, 
0x1.ab8b1b54195cdp+12, 0x1.aedc968d759efp+12, 0x1.b1b581743e964p+12, 
0x1.b88bcb6848bebp+12, 0x1.bc527f6f4be83p+12, 0x1.c38a8ee286727p+12, 
0x1.c9c0bae89eba7p+12, 0x1.d1e19dc832336p+12, 0x1.dbc32aa7ded6cp+12, 
0x1.e6bc7d7d3910cp+12, 0x1.ef309b6a1e81dp+12, 0x1.f7538ba51a006p+12, 
0x1.003b97bbf93ffp+13, 0x1.01bf0eb13dfb1p+13, 0x1.0508681882adcp+13, 
0x1.07515ce746cb9p+13, 0x1.075976c0d6f54p+13, 0x1.fb232eb702603p+12, 
0x1.e46383aeab799p+12, 0x1.e0db1987c6328p+12, 0x1.e10b6ac753e7p+12, 
0x1.e232772f76e61p+12, 0x1.e26f3760bf5d8p+12, 0x1.e8c6e07d4e098p+12, 
0x1.ea1540e27e0fp+12, 0x1.eae3c5d744f5dp+12, 0x1.ecaaa61cffebp+12, 
0x1.e9f4e25a682b6p+12, 0x1.eaa72a24cc682p+12, 0x1.e9fca93293d1p+12, 
0x1.e6de0ed0b30b6p+12, 0x1.dced00f88334p+12, 0x1.dd3aba2f05a71p+12, 
0x1.d8785394317adp+12, 0x1.d83efedb7282p+12, 0x1.dac6854ac29bfp+12, 
0x1.da59885a0be51p+12, 0x1.e29cf10129cbbp+12, 0x1.e7d388e9b38d6p+12, 
0x1.ebdeffa6defc8p+12, 0x1.ee2cf3acd5b68p+12, 0x1.ef71757b41bfcp+12, 
0x1.f2e617cb2d906p+12, 0x1.f51da6c1a048ep+12, 0x1.fa9aad7b634dbp+12, 
0x1.fd1ed3cddd6ep+12, 0x1.fed79cc319c5ap+12, 0x1.0388462aa1944p+13, 
0x1.0603ad85dfa87p+13, 0x1.068edcca70d2p+13, 0x1.0dc67c1b54196p+13, 
0x1.1034b6a9c560cp+13, 0x1.1258f352220bcp+13, 0x1.179b7db7f1737p+13, 
0x1.1880f490e66cbp+13, 0x1.1cb2fc6c11a11p+13, 0x1.1feba89118c19p+13, 
0x1.22e6b14013ec4p+13, 0x1.267cde37de93ap+13, 0x1.279b396206855p+13, 
0x1.2a8291cb039efp+13, 0x1.2946aefcbd556p+13, 0x1.2938bacffa7ebp+13, 
0x1.09b4fb6e503fbp+13, 0x1.2726138d60a63p+13, 0x1.242e67168f8e8p+13, 
0x1.2dbc0bc947065p+13, 0x1.312249ca18bd6p+13, 0x1.38b8037cdcca7p+13, 
0x1.3d7a3b58d1527p+13, 0x1.3b037fb6134cep+13, 0x1.3d9b159253544p+13, 
0x1.3e46c31c64ba9p+13, 0x1.406bd4cdb7ae5p+13, 0x1.42b7bfe75bc45p+13, 
0x1.46cec04534bd7p+13, 0x1.46490513b5bf7p+13, 0x1.47856fe0ce0b9p+13, 
0x1.499ef082491bp+13, 0x1.49125b3fa6dfp+13, 0x1.4a80dc7c5260fp+13
)), class = "data.frame", row.names = c(NA, -119L))
