structure(list(period_id = c("1995Q1", "1995Q2", "1995Q3", "1995Q4", 
"1996Q1", "1996Q2", "1996Q3", "1996Q4", "1997Q1", "1997Q2", "1997Q3", 
"1997Q4", "1998Q1", "1998Q2", "1998Q3", "1998Q4", "1999Q1", "1999Q2", 
"1999Q3", "1999Q4", "2000Q1", "2000Q2", "2000Q3", "2000Q4", "2001Q1", 
"2001Q2", "2001Q3", "2001Q4", "2002Q1", "2002Q2", "2002Q3", "2002Q4", 
"2003Q1", "2003Q2", "2003Q3", "2003Q4", "2004Q1", "2004Q2", "2004Q3", 
"2004Q4", "2005Q1", "2005Q2", "2005Q3", "2005Q4", "2006Q1", "2006Q2", 
"2006Q3", "2006Q4", "2007Q1", "2007Q2", "2007Q3", "2007Q4", "2008Q1", 
"2008Q2", "2008Q3", "2008Q4", "2009Q1", "2009Q2", "2009Q3", "2009Q4", 
"2010Q1", "2010Q2", "2010Q3", "2010Q4", "2011Q1", "2011Q2", "2011Q3", 
"2011Q4", "2012Q1", "2012Q2", "2012Q3", "2012Q4", "2013Q1", "2013Q2", 
"2013Q3", "2013Q4", "2014Q1", "2014Q2", "2014Q3", "2014Q4", "2015Q1", 
"2015Q2", "2015Q3", "2015Q4", "2016Q1", "2016Q2", "2016Q3", "2016Q4", 
"2017Q1", "2017Q2", "2017Q3", "2017Q4", "2018Q1", "2018Q2", "2018Q3", 
"2018Q4", "2019Q1", "2019Q2", "2019Q3", "2019Q4", "2020Q1", "2020Q2", 
"2020Q3", "2020Q4", "2021Q1", "2021Q2", "2021Q3", "2021Q4", "2022Q1", 
"2022Q2", "2022Q3", "2022Q4", "2023Q1", "2023Q2", "2023Q3", "2023Q4", 
"2024Q1", "2024Q2", "2024Q3"), value = c(NA, NA, NA, NA, 0x1.6bb55757d5a9fp+6, 
0x1.4d1f950b955f8p+6, 0x1.6789fa11a975bp+6, 0x1.35f0713f077cdp+6, 
0x1.23ca4a48f96e1p+6, 0x1.5882d3c792d13p+6, 0x1.66bb8e086bdf5p+6, 
0x1.6d5f9873ffac2p+6, 0x1.9ab6994185059p+6, 0x1.c48a63736cdf2p+6, 
0x1.e473d46b26bf8p+6, 0x1.e3431c219eb64p+6, 0x1.d541a6d698fe7p+6, 
0x1.11bdb445ed4a2p+7, 0x1.a25ab47410731p+6, 0x1.a87c7820a30dbp+6, 
0x1.289df138bcdffp+7, 0x1.0301f51697f2p+7, 0x1.23b9e7fb267c7p+7, 
0x1.119e961c36977p+7, 0x1.166b6c7a7c9dep+7, 0x1.14a19c5a3e39fp+7, 
0x1.271d7518b0d0fp+7, 0x1.157404ea4a8c1p+7, 0x1.0f63e35c5b4abp+7, 
0x1.0055e2ef4e011p+7, 0x1.094d36933a04p+7, 0x1.254839cd8127bp+7, 
0x1.18b317efe0ce1p+7, 0x1.47f4864883fd5p+7, 0x1.2682e1049236p+7, 
0x1.4d329435ac8a3p+7, 0x1.a9ad8a32f4491p+7, 0x1.5f12af35e310ep+7, 
0x1.77d863e07a28cp+7, 0x1.79d5bbbe878fbp+7, 0x1.7abde5d18090bp+7, 
0x1.60680e0653006p+7, 0x1.5128f1d3ed528p+7, 0x1.a48c0357a355p+7, 
0x1.cc1c6eb0b7c35p+7, 0x1.a9dca276b7ed4p+7, 0x1.04047f455a7d2p+8, 
0x1.2eb2321a2e7f7p+8, 0x1.0fc8fcf80dc33p+8, 0x1.3538539fba451p+8, 
0x1.3135d249e44fap+8, 0x1.07a2f566490a3p+8, 0x1.000c7a072d1afp+8, 
0x1.22cbb2aae2974p+8, 0x1.157150870110ap+8, 0x1.bc2e59f2ba9d2p+7, 
0x1.204bbf0dc768ep+7, 0x1.21af1a1986b9cp+7, 0x1.252eacc92146ap+7, 
0x1.0d1a007dd4413p+7, 0x1.85f8b60f1b25fp+6, 0x1.b89268d32830ap+6, 
0x1.c57aec0724b77p+6, 0x1.25fe284599674p+7, 0x1.247d0f840181ep+7, 
0x1.553d27a20578ep+7, 0x1.5ca5692b3cc4bp+7, 0x1.49b331e3a7daap+7, 
0x1.d367924af0bf2p+6, 0x1.f8b160956c0d7p+6, 0x1.acc714fce746dp+6, 
0x1.ad2556084a516p+6, 0x1.f3f1d2e0e3044p+6, 0x1.029399f5dfeb9p+7, 
0x1.0144c0df58c09p+7, 0x1.513a6f3f52fc2p+7, 0x1.299aad1d041ccp+7, 
0x1.208a2467be554p+7, 0x1.39ce8815e3971p+7, 0x1.42aed97b30f8cp+7, 
0x1.44e1e68a0d34ap+7, 0x1.5dbd3868fd19ap+7, 0x1.6b03b01c92ddcp+7, 
0x1.96c2cb641700dp+7, 0x1.8e0405d52c16ep+7, 0x1.ad0f44b2b777dp+7, 
0x1.bfc4426351defp+7, 0x1.c59d903a7546dp+7, 0x1.c0f9040bfe3bp+7, 
0x1.c8bd4ac29bf16p+7, 0x1.d308e15011905p+7, 0x1.ef3c4d013a92ap+7, 
0x1.ec5301eabbcb2p+7, 0x1.0c451958969a1p+8, 0x1.05232d4d4024bp+8, 
0x1.0a5f9c304cceep+8, 0x1.f40c63ae2541ep+7, 0x1.f1ef93ff25e57p+7, 
0x1.dde5cf2495e18p+7, 0x1.d0878a0902dep+7, 0x1.581c14a4d2b2cp+7, 
0x1.4b59a91105e1cp+7, 0x1.a8ddca29845ddp+7, 0x1.9705388a8b08ep+7, 
0x1.c25d11dffc548p+7, 0x1.d6705532617c2p+7, 0x1.e8b87570c565p+7, 
0x1.040edd7a99fa1p+8, 0x1.173ceeae9ee46p+8, 0x1.2998e831ad213p+8, 
0x1.2dbeebe596c83p+8, 0x1.2f04e06530058p+8, 0x1.1cfab191dde37p+8, 
0x1.12096bebe1651p+8, 0x1.1b53341e14bep+8, 0x1.1d6f1704ff434p+8, 
0x1.24ceef4e0114dp+8, 0x1.23d5e55c0fcb5p+8, 0x1.0a14d0247021dp+8
)), class = "data.frame", row.names = c(NA, -119L))
