structure(list(period_id = c("1995Q1", "1995Q2", "1995Q3", "1995Q4", 
"1996Q1", "1996Q2", "1996Q3", "1996Q4", "1997Q1", "1997Q2", "1997Q3", 
"1997Q4", "1998Q1", "1998Q2", "1998Q3", "1998Q4", "1999Q1", "1999Q2", 
"1999Q3", "1999Q4", "2000Q1", "2000Q2", "2000Q3", "2000Q4", "2001Q1", 
"2001Q2", "2001Q3", "2001Q4", "2002Q1", "2002Q2", "2002Q3", "2002Q4", 
"2003Q1", "2003Q2", "2003Q3", "2003Q4", "2004Q1", "2004Q2", "2004Q3", 
"2004Q4", "2005Q1", "2005Q2", "2005Q3", "2005Q4", "2006Q1", "2006Q2", 
"2006Q3", "2006Q4", "2007Q1", "2007Q2", "2007Q3", "2007Q4", "2008Q1", 
"2008Q2", "2008Q3", "2008Q4", "2009Q1", "2009Q2", "2009Q3", "2009Q4", 
"2010Q1", "2010Q2", "2010Q3", "2010Q4", "2011Q1", "2011Q2", "2011Q3", 
"2011Q4", "2012Q1", "2012Q2", "2012Q3", "2012Q4", "2013Q1", "2013Q2", 
"2013Q3", "2013Q4", "2014Q1", "2014Q2", "2014Q3", "2014Q4", "2015Q1", 
"2015Q2", "2015Q3", "2015Q4", "2016Q1", "2016Q2", "2016Q3", "2016Q4", 
"2017Q1", "2017Q2", "2017Q3", "2017Q4", "2018Q1", "2018Q2", "2018Q3", 
"2018Q4", "2019Q1", "2019Q2", "2019Q3", "2019Q4", "2020Q1", "2020Q2", 
"2020Q3", "2020Q4", "2021Q1", "2021Q2", "2021Q3", "2021Q4", "2022Q1", 
"2022Q2", "2022Q3", "2022Q4", "2023Q1", "2023Q2", "2023Q3", "2023Q4", 
"2024Q1", "2024Q2", "2024Q3", "2024Q4", "2025Q1"), value = c(0x1.0ba5604189375p+7, 
0x1.055d2f1a9fbe7p+7, 0x1.fde76c8b43958p+6, 0x1.f3fef9db22d0ep+6, 
0x1.ebf4bc6a7ef9ep+6, 0x1.e5d3f7ced9168p+6, 0x1.e13c6a7ef9db2p+6, 
0x1.dd45a1cac0831p+6, 0x1.dcc189374bc6ap+6, 0x1.d9b53f7ced917p+6, 
0x1.d6083126e978dp+6, 0x1.d1e04189374bcp+6, 0x1.ce83126e978d5p+6, 
0x1.c97be76c8b439p+6, 0x1.c4b020c49ba5ep+6, 0x1.c09ba5e353f7dp+6, 
0x1.bcac083126e98p+6, 0x1.b90b439581062p+6, 0x1.b5c395810624ep+6, 
0x1.b24083126e979p+6, 0x1.aeaf1a9fbe76dp+6, 0x1.ac47ae147ae14p+6, 
0x1.a9dd2f1a9fbe7p+6, 0x1.a5de353f7ced9p+6, 0x1.a104189374bc7p+6, 
0x1.9b9a9fbe76c8bp+6, 0x1.97fbe76c8b439p+6, 0x1.93e6666666666p+6, 
0x1.90116872b020cp+6, 0x1.8d147ae147ae1p+6, 0x1.88ea7ef9db22dp+6, 
0x1.8554fdf3b645ap+6, 0x1.810f5c28f5c29p+6, 0x1.7e1999999999ap+6, 
0x1.7b74bc6a7ef9ep+6, 0x1.791db22d0e56p+6, 0x1.776353f7ced91p+6, 
0x1.7472b020c49bap+6, 0x1.721eb851eb852p+6, 0x1.6fd1eb851eb85p+6, 
0x1.6c8b439581062p+6, 0x1.6a2f1a9fbe76dp+6, 0x1.67872b020c49cp+6, 
0x1.64e872b020c4ap+6, 0x1.60f5c28f5c28fp+6, 0x1.5d23d70a3d70ap+6, 
0x1.5a5d2f1a9fbe7p+6, 0x1.57d1eb851eb85p+6, 0x1.56df3b645a1cbp+6, 
0x1.55010624dd2f2p+6, 0x1.52e147ae147aep+6, 0x1.51072b020c49cp+6, 
0x1.4f6a7ef9db22dp+6, 0x1.4db3333333333p+6, 0x1.4b9ba5e353f7dp+6, 
0x1.4a16872b020c5p+6, 0x1.49010624dd2f2p+6, 0x1.47883126e978dp+6, 
0x1.4610624dd2f1bp+6, 0x1.4454fdf3b645ap+6, 0x1.429eb851eb852p+6, 
0x1.411a9fbe76c8bp+6, 0x1.3f6978d4fdf3bp+6, 0x1.3d010624dd2f2p+6, 
0x1.3a6353f7ced91p+6, 0x1.387ae147ae148p+6, 0x1.374189374bc6ap+6, 
0x1.369a9fbe76c8bp+6, 0x1.36624dd2f1aap+6, 0x1.35926e978d4fep+6, 
0x1.34851eb851eb8p+6, 0x1.33f2b020c49bap+6, 0x1.359374bc6a7fp+6, 
0x1.35p+6, 0x1.34ba5e353f7cfp+6, 0x1.3495810624dd3p+6, 0x1.301a9fbe76c8bp+6, 
0x1.3p+6, 0x1.2f9999999999ap+6, 0x1.2f147ae147ae1p+6, 0x1.2e3f7ced91687p+6, 
0x1.2d71a9fbe76c9p+6, 0x1.2c8p+6, 0x1.2b947ae147ae1p+6, 0x1.2a428f5c28f5cp+6, 
0x1.2977ced916873p+6, 0x1.2890624dd2f1bp+6, 0x1.27cdd2f1a9fbep+6, 
0x1.26df3b645a1cbp+6, 0x1.2672b020c49bap+6, 0x1.25ab020c49ba6p+6, 
0x1.24a7ef9db22d1p+6, 0x1.24ccccccccccdp+6, 0x1.249fbe76c8b44p+6, 
0x1.249db22d0e56p+6, 0x1.24c28f5c28f5cp+6, 0x1.24fef9db22d0ep+6, 
0x1.2450e56041893p+6, 0x1.2295810624dd3p+6, 0x1.203851eb851ecp+6, 
0x1.1d3f7ced91687p+6, 0x1.1a978d4fdf3b6p+6, 0x1.18f6c8b439581p+6, 
0x1.1829fbe76c8b4p+6, 0x1.1745a1cac0831p+6, 0x1.16f4bc6a7ef9ep+6, 
0x1.16b4395810625p+6, 0x1.1695810624dd3p+6, 0x1.15b4395810625p+6, 
0x1.150624dd2f1aap+6, 0x1.14a9fbe76c8b4p+6, 0x1.140f5c28f5c29p+6, 
0x1.1379db22d0e56p+6, 0x1.12916872b020cp+6, 0x1.11872b020c49cp+6, 
0x1.106e978d4fdf4p+6, 0x1.0fe76c8b43958p+6, 0x1.0eac083126e98p+6, 
0x1.0d73b645a1cacp+6, 0x1.0c4083126e979p+6, 0x1.0b3645a1cac08p+6
)), class = "data.frame", row.names = c(NA, -121L))
