structure(list(period_id = c("1995Q1", "1995Q2", "1995Q3", "1995Q4", 
"1996Q1", "1996Q2", "1996Q3", "1996Q4", "1997Q1", "1997Q2", "1997Q3", 
"1997Q4", "1998Q1", "1998Q2", "1998Q3", "1998Q4", "1999Q1", "1999Q2", 
"1999Q3", "1999Q4", "2000Q1", "2000Q2", "2000Q3", "2000Q4", "2001Q1", 
"2001Q2", "2001Q3", "2001Q4", "2002Q1", "2002Q2", "2002Q3", "2002Q4", 
"2003Q1", "2003Q2", "2003Q3", "2003Q4", "2004Q1", "2004Q2", "2004Q3", 
"2004Q4", "2005Q1", "2005Q2", "2005Q3", "2005Q4", "2006Q1", "2006Q2", 
"2006Q3", "2006Q4", "2007Q1", "2007Q2", "2007Q3", "2007Q4", "2008Q1", 
"2008Q2", "2008Q3", "2008Q4", "2009Q1", "2009Q2", "2009Q3", "2009Q4", 
"2010Q1", "2010Q2", "2010Q3", "2010Q4", "2011Q1", "2011Q2", "2011Q3", 
"2011Q4", "2012Q1", "2012Q2", "2012Q3", "2012Q4", "2013Q1", "2013Q2", 
"2013Q3", "2013Q4", "2014Q1", "2014Q2", "2014Q3", "2014Q4", "2015Q1", 
"2015Q2", "2015Q3", "2015Q4", "2016Q1", "2016Q2", "2016Q3", "2016Q4", 
"2017Q1", "2017Q2", "2017Q3", "2017Q4", "2018Q1", "2018Q2", "2018Q3", 
"2018Q4", "2019Q1", "2019Q2", "2019Q3", "2019Q4", "2020Q1", "2020Q2", 
"2020Q3", "2020Q4", "2021Q1", "2021Q2", "2021Q3", "2021Q4", "2022Q1", 
"2022Q2", "2022Q3", "2022Q4", "2023Q1", "2023Q2", "2023Q3", "2023Q4", 
"2024Q1", "2024Q2", "2024Q3"), value = c(NA, NA, NA, NA, 0x1.67254a87e38ebp+9, 
0x1.d3727ecfe9b7cp+9, 0x1.cf395a63f9a4ap+9, 0x1.8a7c254a3c643p+9, 
0x1.7ae8dacabc515p+9, 0x1.0e2939713ad5cp+10, 0x1.fc079096bb98cp+9, 
0x1.bcb71b4fe79eep+9, 0x1.a3eaa63305101p+9, 0x1.0bad0b6f9fcb1p+10, 
0x1.f57d553ef6b5dp+9, 0x1.e010d362e9036p+9, 0x1.c82cef6f8f041p+9, 
0x1.3d649fc2a886ap+10, 0x1.0ca5b224aada3p+10, 0x1.fc614b380cb6cp+9, 
0x1.ecaebd987c632p+9, 0x1.1e3a8db489093p+10, 0x1.2eec12f09d8c7p+10, 
0x1.133403ff69015p+10, 0x1.d01deaab04253p+9, 0x1.11a09f6ec5b08p+10, 
0x1.2bc8b13dfb0d5p+10, 0x1.0c5a301a79fedp+10, 0x1.c9b4d9513f8dbp+9, 
0x1.0a9cdb4890929p+10, 0x1.29e6dd590c0adp+10, 0x1.103a8de2ac322p+10, 
0x1.e3a99bd4067cfp+9, 0x1.26bf2d490e66dp+10, 0x1.3c35d9a0f0a5fp+10, 
0x1.192078bbd3804p+10, 0x1.ec28d8e432442p+9, 0x1.21fb9873ffac2p+10, 
0x1.4875cdf266ba5p+10, 0x1.1c08eb2d0a244p+10, 0x1.ed39301eabbcbp+9, 
0x1.3cc81272c94b4p+10, 0x1.48d061ed5ae1dp+10, 0x1.2328141e9af5cp+10, 
0x1.e8246f1561911p+9, 0x1.3a11d5d80e497p+10, 0x1.5449ef62f9ca6p+10, 
0x1.3e517dd872f34p+10, 0x1.20db5b573eab3p+10, 0x1.6813b220791c5p+10, 
0x1.9536ec52a411cp+10, 0x1.6a1fa52ef911dp+10, 0x1.7101e054690dep+10, 
0x1.a0fdf23033a47p+10, 0x1.b58e4afd54541p+10, 0x1.594f1a1986b9cp+10, 
0x1.2b78b65ecc3e3p+10, 0x1.4e99a743a648p+10, 0x1.4f08a2b9d3cbcp+10, 
0x1.148dd10f51acap+10, 0x1.dbd5ddb1209eep+9, 0x1.07e20e12e83a1p+10, 
0x1.084a67168f8e8p+10, 0x1.bb2bf340d4dc6p+9, 0x1.4f5bb3aeee957p+9, 
0x1.990f334c5da6ap+9, 0x1.b1c7416bdb1a7p+9, 0x1.b77eeaf251c19p+9, 
0x1.2f6091f2dc2b1p+9, 0x1.8313ffcdab192p+9, 0x1.b0ce3009b3073p+9, 
0x1.846b4245f5ad9p+9, 0x1.0a721309c7ffep+9, 0x1.5cc71e0828c37p+9, 
0x1.8f0b9ff4fd6d8p+9, 0x1.a9fa6f47b677fp+9, 0x1.3c4f881a1555p+9, 
0x1.a503ffbce4218p+9, 0x1.b6f5ab96f21f7p+9, 0x1.93575a9eb2075p+9, 
0x1.382b8d60a633p+9, 0x1.8fa3c99285a92p+9, 0x1.90ec3aafff36bp+9, 
0x1.8e49bc3c5bd0ep+9, 0x1.de6582773e25p+8, 0x1.4920ccab3edd9p+9, 
0x1.65d2d90e23af3p+9, 0x1.6d2e44284dfcep+9, 0x1.0f86025bfad2ap+9, 
0x1.5f5e5c3dee782p+9, 0x1.6730bb55ac04p+9, 0x1.94d8c6045baf5p+9, 
0x1.1e6dd84901d19p+9, 0x1.7b89c0c1fc8f3p+9, 0x1.a06baa8a82a56p+9, 
0x1.bdf10203e63e9p+9, 0x1.5eb8e90bc7b46p+9, 0x1.bbb9cfdd22856p+9, 
0x1.ab557be9856a3p+9, 0x1.a7356e503fb37p+9, 0x1.61b613ec460eep+9, 
0x1.7236e2c12ad82p+9, 0x1.a71354434e337p+9, 0x1.b4f2a808c825ap+9, 
0x1.60c60c8cd63ccp+9, 0x1.9e90128bf3bebp+9, 0x1.cd1c4bd33d295p+9, 
0x1.d37a0fa9c12f1p+9, 0x1.7ad97a67a52acp+9, 0x1.acd03c64345dp+9, 
0x1.d536da554b8bfp+9, 0x1.dde05aee631f9p+9, 0x1.a8dd2253111f1p+9, 
0x1.ee0ffb6134ce4p+9, 0x1.083be5eaab042p+10, 0x1.027e63e8dda49p+10, 
0x1.bba076b7ed41bp+9, 0x1.daa7b6e503fb3p+9, 0x1.c3d9d883ba344p+9
)), class = "data.frame", row.names = c(NA, -119L))
