structure(list(period_id = c("1995Q1", "1995Q2", "1995Q3", "1995Q4", 
"1996Q1", "1996Q2", "1996Q3", "1996Q4", "1997Q1", "1997Q2", "1997Q3", 
"1997Q4", "1998Q1", "1998Q2", "1998Q3", "1998Q4", "1999Q1", "1999Q2", 
"1999Q3", "1999Q4", "2000Q1", "2000Q2", "2000Q3", "2000Q4", "2001Q1", 
"2001Q2", "2001Q3", "2001Q4", "2002Q1", "2002Q2", "2002Q3", "2002Q4", 
"2003Q1", "2003Q2", "2003Q3", "2003Q4", "2004Q1", "2004Q2", "2004Q3", 
"2004Q4", "2005Q1", "2005Q2", "2005Q3", "2005Q4", "2006Q1", "2006Q2", 
"2006Q3", "2006Q4", "2007Q1", "2007Q2", "2007Q3", "2007Q4", "2008Q1", 
"2008Q2", "2008Q3", "2008Q4", "2009Q1", "2009Q2", "2009Q3", "2009Q4", 
"2010Q1", "2010Q2", "2010Q3", "2010Q4", "2011Q1", "2011Q2", "2011Q3", 
"2011Q4", "2012Q1", "2012Q2", "2012Q3", "2012Q4", "2013Q1", "2013Q2", 
"2013Q3", "2013Q4", "2014Q1", "2014Q2", "2014Q3", "2014Q4", "2015Q1", 
"2015Q2", "2015Q3", "2015Q4", "2016Q1", "2016Q2", "2016Q3", "2016Q4", 
"2017Q1", "2017Q2", "2017Q3", "2017Q4", "2018Q1", "2018Q2", "2018Q3", 
"2018Q4", "2019Q1", "2019Q2", "2019Q3", "2019Q4", "2020Q1", "2020Q2", 
"2020Q3", "2020Q4", "2021Q1", "2021Q2", "2021Q3", "2021Q4", "2022Q1", 
"2022Q2", "2022Q3", "2022Q4", "2023Q1", "2023Q2", "2023Q3", "2023Q4", 
"2024Q1", "2024Q2", "2024Q3", "2024Q4", "2025Q1"), value = c(0x1.1378666666666p+14, 
0x1.12cc666666666p+14, 0x1.12ab99999999ap+14, 0x1.1184666666666p+14, 
0x1.13f4ccccccccdp+14, 0x1.11ba666666666p+14, 0x1.113p+14, 0x1.149cp+14, 
0x1.1714p+14, 0x1.19fc666666666p+14, 0x1.1c6999999999ap+14, 0x1.1ebd333333333p+14, 
0x1.210c666666666p+14, 0x1.258cccccccccdp+14, 0x1.284ap+14, 0x1.2856p+14, 
0x1.285d333333333p+14, 0x1.2b9f99999999ap+14, 0x1.315799999999ap+14, 
0x1.34d599999999ap+14, 0x1.376eccccccccdp+14, 0x1.3a61333333333p+14, 
0x1.3d38ccccccccdp+14, 0x1.433999999999ap+14, 0x1.4575333333333p+14, 
0x1.480999999999ap+14, 0x1.4aec666666666p+14, 0x1.4d6799999999ap+14, 
0x1.551b99999999ap+14, 0x1.56e199999999ap+14, 0x1.59f799999999ap+14, 
0x1.5e1f333333333p+14, 0x1.6074ccccccccdp+14, 0x1.6435333333333p+14, 
0x1.686accccccccdp+14, 0x1.6bfb333333333p+14, 0x1.7202p+14, 0x1.760eccccccccdp+14, 
0x1.7a7ap+14, 0x1.7bd4p+14, 0x1.7f6e666666666p+14, 0x1.874cp+14, 
0x1.8a13333333333p+14, 0x1.8e72p+14, 0x1.9158p+14, 0x1.974ep+14, 
0x1.997c666666666p+14, 0x1.9d72666666666p+14, 0x1.9844ccccccccdp+14, 
0x1.9804p+14, 0x1.9a05333333333p+14, 0x1.9b5ep+14, 0x1.9f9d333333333p+14, 
0x1.a1b8666666666p+14, 0x1.a0aap+14, 0x1.91fc666666666p+14, 0x1.810eccccccccdp+14, 
0x1.8146ccccccccdp+14, 0x1.810d99999999ap+14, 0x1.80b799999999ap+14, 
0x1.8147333333333p+14, 0x1.844a666666666p+14, 0x1.873c666666666p+14, 
0x1.86dcccccccccdp+14, 0x1.8b9c666666666p+14, 0x1.8ad8p+14, 0x1.8b57333333333p+14, 
0x1.8fdaccccccccdp+14, 0x1.8a58ccccccccdp+14, 0x1.86ap+14, 0x1.87a2ccccccccdp+14, 
0x1.86b799999999ap+14, 0x1.892b333333333p+14, 0x1.8cd2p+14, 0x1.9308p+14, 
0x1.9646666666666p+14, 0x1.9a2d99999999ap+14, 0x1.9f8599999999ap+14, 
0x1.a38599999999ap+14, 0x1.a5ccp+14, 0x1.ac96666666666p+14, 0x1.ad1eccccccccdp+14, 
0x1.b069333333333p+14, 0x1.b501333333333p+14, 0x1.b40b333333333p+14, 
0x1.b968666666666p+14, 0x1.bbb5333333333p+14, 0x1.bfbc666666666p+14, 
0x1.c51e666666666p+14, 0x1.ca9999999999ap+14, 0x1.cedf99999999ap+14, 
0x1.d5bb99999999ap+14, 0x1.ded8666666666p+14, 0x1.e32e666666666p+14, 
0x1.ea83333333333p+14, 0x1.efe5333333333p+14, 0x1.fa26666666666p+14, 
0x1.fbdp+14, 0x1.017f333333333p+15, 0x1.032e333333333p+15, 0x1.0258666666666p+15, 
0x1.b9e999999999ap+14, 0x1.edecp+14, 0x1.f6bp+14, 0x1.fcf1333333333p+14, 
0x1.042accccccccdp+15, 0x1.075099999999ap+15, 0x1.0ddaccccccccdp+15, 
0x1.1151p+15, 0x1.140b333333333p+15, 0x1.10fdccccccccdp+15, 0x1.0e57333333333p+15, 
0x1.0d58333333333p+15, 0x1.0dcd666666666p+15, 0x1.1189666666666p+15, 
0x1.1083333333333p+15, 0x1.11ac99999999ap+15, 0x1.1117333333333p+15, 
0x1.0f4b99999999ap+15, 0x1.10e7333333333p+15, 0x1.107d333333333p+15
)), class = "data.frame", row.names = c(NA, -121L))
