structure(list(period_id = c("1995Q1", "1995Q2", "1995Q3", "1995Q4", 
"1996Q1", "1996Q2", "1996Q3", "1996Q4", "1997Q1", "1997Q2", "1997Q3", 
"1997Q4", "1998Q1", "1998Q2", "1998Q3", "1998Q4", "1999Q1", "1999Q2", 
"1999Q3", "1999Q4", "2000Q1", "2000Q2", "2000Q3", "2000Q4", "2001Q1", 
"2001Q2", "2001Q3", "2001Q4", "2002Q1", "2002Q2", "2002Q3", "2002Q4", 
"2003Q1", "2003Q2", "2003Q3", "2003Q4", "2004Q1", "2004Q2", "2004Q3", 
"2004Q4", "2005Q1", "2005Q2", "2005Q3", "2005Q4", "2006Q1", "2006Q2", 
"2006Q3", "2006Q4", "2007Q1", "2007Q2", "2007Q3", "2007Q4", "2008Q1", 
"2008Q2", "2008Q3", "2008Q4", "2009Q1", "2009Q2", "2009Q3", "2009Q4", 
"2010Q1", "2010Q2", "2010Q3", "2010Q4", "2011Q1", "2011Q2", "2011Q3", 
"2011Q4", "2012Q1", "2012Q2", "2012Q3", "2012Q4", "2013Q1", "2013Q2", 
"2013Q3", "2013Q4", "2014Q1", "2014Q2", "2014Q3", "2014Q4", "2015Q1", 
"2015Q2", "2015Q3", "2015Q4", "2016Q1", "2016Q2", "2016Q3", "2016Q4", 
"2017Q1", "2017Q2", "2017Q3", "2017Q4", "2018Q1", "2018Q2", "2018Q3", 
"2018Q4", "2019Q1", "2019Q2", "2019Q3", "2019Q4", "2020Q1", "2020Q2", 
"2020Q3", "2020Q4", "2021Q1", "2021Q2", "2021Q3", "2021Q4", "2022Q1", 
"2022Q2", "2022Q3", "2022Q4", "2023Q1", "2023Q2", "2023Q3", "2023Q4", 
"2024Q1", "2024Q2", "2024Q3"), value = c(0x1.00d789374bc6ap+9, 
0x1.22229c7ffde72p+9, 0x1.37277a89331a1p+9, 0x1.4d9548a159818p+9, 
0x1.29f7029281776p+9, 0x1.5579042d8c2a4p+9, 0x1.63eb2745bf26fp+9, 
0x1.6ed9da6a44418p+9, 0x1.4e91cc426351ep+9, 0x1.81390c1333b97p+9, 
0x1.9d0d1ec0b5675p+9, 0x1.a0240789613d3p+9, 0x1.793ca0dbad3a6p+9, 
0x1.a68544bb1af3ap+9, 0x1.b2a124a6a875dp+9, 0x1.ba0eecbfb15b5p+9, 
0x1.96ee2374794eap+9, 0x1.d4e2f2e8c0486p+9, 0x1.e64f9cd8127b3p+9, 
0x1.ef87b9d7fd827p+9, 0x1.c5c7df1172ef1p+9, 0x1.052bd01c0ca6p+10, 
0x1.0f6c6ed245b29p+10, 0x1.15f2aac53b081p+10, 0x1.f4c8d5cfaacdap+9, 
0x1.2a8f977c88e7ap+10, 0x1.353e2fc2656acp+10, 0x1.384e89fc6da45p+10, 
0x1.173c04816f007p+10, 0x1.427ee503fb374p+10, 0x1.490ab06c43f6p+10, 
0x1.48ac6fdeb52cap+10, 0x1.2bb440e5a35d6p+10, 0x1.61873ec892ab7p+10, 
0x1.683816c61522ap+10, 0x1.6076c4bd33d29p+10, 0x1.3872018e75793p+10, 
0x1.6f0eb3cc4ac6dp+10, 0x1.7225f4c6e6d9cp+10, 0x1.68c363beec398p+10, 
0x1.490c6d3f9e7b8p+10, 0x1.815bb734b5137p+10, 0x1.89e0bfb15b574p+10, 
0x1.7cd001eabbcb2p+10, 0x1.531287d2c7b89p+10, 0x1.915156abde3fcp+10, 
0x1.97f8ce3150daep+10, 0x1.851f19da9c993p+10, 0x1.61919f2ba9d1fp+10, 
0x1.b0e166e43aa7ap+10, 0x1.be7cdca8e2e2cp+10, 0x1.ba82cad57bc7fp+10, 
0x1.93c5e6644d877p+10, 0x1.e631c115df655p+10, 0x1.eff377531db44p+10, 
0x1.d0bc9b2c40d0bp+10, 0x1.9f9bbd9cae211p+10, 0x1.f3a5c579f2346p+10, 
0x1.ffe0d031055b9p+10, 0x1.f608e7b80a9dfp+10, 0x1.bf45e9813879cp+10, 
0x1.0cda75903a754p+11, 0x1.1239734f82f51p+11, 0x1.09a8f67b1c001p+11, 
0x1.de586cd29131fp+10, 0x1.198a85caafbc2p+11, 0x1.1b8d063e07a29p+11, 
0x1.14a6d9945b6c3p+11, 0x1.fbd0ea1405708p+10, 0x1.22e6a1f4b1ee2p+11, 
0x1.2538a2595bbbfp+11, 0x1.189a9c0229a5fp+11, 0x1.f601b5f1bef4ap+10, 
0x1.198163193f6c2p+11, 0x1.1e4d02b841249p+11, 0x1.1303e56eefa1ep+11, 
0x1.f36254e2b063ep+10, 0x1.1b4a8e64b2314p+11, 0x1.1d3adb035bd51p+11, 
0x1.11c68fde2ef4ep+11, 0x1.e312e2bcf91a3p+10, 0x1.1814a3cea6c1ap+11, 
0x1.1ab368661ae71p+11, 0x1.0f84756a7ac82p+11, 0x1.e12bb2d4d4025p+10, 
0x1.17da2d2780779p+11, 0x1.202952a843809p+11, 0x1.14b5fe1b8ed1cp+11, 
0x1.f5a9e8c0485a1p+10, 0x1.1f12999fe4367p+11, 0x1.21d3a7d88c1dbp+11, 
0x1.1fb5df91600f3p+11, 0x1.03d964473cd57p+11, 0x1.2e9be4345cfeep+11, 
0x1.35b78904f6dfcp+11, 0x1.34af5aab4741p+11, 0x1.0fa900c9539b9p+11, 
0x1.44d9687d2c7b9p+11, 0x1.4dccb8a3b57c5p+11, 0x1.421692599ed7cp+11, 
0x1.1453f4751ce29p+11, 0x1.12b6329c347e9p+11, 0x1.3da5da858793ep+11, 
0x1.2319dab7dc7acp+11, 0x1.0d4f1eb6390c9p+11, 0x1.3a33bd017dae8p+11, 
0x1.59d8c6e08f217p+11, 0x1.5a9f3a647fdc6p+11, 0x1.473710fb65669p+11, 
0x1.8dfcfe82517e7p+11, 0x1.af28a20578e5cp+11, 0x1.a1339355475a3p+11, 
0x1.7d32bc4f3ba77p+11, 0x1.945faa582dbe8p+11, 0x1.ada29ec4e7254p+11, 
0x1.926f90fd7e458p+11, 0x1.81ff31b584b1bp+11, 0x1.925ed744f5d35p+11, 
0x1.a3398d7e02646p+11)), class = "data.frame", row.names = c(NA, 
-119L))
