structure(list(period_id = c("1995Q1", "1995Q2", "1995Q3", "1995Q4", 
"1996Q1", "1996Q2", "1996Q3", "1996Q4", "1997Q1", "1997Q2", "1997Q3", 
"1997Q4", "1998Q1", "1998Q2", "1998Q3", "1998Q4", "1999Q1", "1999Q2", 
"1999Q3", "1999Q4", "2000Q1", "2000Q2", "2000Q3", "2000Q4", "2001Q1", 
"2001Q2", "2001Q3", "2001Q4", "2002Q1", "2002Q2", "2002Q3", "2002Q4", 
"2003Q1", "2003Q2", "2003Q3", "2003Q4", "2004Q1", "2004Q2", "2004Q3", 
"2004Q4", "2005Q1", "2005Q2", "2005Q3", "2005Q4", "2006Q1", "2006Q2", 
"2006Q3", "2006Q4", "2007Q1", "2007Q2", "2007Q3", "2007Q4", "2008Q1", 
"2008Q2", "2008Q3", "2008Q4", "2009Q1", "2009Q2", "2009Q3", "2009Q4", 
"2010Q1", "2010Q2", "2010Q3", "2010Q4", "2011Q1", "2011Q2", "2011Q3", 
"2011Q4", "2012Q1", "2012Q2", "2012Q3", "2012Q4", "2013Q1", "2013Q2", 
"2013Q3", "2013Q4", "2014Q1", "2014Q2", "2014Q3", "2014Q4", "2015Q1", 
"2015Q2", "2015Q3", "2015Q4", "2016Q1", "2016Q2", "2016Q3", "2016Q4", 
"2017Q1", "2017Q2", "2017Q3", "2017Q4", "2018Q1", "2018Q2", "2018Q3", 
"2018Q4", "2019Q1", "2019Q2", "2019Q3", "2019Q4", "2020Q1", "2020Q2", 
"2020Q3", "2020Q4", "2021Q1", "2021Q2", "2021Q3", "2021Q4", "2022Q1", 
"2022Q2", "2022Q3", "2022Q4", "2023Q1", "2023Q2", "2023Q3", "2023Q4", 
"2024Q1", "2024Q2", "2024Q3"), value = c(0x1.fef3159817b96p+10, 
0x1.1fd809ce4a7b5p+11, 0x1.1fab05ec3dab6p+11, 0x1.2fa22c7fbacb4p+11, 
0x1.211fc58cd20bp+11, 0x1.490f7fe08aefbp+11, 0x1.4c97d21dda05ap+11, 
0x1.61a2dcdf69878p+11, 0x1.4ad18bae89ebap+11, 0x1.84d56a78af3e4p+11, 
0x1.79e2a28997c3dp+11, 0x1.9607ecd8dbcedp+11, 0x1.782878769ec2dp+11, 
0x1.a34eca686e7e6p+11, 0x1.a06ab0d9513f9p+11, 0x1.bca585b9e8c48p+11, 
0x1.a00cb0af5fd48p+11, 0x1.db114020817fcp+11, 0x1.cf160f2170931p+11, 
0x1.ee1fdad7518b1p+11, 0x1.d50e059c8c932p+11, 0x1.013982b62845ap+12, 
0x1.02854c49ba5e3p+12, 0x1.0f2a3024f6599p+12, 0x1.0770fee5eedccp+12, 
0x1.20fb22b7baecdp+12, 0x1.23a82a4873366p+12, 0x1.2e8640a06e9ffp+12, 
0x1.22155b64e0547p+12, 0x1.403f05260f5e4p+12, 0x1.41c20cda6e76p+12, 
0x1.500ae788db057p+12, 0x1.3c4c054690de1p+12, 0x1.5dd3caefb2aaep+12, 
0x1.635bfc3936827p+12, 0x1.6ce65da9c9928p+12, 0x1.57b5fb8d3f184p+12, 
0x1.7a27ea9930be1p+12, 0x1.81e6bfaf42785p+12, 0x1.8a54685db76b4p+12, 
0x1.666be451b9303p+12, 0x1.978fa47ecfe9bp+12, 0x1.9655a0945f9dfp+12, 
0x1.9d6ae036006d1p+12, 0x1.80729b738e6d1p+12, 0x1.b3420d29131ecp+12, 
0x1.bc51b53d640eap+12, 0x1.c5c43e596c82ep+12, 0x1.ad3349afe1da8p+12, 
0x1.e51886f8ad256p+12, 0x1.f1239da8bd231p+12, 0x1.f5565245b291cp+12, 
0x1.d65531f79420bp+12, 0x1.0b211bf0563edp+13, 0x1.0c0ea3d3e4efp+13, 
0x1.06134b27cbf6ep+13, 0x1.c9333aa25d8d8p+12, 0x1.f3cc8e6080735p+12, 
0x1.f2c3ddb5525ccp+12, 0x1.f2e22d7518b0dp+12, 0x1.c52c4c9fb6135p+12, 
0x1.f5190a686e7e6p+12, 0x1.f758f7e6f71a8p+12, 0x1.f26fb07182236p+12, 
0x1.d8fb5851654d6p+12, 0x1.ff794a9ef5233p+12, 0x1.fe2c3dbd2fa0dp+12, 
0x1.f3d29909f1f15p+12, 0x1.d87a6fda836ebp+12, 0x1.f1c507b139c95p+12, 
0x1.ebe7a432441ffp+12, 0x1.e2754e086bdf5p+12, 0x1.c7a8c3d9a9542p+12, 
0x1.efe6fc6eb0b7cp+12, 0x1.ee1fc01d5c316p+12, 0x1.ea44c812be48ap+12, 
0x1.d6ff9740c4157p+12, 0x1.0143724074645p+13, 0x1.01f4c908a265fp+13, 
0x1.f5b4a6299524cp+12, 0x1.e3e7a5eaab042p+12, 0x1.05ef2c9107faap+13, 
0x1.09615db22d0e5p+13, 0x1.07cf5295e9e1bp+13, 0x1.f5427b9f127f6p+12, 
0x1.10e9a476f2a5ap+13, 0x1.154539f1ae2dap+13, 0x1.1363cfdb8fde3p+13, 
0x1.08e31dad7518bp+13, 0x1.2219a25f2021p+13, 0x1.26cd197edc7efp+13, 
0x1.2be47ad3a604ep+13, 0x1.1ab1b8676a726p+13, 0x1.35387b1d0c804p+13, 
0x1.3e0829df1172fp+13, 0x1.3fe8bea24cc68p+13, 0x1.2f3c72f01754bp+13, 
0x1.48886e1049236p+13, 0x1.51fddc0c1fc8fp+13, 0x1.5125dca18bd66p+13, 
0x1.39a1f24f227dp+13, 0x1.2cf860b34e768p+13, 0x1.4dc9877ccc038p+13, 
0x1.513600c8472c1p+13, 0x1.40034a64c2f83p+13, 0x1.655d2bbe4473dp+13, 
0x1.7061f845564b6p+13, 0x1.790b79e16d6dcp+13, 0x1.5c46653c14834p+13, 
0x1.88a6d7f8ca81ap+13, 0x1.99ef55ebfa8f8p+13, 0x1.9a626c43f5f91p+13, 
0x1.9bf7636e2eb1cp+13, 0x1.c74bf3b320536p+13, 0x1.c51a4b49e01dep+13, 
0x1.c9ad8480e8c8bp+13, 0x1.b35fbf84cad58p+13, 0x1.d267cc660a201p+13, 
0x1.d61bb2e62131bp+13)), class = "data.frame", row.names = c(NA, 
-119L))
