structure(list(period_id = c("1995Q1", "1995Q2", "1995Q3", "1995Q4", 
"1996Q1", "1996Q2", "1996Q3", "1996Q4", "1997Q1", "1997Q2", "1997Q3", 
"1997Q4", "1998Q1", "1998Q2", "1998Q3", "1998Q4", "1999Q1", "1999Q2", 
"1999Q3", "1999Q4", "2000Q1", "2000Q2", "2000Q3", "2000Q4", "2001Q1", 
"2001Q2", "2001Q3", "2001Q4", "2002Q1", "2002Q2", "2002Q3", "2002Q4", 
"2003Q1", "2003Q2", "2003Q3", "2003Q4", "2004Q1", "2004Q2", "2004Q3", 
"2004Q4", "2005Q1", "2005Q2", "2005Q3", "2005Q4", "2006Q1", "2006Q2", 
"2006Q3", "2006Q4", "2007Q1", "2007Q2", "2007Q3", "2007Q4", "2008Q1", 
"2008Q2", "2008Q3", "2008Q4", "2009Q1", "2009Q2", "2009Q3", "2009Q4", 
"2010Q1", "2010Q2", "2010Q3", "2010Q4", "2011Q1", "2011Q2", "2011Q3", 
"2011Q4", "2012Q1", "2012Q2", "2012Q3", "2012Q4", "2013Q1", "2013Q2", 
"2013Q3", "2013Q4", "2014Q1", "2014Q2", "2014Q3", "2014Q4", "2015Q1", 
"2015Q2", "2015Q3", "2015Q4", "2016Q1", "2016Q2", "2016Q3", "2016Q4", 
"2017Q1", "2017Q2", "2017Q3", "2017Q4", "2018Q1", "2018Q2", "2018Q3", 
"2018Q4", "2019Q1", "2019Q2", "2019Q3", "2019Q4", "2020Q1", "2020Q2", 
"2020Q3", "2020Q4", "2021Q1", "2021Q2", "2021Q3", "2021Q4", "2022Q1", 
"2022Q2", "2022Q3", "2022Q4", "2023Q1", "2023Q2", "2023Q3", "2023Q4", 
"2024Q1", "2024Q2", "2024Q3", "2024Q4", "2025Q1"), value = c(0x1.e93a2d72ffd1ep+5, 
0x1.fc00980b24207p+5, 0x1.0536e264e4862p+6, 0x1.0587df5cf2496p+6, 
0x1.18b9e6687f456p+6, 0x1.1c424c8366517p+6, 0x1.269a2a0a95853p+6, 
0x1.32126138fffbdp+6, 0x1.3da6d938151a4p+6, 0x1.5361c714fce74p+6, 
0x1.6c8f23cc8de2bp+6, 0x1.8bdaf5fd47beep+6, 0x1.9bbc985f06f69p+6, 
0x1.aaaeff5c6c11ap+6, 0x1.b11d0fa58f712p+6, 0x1.c508f53c579f2p+6, 
0x1.de769b5a63f9ap+6, 0x1.f7a444e0daa0dp+6, 0x1.0278ecd8dbcedp+7, 
0x1.158744f5d3565p+7, 0x1.18f6653868fd2p+7, 0x1.2c9e97d06bbdcp+7, 
0x1.3dc0c77dd872fp+7, 0x1.48ff3365881a1p+7, 0x1.5e8af533f4235p+7, 
0x1.623277e5eaabp+7, 0x1.6b8e785b5b707p+7, 0x1.6b0cfe9b7bf1fp+7, 
0x1.66b16dd26b724p+7, 0x1.69ef56c93a711p+7, 0x1.6d299aa60913ap+7, 
0x1.78b0e8427418dp+7, 0x1.87a2fdb8fde2fp+7, 0x1.8a5e4c2f837b5p+7, 
0x1.ab7b854046413p+7, 0x1.a77edf82b1f68p+7, 0x1.ae5d3f39d1b2ep+7, 
0x1.c3fdd13d74d59p+7, 0x1.c245b7281fd9cp+7, 0x1.d90078b7a1c26p+7, 
0x1.da123e7d13511p+7, 0x1.e06c126a65cf6p+7, 0x1.e9d66b6177ea2p+7, 
0x1.1a2f49e01de27p+8, 0x1.0948db7ae5797p+8, 0x1.122d6d4c33b54p+8, 
0x1.15457c5ef62fap+8, 0x1.19d396bfca85dp+8, 0x1.2216ee84ad795p+8, 
0x1.26dedd377e1b9p+8, 0x1.3a7cb7e4de3b9p+8, 0x1.3f9e44e93e1cap+8, 
0x1.3fd22dd7a99fap+8, 0x1.485b86d2ed784p+8, 0x1.4a9ab90a7829p+8, 
0x1.5725455219a84p+8, 0x1.30556f21f6cadp+8, 0x1.33d5cfdd22856p+8, 
0x1.34eb3a57eaa2ap+8, 0x1.31d1e1e2de871p+8, 0x1.3a02c5d206c87p+8, 
0x1.3e9ebc621b7e1p+8, 0x1.420273c4f3ba7p+8, 0x1.43c7dc1615ecp+8, 
0x1.424ed2999567ep+8, 0x1.434adbb59ddc2p+8, 0x1.47742b1f687b1p+8, 
0x1.4c0337542a23cp+8, 0x1.4ef68d972cd7dp+8, 0x1.4eca5dbfceb79p+8, 
0x1.4adbc6eb0b7c3p+8, 0x1.4a7027fa1a0cfp+8, 0x1.49990ce4ead0cp+8, 
0x1.4674474d9c6bp+8, 0x1.423925dd095afp+8, 0x1.406a67d77fae3p+8, 
0x1.5c1f3860999ddp+8, 0x1.5622b074a771dp+8, 0x1.549ad8904f6ep+8, 
0x1.4eb3f93ff25e5p+8, 0x1.4e01495182a99p+8, 0x1.49671ac14c661p+8, 
0x1.4c08245f5ad97p+8, 0x1.4dd9c03361566p+8, 0x1.506c85b18548bp+8, 
0x1.50099567dbb17p+8, 0x1.56899f5dfeb8ep+8, 0x1.55e6087ca643dp+8, 
0x1.60dd09aed56bp+8, 0x1.6da179d0a6762p+8, 0x1.6802b851eb852p+8, 
0x1.755dc28f5c28fp+8, 0x1.7127b1f255f35p+8, 0x1.71ca3fab10ba6p+8, 
0x1.7fdd992428d43p+8, 0x1.835bb84db9c73p+8, 0x1.996e074ea8da8p+8, 
0x1.af1ac61522a6fp+8, 0x1.b07411a11233ep+8, 0x1.bc1aaa19439dep+8, 
0x1.bced8fc504817p+8, 0x1.a96125460aa65p+8, 0x1.c81c4a2fcefaap+8, 
0x1.d45f689ca18bdp+8, 0x1.e24cad6883772p+8, 0x1.f04bccd0fe8abp+8, 
0x1.fb40672756862p+8, 0x1.09a8c7c0f4517p+9, 0x1.f0bfc3d68405bp+8, 
0x1.16826d373affbp+9, 0x1.1ff6e31d712a1p+9, 0x1.1f8bffb480a5bp+9, 
0x1.274b16659d12dp+9, 0x1.2c69958969a0bp+9, 0x1.3979c94f69caap+9, 
0x1.410fcefaa4767p+9, 0x1.4187ae685db77p+9, 0x1.448cff1950332p+9, 
0x1.465dad538ac19p+9, 0x1.4909d805e5f31p+9, 0x1.4c94cbb7f9d6fp+9
)), class = "data.frame", row.names = c(NA, -121L))
