structure(list(period_id = c("1995Q1", "1995Q2", "1995Q3", "1995Q4", 
"1996Q1", "1996Q2", "1996Q3", "1996Q4", "1997Q1", "1997Q2", "1997Q3", 
"1997Q4", "1998Q1", "1998Q2", "1998Q3", "1998Q4", "1999Q1", "1999Q2", 
"1999Q3", "1999Q4", "2000Q1", "2000Q2", "2000Q3", "2000Q4", "2001Q1", 
"2001Q2", "2001Q3", "2001Q4", "2002Q1", "2002Q2", "2002Q3", "2002Q4", 
"2003Q1", "2003Q2", "2003Q3", "2003Q4", "2004Q1", "2004Q2", "2004Q3", 
"2004Q4", "2005Q1", "2005Q2", "2005Q3", "2005Q4", "2006Q1", "2006Q2", 
"2006Q3", "2006Q4", "2007Q1", "2007Q2", "2007Q3", "2007Q4", "2008Q1", 
"2008Q2", "2008Q3", "2008Q4", "2009Q1", "2009Q2", "2009Q3", "2009Q4", 
"2010Q1", "2010Q2", "2010Q3", "2010Q4", "2011Q1", "2011Q2", "2011Q3", 
"2011Q4", "2012Q1", "2012Q2", "2012Q3", "2012Q4", "2013Q1", "2013Q2", 
"2013Q3", "2013Q4", "2014Q1", "2014Q2", "2014Q3", "2014Q4", "2015Q1", 
"2015Q2", "2015Q3", "2015Q4", "2016Q1", "2016Q2", "2016Q3", "2016Q4", 
"2017Q1", "2017Q2", "2017Q3", "2017Q4", "2018Q1", "2018Q2", "2018Q3", 
"2018Q4", "2019Q1", "2019Q2", "2019Q3", "2019Q4", "2020Q1", "2020Q2", 
"2020Q3", "2020Q4", "2021Q1", "2021Q2", "2021Q3", "2021Q4", "2022Q1", 
"2022Q2", "2022Q3", "2022Q4", "2023Q1", "2023Q2", "2023Q3", "2023Q4", 
"2024Q1", "2024Q2", "2024Q3", "2024Q4"), value = c(NA, NA, NA, 
NA, 0x1.36b37867f0aa2p+6, 0x1.369ab9f559b3dp+6, 0x1.3227bfa4c61d8p+6, 
0x1.2d81044f1a198p+6, 0x1.1ebf4c2b51bd6p+6, 0x1.164c6583e8577p+6, 
0x1.106d6a9c560c8p+6, 0x1.0f13b4f616723p+6, 0x1.0c685f4a1272dp+6, 
0x1.0b5c4eb56fb8fp+6, 0x1.0f4bc23315d7p+6, 0x1.18f8e71476af9p+6, 
0x1.2419bf162ae4bp+6, 0x1.2e459e6256367p+6, 0x1.305c29bf162aep+6, 
0x1.2fb4c660a2014p+6, 0x1.327540895d0b7p+6, 0x1.2a65a74c09c3dp+6, 
0x1.2259656eefa1ep+6, 0x1.18e4ba94bbe44p+6, 0x1.fa49c1b54195dp+5, 
0x1.eadb28954a7f8p+5, 0x1.f026c7eae5bc8p+5, 0x1.0116fe2e6ea85p+6, 
0x1.11d5d9e40c847p+6, 0x1.18cb7d84901d2p+6, 0x1.240743a647fdcp+6, 
0x1.2366ad2dcb146p+6, 0x1.2917fa1a0cf18p+6, 0x1.299c016052503p+6, 
0x1.2ebefe0ce0b91p+6, 0x1.340b313be22e6p+6, 0x1.3df2c98e53eb4p+6, 
0x1.4152c0a4a05dep+6, 0x1.47696312f4cf5p+6, 0x1.371c27e953155p+6, 
0x1.292a54c554328p+6, 0x1.251c2b94d9408p+6, 0x1.27eaf251c193bp+6, 
0x1.31837f38c5437p+6, 0x1.1eebdbe3c1052p+6, 0x1.27f4f8726d04ep+6, 
0x1.2a0496aad1d04p+6, 0x1.2850318b9346ap+6, 0x1.31c13d31b9b67p+6, 
0x1.2a38dd1e53a82p+6, 0x1.292c3e3193f6cp+6, 0x1.313d3f5b5fa22p+6, 
0x1.3bc86d2ed783ep+6, 0x1.4c69c62a1b5c8p+6, 0x1.495c55432873cp+6, 
0x1.433d2fa0d77b8p+6, 0x1.44af98b71b8aap+6, 0x1.4a122d5171e2ap+6, 
0x1.52cda37ef5a96p+6, 0x1.597f69ca9ef52p+6, 0x1.56069d7342edcp+6, 
0x1.63715b9a5a89cp+6, 0x1.653ec9e236c16p+6, 0x1.702d0cc35ce18p+6, 
0x1.6dc13fd0d0679p+6, 0x1.6755d91ab8e8fp+6, 0x1.59f1c8216c615p+6, 
0x1.57f4b48d3ae68p+6, 0x1.4fcec8d5c7475p+6, 0x1.455f1d81f1066p+6, 
0x1.4a25918a009f6p+6, 0x1.4115c422036p+6, 0x1.469c8216c6152p+6, 
0x1.4acaad601ffb5p+6, 0x1.4a26c6583e857p+6, 0x1.50f50a88effe3p+6, 
0x1.511743201040cp+6, 0x1.5451be6e65387p+6, 0x1.57fc1615ebfa9p+6, 
0x1.586f8fcd67fd4p+6, 0x1.4dea9bcfd4bf1p+6, 0x1.510a2b1704ff4p+6, 
0x1.4e2a42aed1394p+6, 0x1.4fa301eabbcb2p+6, 0x1.5489dcf893fafp+6, 
0x1.5ba0e0eb67c28p+6, 0x1.5c38ca8198f1dp+6, 0x1.631aaeafab53dp+6, 
0x1.61404d9839475p+6, 0x1.65344d87724fbp+6, 0x1.678d00f776c48p+6, 
0x1.6b5df97aaac11p+6, 0x1.73827525460aap+6, 0x1.73d52157689cap+6, 
0x1.7b061309c7ffep+6, 0x1.7bf4e2b063e08p+6, 0x1.81b49a133c1cep+6, 
0x1.846aed1394318p+6, 0x1.7c870fbeb9e49p+6, 0x1.8370b4e11dbcbp+6, 
0x1.74fc1eff9f87fp+6, 0x1.6f44a05dd8f93p+6, 0x1.82b1d1d4738a4p+6, 
0x1.7e957afea3df7p+6, 0x1.87b9d8c6d612cp+6, 0x1.ae93804534bd7p+6, 
0x1.b9c92641b328bp+6, 0x1.ded409e55c0fdp+6, 0x1.04a09741d084fp+7, 
0x1.04abcdbbe0158p+7, 0x1.0a85512ec6bcfp+7, 0x1.0841741d084e8p+7, 
0x1.058a580c308ffp+7, 0x1.069170f7b9e06p+7, 0x1.04b8950763a19p+7, 
0x1.067c89d27c393p+7, 0x1.083887229e908p+7, 0x1.06124f8726d05p+7, 
0x1.07f87e175d13dp+7, 0x1.0748387df5cf2p+7)), class = "data.frame", row.names = c(NA, 
-120L))
