structure(list(period_id = c("1995Q1", "1995Q2", "1995Q3", "1995Q4", 
"1996Q1", "1996Q2", "1996Q3", "1996Q4", "1997Q1", "1997Q2", "1997Q3", 
"1997Q4", "1998Q1", "1998Q2", "1998Q3", "1998Q4", "1999Q1", "1999Q2", 
"1999Q3", "1999Q4", "2000Q1", "2000Q2", "2000Q3", "2000Q4", "2001Q1", 
"2001Q2", "2001Q3", "2001Q4", "2002Q1", "2002Q2", "2002Q3", "2002Q4", 
"2003Q1", "2003Q2", "2003Q3", "2003Q4", "2004Q1", "2004Q2", "2004Q3", 
"2004Q4", "2005Q1", "2005Q2", "2005Q3", "2005Q4", "2006Q1", "2006Q2", 
"2006Q3", "2006Q4", "2007Q1", "2007Q2", "2007Q3", "2007Q4", "2008Q1", 
"2008Q2", "2008Q3", "2008Q4", "2009Q1", "2009Q2", "2009Q3", "2009Q4", 
"2010Q1", "2010Q2", "2010Q3", "2010Q4", "2011Q1", "2011Q2", "2011Q3", 
"2011Q4", "2012Q1", "2012Q2", "2012Q3", "2012Q4", "2013Q1", "2013Q2", 
"2013Q3", "2013Q4", "2014Q1", "2014Q2", "2014Q3", "2014Q4", "2015Q1", 
"2015Q2", "2015Q3", "2015Q4", "2016Q1", "2016Q2", "2016Q3", "2016Q4", 
"2017Q1", "2017Q2", "2017Q3", "2017Q4", "2018Q1", "2018Q2", "2018Q3", 
"2018Q4", "2019Q1", "2019Q2", "2019Q3", "2019Q4", "2020Q1", "2020Q2", 
"2020Q3", "2020Q4", "2021Q1", "2021Q2", "2021Q3", "2021Q4", "2022Q1", 
"2022Q2", "2022Q3", "2022Q4", "2023Q1", "2023Q2", "2023Q3", "2023Q4", 
"2024Q1", "2024Q2", "2024Q3"), value = c(0x1.b8cba2be0589bp+7, 
0x1.f52d6a161e4f7p+7, 0x1.f457b8d3f1844p+7, 0x1.2bcd4d50ebaaep+8, 
0x1.ed77ac1d29dc7p+7, 0x1.2c6aa0a958538p+8, 0x1.2acaee0f3cb3ep+8, 
0x1.3f56808c8259ep+8, 0x1.1845ee78183f9p+8, 0x1.470093d966384p+8, 
0x1.6243e56473472p+8, 0x1.8052e9dd7ecbbp+8, 0x1.6ca9056c508b3p+8, 
0x1.7d4eae3a3a8e7p+8, 0x1.91955410f94c8p+8, 0x1.d25e76ea4228ap+8, 
0x1.a3c011e42e126p+8, 0x1.0980b8bef8cebp+9, 0x1.b96f23fee2c99p+8, 
0x1.06b8a9691a75dp+9, 0x1.cbd388a8b08ddp+8, 0x1.db4ffbefd0071p+8, 
0x1.0099f36ac6477p+9, 0x1.181f5f91600f3p+9, 0x1.f5d052b4d8ba4p+8, 
0x1.139e83b1d0c8p+9, 0x1.1fb9fe2a3cea7p+9, 0x1.26497bd05af6cp+9, 
0x1.f209cd7060bb3p+8, 0x1.14be8e2e2b8c7p+9, 0x1.0c6fe3c105187p+9, 
0x1.40855ec80c73bp+9, 0x1.0ad13122b7bafp+9, 0x1.372a312f4cf4ap+9, 
0x1.3767359ff4fd7p+9, 0x1.64e83a53b8e4cp+9, 0x1.3e2b081c2e33fp+9, 
0x1.599a801711948p+9, 0x1.55fbb4fe79eep+9, 0x1.85638854cdb7bp+9, 
0x1.36cca5ce5b424p+9, 0x1.5e530691ea78bp+9, 0x1.67e09a459103dp+9, 
0x1.c58249cb252cep+9, 0x1.782a059a73b43p+9, 0x1.9e7b368ad6883p+9, 
0x1.c84374d594f27p+9, 0x1.13559856a37acp+10, 0x1.ac0feed45e918p+9, 
0x1.f5b477b395c42p+9, 0x1.ebe704c48adefp+9, 0x1.054df8a0902dep+10, 
0x1.ccead1d041cc5p+9, 0x1.11d9ddca4b125p+10, 0x1.01c30b673c4f4p+10, 
0x1.ee019641f6449p+9, 0x1.4e961f644955bp+9, 0x1.60ce72a7bd48dp+9, 
0x1.556108787485ep+9, 0x1.6f4afe79ee02ap+9, 0x1.02cab09e98dcep+9, 
0x1.3ca5759ee88dfp+9, 0x1.2abef5dbb9cfap+9, 0x1.868326b723ee2p+9, 
0x1.50e3db65ecc3ep+9, 0x1.71080fe47991cp+9, 0x1.5b7d2aae29739p+9, 
0x1.831b135979182p+9, 0x1.4297abead4f59p+9, 0x1.488d51deefe5p+9, 
0x1.2c0ea31e7d999p+9, 0x1.4978acc0bdcadp+9, 0x1.7a5b0edc3bd5ap+9, 
0x1.7918e99a62ed3p+9, 0x1.45845204af923p+9, 0x1.6939d8c6d612cp+9, 
0x1.539a01c4fc1dfp+9, 0x1.4d78801711948p+9, 0x1.4104da9003eeap+9, 
0x1.5a00533b10774p+9, 0x1.5066e2c12ad82p+9, 0x1.5ae79ff4fd6d8p+9, 
0x1.52ee16ce789e7p+9, 0x1.81887210be942p+9, 0x1.6d17d66adb403p+9, 
0x1.8198b2e9ccb7dp+9, 0x1.6e144cdfaca36p+9, 0x1.9ef8fe47991bcp+9, 
0x1.99fdb1422ccb4p+9, 0x1.b228c5a8155d6p+9, 0x1.97b7851eb851fp+9, 
0x1.d09b1337eb28ep+9, 0x1.d623f90d9d777p+9, 0x1.e51a49a9973dap+9, 
0x1.cdb35011904b4p+9, 0x1.f898b81f969e4p+9, 0x1.f8e4e5eedcc21p+9, 
0x1.ee489235f8099p+9, 0x1.dc7edb402d16cp+9, 0x1.e494857f3061cp+9, 
0x1.b3c10d0edc3bdp+9, 0x1.7b7aa6a01259ap+9, 0x1.b0c181f969e3dp+9, 
0x1.c73aaf251c194p+9, 0x1.04391aa3f034bp+10, 0x1.0bb0ac36544fep+10, 
0x1.0541e2eb1c433p+10, 0x1.200a0dfdef848p+10, 0x1.40db03b3e9a7p+10, 
0x1.3a594d72799a2p+10, 0x1.349699524bfd3p+10, 0x1.353aace67d78p+10, 
0x1.64fc3dd54da4dp+10, 0x1.47433165d3997p+10, 0x1.31e323e5b8562p+10, 
0x1.3ce76da448494p+10, 0x1.67e6f190d174p+10, 0x1.46f5b1183b603p+10, 
0x1.24df1f6cacd18p+10)), class = "data.frame", row.names = c(NA, 
-119L))
