structure(list(period_id = c("1995Q1", "1995Q2", "1995Q3", "1995Q4", 
"1996Q1", "1996Q2", "1996Q3", "1996Q4", "1997Q1", "1997Q2", "1997Q3", 
"1997Q4", "1998Q1", "1998Q2", "1998Q3", "1998Q4", "1999Q1", "1999Q2", 
"1999Q3", "1999Q4", "2000Q1", "2000Q2", "2000Q3", "2000Q4", "2001Q1", 
"2001Q2", "2001Q3", "2001Q4", "2002Q1", "2002Q2", "2002Q3", "2002Q4", 
"2003Q1", "2003Q2", "2003Q3", "2003Q4", "2004Q1", "2004Q2", "2004Q3", 
"2004Q4", "2005Q1", "2005Q2", "2005Q3", "2005Q4", "2006Q1", "2006Q2", 
"2006Q3", "2006Q4", "2007Q1", "2007Q2", "2007Q3", "2007Q4", "2008Q1", 
"2008Q2", "2008Q3", "2008Q4", "2009Q1", "2009Q2", "2009Q3", "2009Q4", 
"2010Q1", "2010Q2", "2010Q3", "2010Q4", "2011Q1", "2011Q2", "2011Q3", 
"2011Q4", "2012Q1", "2012Q2", "2012Q3", "2012Q4", "2013Q1", "2013Q2", 
"2013Q3", "2013Q4", "2014Q1", "2014Q2", "2014Q3", "2014Q4", "2015Q1", 
"2015Q2", "2015Q3", "2015Q4", "2016Q1", "2016Q2", "2016Q3", "2016Q4", 
"2017Q1", "2017Q2", "2017Q3", "2017Q4", "2018Q1", "2018Q2", "2018Q3", 
"2018Q4", "2019Q1", "2019Q2", "2019Q3", "2019Q4", "2020Q1", "2020Q2", 
"2020Q3", "2020Q4", "2021Q1", "2021Q2", "2021Q3", "2021Q4", "2022Q1", 
"2022Q2", "2022Q3", "2022Q4", "2023Q1", "2023Q2", "2023Q3", "2023Q4", 
"2024Q1", "2024Q2", "2024Q3"), value = c(0x1.4150feac42e99p+7, 
0x1.6f08fdc1615ecp+7, 0x1.bd0eae3a3a8e7p+7, 0x1.b37fb890d5a5cp+7, 
0x1.773225d8d79d1p+7, 0x1.ab8820a30db6ap+7, 0x1.130b865d7cb2ep+8, 
0x1.dd22595bbbe88p+7, 0x1.781083fd50225p+7, 0x1.d7de7fd3f5b6p+7, 
0x1.50216fa82e87dp+8, 0x1.02ae6601bc98ap+8, 0x1.c9cec0b567558p+7, 
0x1.05a9a37ef5a96p+8, 0x1.6909a5119ce07p+8, 0x1.16734373f316ep+8, 
0x1.ce8a1b7e0ac7ep+7, 0x1.286e7dbb16c1ep+8, 0x1.a65f22291fb4p+8, 
0x1.3354a43bb40b3p+8, 0x1.06cb7caa7589fp+8, 0x1.4a4da8ac5c14p+8, 
0x1.e59e60f5e41d5p+8, 0x1.590df6555c52ep+8, 0x1.31cc852b4d8bap+8, 
0x1.8217379746024p+8, 0x1.093c0eb67c287p+9, 0x1.7d258e10cf5b2p+8, 
0x1.662b2990f301fp+8, 0x1.b452f42784a94p+8, 0x1.2b547fe4bcadap+9, 
0x1.d4d7a12b5e52ap+8, 0x1.7d3a7e414e7efp+8, 0x1.de449efd86a9p+8, 
0x1.4a8480c73abc9p+9, 0x1.f4b8c1a8ac5c1p+8, 0x1.aa78853c14834p+8, 
0x1.03004588a04d1p+9, 0x1.674c744b2b778p+9, 0x1.138527ed84d34p+9, 
0x1.ebb1a8ef77f28p+8, 0x1.0f77e7296f651p+9, 0x1.76116e696a26ep+9, 
0x1.4648658c4bd34p+9, 0x1.1d18333764f12p+9, 0x1.33f6fb3b75211p+9, 
0x1.9a1525fe974a3p+9, 0x1.6e8dbfd71b047p+9, 0x1.4ccc663c74fb5p+9, 
0x1.6be233eff195p+9, 0x1.079d6b2af1455p+10, 0x1.c3d249b1fab97p+9, 
0x1.87b248cf7caa7p+9, 0x1.b967b1a6d699p+9, 0x1.238a092ccf6bep+10, 
0x1.e5cc714fce747p+9, 0x1.75e7199bb2789p+9, 0x1.989d9c304cceep+9, 
0x1.141de568a505p+10, 0x1.b4cf8a43bb40bp+9, 0x1.7a4c2e770bd01p+9, 
0x1.b14a65add9c28p+9, 0x1.1b182f9873ffbp+10, 0x1.d37f46aa087cap+9, 
0x1.97ef4a90470a8p+9, 0x1.c0d5cc6c54bcfp+9, 0x1.2aed15831f03dp+10, 
0x1.d7278fde2ef4ep+9, 0x1.9b681a0cf1801p+9, 0x1.d78bf5f91600fp+9, 
0x1.2915f46ed245bp+10, 0x1.0297049235f81p+10, 0x1.929385dfa871ap+9, 
0x1.c9cee1a3f4667p+9, 0x1.2752626b2f23p+10, 0x1.076e240b78034p+10, 
0x1.caf6f861a60d4p+9, 0x1.0581528283d36p+10, 0x1.2966ae8e1d649p+10, 
0x1.11c59c62a1b5cp+10, 0x1.c52c35bd512ecp+9, 0x1.08e50fcb4f1e5p+10, 
0x1.3924c3c9eeccp+10, 0x1.0f0cfe32a0664p+10, 0x1.ddbe9fd7a13c2p+9, 
0x1.0de1593a2df93p+10, 0x1.4389bb0e5e679p+10, 0x1.36400e51d25abp+10, 
0x1.0dab813879c41p+10, 0x1.2b51aa7ded6bbp+10, 0x1.6fa03c74fb54ap+10, 
0x1.5b90856605ee5p+10, 0x1.1f7ec9e6687f4p+10, 0x1.4b1086013660ep+10, 
0x1.85a1647778dd6p+10, 0x1.6c9fac3eb7cbbp+10, 0x1.3889a95c853c1p+10, 
0x1.5ebcd62bf11f9p+10, 0x1.9176df58c08b7p+10, 0x1.73fd4b87bdcfp+10, 
0x1.4a26e4fb97bb7p+10, 0x1.0cbafea3df6dcp+10, 0x1.4cc33eb399f5ep+10, 
0x1.54f12c27a6373p+10, 0x1.23c9eedcc20d5p+10, 0x1.581e2224edf61p+10, 
0x1.d7844944ed6fep+10, 0x1.c991c258d5843p+10, 0x1.7f0a596c82e02p+10, 
0x1.d473cfb762d84p+10, 0x1.1bc176dfc5cddp+11, 0x1.fb0c556d19dedp+10, 
0x1.a78619e30015p+10, 0x1.e9d95e6ff7dfap+10, 0x1.244621101b003p+11, 
0x1.0e7429e6eeb7p+11, 0x1.aea0f52b90a78p+10, 0x1.02c761b2a27f2p+11, 
0x1.362b5c4651f3fp+11)), class = "data.frame", row.names = c(NA, 
-119L))
