structure(list(period_id = c("1995Q1", "1995Q2", "1995Q3", "1995Q4", 
"1996Q1", "1996Q2", "1996Q3", "1996Q4", "1997Q1", "1997Q2", "1997Q3", 
"1997Q4", "1998Q1", "1998Q2", "1998Q3", "1998Q4", "1999Q1", "1999Q2", 
"1999Q3", "1999Q4", "2000Q1", "2000Q2", "2000Q3", "2000Q4", "2001Q1", 
"2001Q2", "2001Q3", "2001Q4", "2002Q1", "2002Q2", "2002Q3", "2002Q4", 
"2003Q1", "2003Q2", "2003Q3", "2003Q4", "2004Q1", "2004Q2", "2004Q3", 
"2004Q4", "2005Q1", "2005Q2", "2005Q3", "2005Q4", "2006Q1", "2006Q2", 
"2006Q3", "2006Q4", "2007Q1", "2007Q2", "2007Q3", "2007Q4", "2008Q1", 
"2008Q2", "2008Q3", "2008Q4", "2009Q1", "2009Q2", "2009Q3", "2009Q4", 
"2010Q1", "2010Q2", "2010Q3", "2010Q4", "2011Q1", "2011Q2", "2011Q3", 
"2011Q4", "2012Q1", "2012Q2", "2012Q3", "2012Q4", "2013Q1", "2013Q2", 
"2013Q3", "2013Q4", "2014Q1", "2014Q2", "2014Q3", "2014Q4", "2015Q1", 
"2015Q2", "2015Q3", "2015Q4", "2016Q1", "2016Q2", "2016Q3", "2016Q4", 
"2017Q1", "2017Q2", "2017Q3", "2017Q4", "2018Q1", "2018Q2", "2018Q3", 
"2018Q4", "2019Q1", "2019Q2", "2019Q3", "2019Q4", "2020Q1", "2020Q2", 
"2020Q3", "2020Q4", "2021Q1", "2021Q2", "2021Q3", "2021Q4", "2022Q1", 
"2022Q2", "2022Q3", "2022Q4", "2023Q1", "2023Q2", "2023Q3", "2023Q4", 
"2024Q1", "2024Q2", "2024Q3", "2024Q4"), value = c(0x1.443993b3a68b2p+7, 
0x1.9987c2656abdep+7, 0x1.d2b6a3df6db94p+7, 0x1.cc6bda72a7bd5p+7, 
0x1.da40b1bbcf4e8p+7, 0x1.c18e71044f1a2p+7, 0x1.c7387fcb923a3p+7, 
0x1.8d3e1cffeb075p+7, 0x1.c06a04af92296p+7, 0x1.19c4da3c21188p+8, 
0x1.c31d579af1887p+7, 0x1.be9a97396d091p+7, 0x1.d176b52c9d17p+7, 
0x1.fbd7b6fe2e6ebp+7, 0x1.11d04e3ffef39p+8, 0x1.176f85a4f00efp+8, 
0x1.25ab4bc6a7efap+8, 0x1.790777af64064p+8, 0x1.eec50331e3a7ep+7, 
0x1.1cd87abfb9bedp+8, 0x1.2bf3345069a4ep+8, 0x1.1eb218ce2d1f2p+8, 
0x1.1ecad9ad85dfbp+8, 0x1.24bb75d9a0f0ap+8, 0x1.219af8bdec5f4p+8, 
0x1.2ceeaf35e310ep+8, 0x1.34028bc169c24p+8, 0x1.3ebcfb00bcbe6p+8, 
0x1.49563cd9a5226p+8, 0x1.3fe5851654d62p+8, 0x1.56cb26bf8769fp+8, 
0x1.58a138de6ddfp+8, 0x1.5dbbdf090f734p+8, 0x1.6e41e7210be94p+8, 
0x1.744b6f8f04146p+8, 0x1.a18f7aa25d8d8p+8, 0x1.8eba539756c94p+8, 
0x1.9681a2d72ffd2p+8, 0x1.b30ef901083dcp+8, 0x1.b794f29d40eep+8, 
0x1.a9f1e774eebf6p+8, 0x1.bc1ebb55ac04p+8, 0x1.acacc5c9a34cap+8, 
0x1.a719b25f633cep+8, 0x1.a9ef58298cc14p+8, 0x1.c0bfd61f5be5ep+8, 
0x1.bbc6ba16e7a31p+8, 0x1.d0335d78811b2p+8, 0x1.df8a3fcc9ea9ap+8, 
0x1.f9e1154866a12p+8, 0x1.0533414a4d2b3p+9, 0x1.0ba0a6a01259ap+9, 
0x1.1a04d70e6f2e9p+9, 0x1.1ebc0bc382a13p+9, 0x1.126e4ead0c3d2p+9, 
0x1.050526aec0725p+9, 0x1.e2dc2aed13943p+8, 0x1.ead07e7c06e1ap+8, 
0x1.04b96dca07f67p+9, 0x1.030b5fe542e55p+9, 0x1.0c3a89ca18bd6p+9, 
0x1.fa7d8255b035cp+8, 0x1.f20d67125dd09p+8, 0x1.ef2e60d4562e1p+8, 
0x1.e9ca7c5ac471bp+8, 0x1.e1505b39e279ep+8, 0x1.d77e6c5d206c8p+8, 
0x1.da01fc5cdd50bp+8, 0x1.c5ebffac1d29ep+8, 0x1.acb6dadb8348fp+8, 
0x1.9b949b951c5c5p+8, 0x1.89703dddb120ap+8, 0x1.79494ccab3edep+8, 
0x1.9d12dbc664d3cp+8, 0x1.76f3adafd1138p+8, 0x1.7907483cafb3bp+8, 
0x1.7a830c564f97fp+8, 0x1.906ac98e53eb4p+8, 0x1.9f63e79ee02a7p+8, 
0x1.a8f50c0ad03dap+8, 0x1.ae66c204f2aep+8, 0x1.b07ea6c1a048ep+8, 
0x1.bd293faf42785p+8, 0x1.c0afd4f15e7c9p+8, 0x1.d234bc8c0ce92p+8, 
0x1.df38d8ba40d91p+8, 0x1.e94d37d1fe64fp+8, 0x1.fe44c814d727ap+8, 
0x1.0dbe853c14834p+9, 0x1.13dd12a94ffp+9, 0x1.128f2acfb762ep+9, 
0x1.1bbea350d2807p+9, 0x1.18e74c76d117bp+9, 0x1.1e69bc23315d7p+9, 
0x1.1f46c3dab5c3ap+9, 0x1.232cedfe75bc4p+9, 0x1.343e2e2328f9fp+9, 
0x1.2cc5cd573647cp+9, 0x1.3073b940fecddp+9, 0x1.3a77f97247454p+9, 
0x1.0c5321f6cacd2p+9, 0x1.1115290257c91p+9, 0x1.558b55ef1fddfp+9, 
0x1.0e2cd24e160d9p+9, 0x1.653f3250b5244p+9, 0x1.7cc89e236c15dp+9, 
0x1.926161c36976cp+9, 0x1.9eeac0f88334p+9, 0x1.6e97b3c81908ep+9, 
0x1.8688c9afe1da8p+9, 0x1.a159a52ac753ep+9, 0x1.b2d0b68cef673p+9, 
0x1.aa3400431bde8p+9, 0x1.b4fe873bc903fp+9, 0x1.a6866df82b1f7p+9, 
0x1.b5748522ea0fdp+9, 0x1.ca55825e13b19p+9, 0x1.c41be86833c6p+9, 
0x1.c55a780fdc161p+9, 0x1.bb70d7625204bp+9)), class = "data.frame", row.names = c(NA, 
-120L))
