structure(list(period_id = c("2005Q1", "2005Q2", "2005Q3", "2005Q4", 
"2006Q1", "2006Q2", "2006Q3", "2006Q4", "2007Q1", "2007Q2", "2007Q3", 
"2007Q4", "2008Q1", "2008Q2", "2008Q3", "2008Q4", "2009Q1", "2009Q2", 
"2009Q3", "2009Q4", "2010Q1", "2010Q2", "2010Q3", "2010Q4", "2011Q1", 
"2011Q2", "2011Q3", "2011Q4", "2012Q1", "2012Q2", "2012Q3", "2012Q4", 
"2013Q1", "2013Q2", "2013Q3", "2013Q4", "2014Q1", "2014Q2", "2014Q3", 
"2014Q4", "2015Q1", "2015Q2", "2015Q3", "2015Q4", "2016Q1", "2016Q2", 
"2016Q3", "2016Q4", "2017Q1", "2017Q2", "2017Q3", "2017Q4", "2018Q1", 
"2018Q2", "2018Q3", "2018Q4", "2019Q1", "2019Q2", "2019Q3", "2019Q4", 
"2020Q1", "2020Q2", "2020Q3", "2020Q4", "2021Q1", "2021Q2", "2021Q3", 
"2021Q4", "2022Q1", "2022Q2", "2022Q3", "2022Q4", "2023Q1", "2023Q2", 
"2023Q3", "2023Q4", "2024Q1", "2024Q2", "2024Q3"), value = c(0x1.c8f492146a1a5p+7, 
-0x1.b4fd0e12e83a1p+4, 0x1.f8efb6dca07f6p+5, 0x1.211e47dc37a3ep+8, 
0x1.18060afa2f05ap+8, -0x1.577154003254ep+1, 0x1.6b4b2a497fa5dp+7, 
0x1.79880980b242p+8, 0x1.bf94f7985271cp+8, 0x1.d04d83c6c97d9p+7, 
0x1.4f32bbdbe3c1p+8, 0x1.1cb685caafbc2p+9, 0x1.49bc8a697aedep+8, 
0x1.a57937f38c543p+7, 0x1.866c2b302f72bp+8, 0x1.9c5cf20642396p+8, 
0x1.71095208e1501p+5, -0x1.cff80474d9c6bp+7, -0x1.322f1a9fbe76dp+3, 
-0x1.67d116a8b8f15p+5, 0x1.02ab18116ebd5p+7, 0x1.be35019f3c70dp+5, 
0x1.d0a62ed352221p+6, 0x1.6a8f1c53f39d2p+7, 0x1.cefeaf78feef6p+8, 
0x1.80091947cfa27p+7, 0x1.ad19795b35b0cp+6, -0x1.a820192a73711p+6, 
0x1.2c576b5d462c3p+8, -0x1.9a12c7b890d5ap+5, -0x1.7f3d20afa2f06p+6, 
-0x1.077e744b2b778p+8, 0x1.ee44a9478c869p+4, 0x1.c303e963dc487p+4, 
-0x1.14d48882f0e0bp+1, -0x1.2b0ae21101bp+6, 0x1.dbd5d8d79d0a6p+6, 
0x1.371c7da1ec4e7p+6, 0x1.13c8d3f1843c4p+6, -0x1.2d404534bd76fp+7, 
0x1.867a3a08398a6p+6, 0x1.257ca148ba83fp+6, 0x1.d4eaa79bbadc1p+6, 
-0x1.30841248d7e02p+6, 0x1.e2294ea077037p+6, 0x1.701999bb2788ep+7, 
0x1.27f1702e6644ep+7, -0x1.94043c3a42f1fp+4, 0x1.bf00a5accd53p+7, 
0x1.1619b9c7368adp+8, 0x1.932769ca9ef52p+7, 0x1.6cac4dec1c1d7p+5, 
0x1.40041248d7e02p+8, 0x1.f6e52b2bfdb4dp+7, 0x1.439aafcce1c58p+8, 
0x1.c135f1bef49cfp+4, 0x1.3a270c34c1a8bp+7, -0x1.049b291b823c8p+5, 
0x1.67ceef4e0114dp+8, 0x1.0f52ef0ae5365p+5, 0x1.a7f79463cfb33p+7, 
0x1.16cd59d55e6bcp+6, -0x1.94171fff79c84p+6, 0x1.6c358f0c77dd8p+8, 
0x1.4417c3504c48bp+7, 0x1.b55aeec7c957dp+8, 0x1.953f2c5197a25p+7, 
0x1.61bc6327ed84dp+4, 0x1.54566defc7a3ap+9, 0x1.1699ae2541d8fp+9, 
0x1.322e1b8ed1bf8p+7, 0x1.e49878316a055p+4, 0x1.37b4b90214ad3p+6, 
0x1.1075faebc408ep+6, 0x1.70613ee5eedccp+7, 0x1.def9c3265addap+7, 
0x1.42e2fe60c38f3p+7, 0x1.3b095f88fc936p+8, -0x1.ca9f15a4acf31p+4
)), class = "data.frame", row.names = c(NA, -79L))
