structure(list(period_id = c("1995Q1", "1995Q2", "1995Q3", "1995Q4", 
"1996Q1", "1996Q2", "1996Q3", "1996Q4", "1997Q1", "1997Q2", "1997Q3", 
"1997Q4", "1998Q1", "1998Q2", "1998Q3", "1998Q4", "1999Q1", "1999Q2", 
"1999Q3", "1999Q4", "2000Q1", "2000Q2", "2000Q3", "2000Q4", "2001Q1", 
"2001Q2", "2001Q3", "2001Q4", "2002Q1", "2002Q2", "2002Q3", "2002Q4", 
"2003Q1", "2003Q2", "2003Q3", "2003Q4", "2004Q1", "2004Q2", "2004Q3", 
"2004Q4", "2005Q1", "2005Q2", "2005Q3", "2005Q4", "2006Q1", "2006Q2", 
"2006Q3", "2006Q4", "2007Q1", "2007Q2", "2007Q3", "2007Q4", "2008Q1", 
"2008Q2", "2008Q3", "2008Q4", "2009Q1", "2009Q2", "2009Q3", "2009Q4", 
"2010Q1", "2010Q2", "2010Q3", "2010Q4", "2011Q1", "2011Q2", "2011Q3", 
"2011Q4", "2012Q1", "2012Q2", "2012Q3", "2012Q4", "2013Q1", "2013Q2", 
"2013Q3", "2013Q4", "2014Q1", "2014Q2", "2014Q3", "2014Q4", "2015Q1", 
"2015Q2", "2015Q3", "2015Q4", "2016Q1", "2016Q2", "2016Q3", "2016Q4", 
"2017Q1", "2017Q2", "2017Q3", "2017Q4", "2018Q1", "2018Q2", "2018Q3", 
"2018Q4", "2019Q1", "2019Q2", "2019Q3", "2019Q4", "2020Q1", "2020Q2", 
"2020Q3", "2020Q4", "2021Q1", "2021Q2", "2021Q3", "2021Q4", "2022Q1", 
"2022Q2", "2022Q3", "2022Q4", "2023Q1", "2023Q2", "2023Q3", "2023Q4", 
"2024Q1", "2024Q2", "2024Q3", "2024Q4", "2025Q1"), value = c(0x1.443993b3a68b2p+7, 
0x1.9987c2656abdep+7, 0x1.d2b6a3df6db94p+7, 0x1.cc6bda72a7bd5p+7, 
0x1.da40b1bbcf4e8p+7, 0x1.c18e71044f1a2p+7, 0x1.c7387fcb923a3p+7, 
0x1.8d3e1cffeb075p+7, 0x1.c06a04af92296p+7, 0x1.19c4da3c21188p+8, 
0x1.c31d579af1887p+7, 0x1.be9a97396d091p+7, 0x1.d176b52c9d17p+7, 
0x1.fbd7b6fe2e6ebp+7, 0x1.11d04e3ffef39p+8, 0x1.176f85a4f00efp+8, 
0x1.25ab4bc6a7efap+8, 0x1.790777af64064p+8, 0x1.eec50331e3a7ep+7, 
0x1.1cd87abfb9bedp+8, 0x1.2bf3345069a4ep+8, 0x1.1eb218ce2d1f2p+8, 
0x1.1ecad9ad85dfbp+8, 0x1.24bb75d9a0f0ap+8, 0x1.219af8bdec5f4p+8, 
0x1.2ceeaf35e310ep+8, 0x1.34028bc169c24p+8, 0x1.3ebcfb00bcbe6p+8, 
0x1.49563cd9a5226p+8, 0x1.3fe5851654d62p+8, 0x1.56cb26bf8769fp+8, 
0x1.58a138de6ddfp+8, 0x1.5dbbdf090f734p+8, 0x1.6e41e7210be94p+8, 
0x1.744b6f8f04146p+8, 0x1.a18f7aa25d8d8p+8, 0x1.8eba539756c94p+8, 
0x1.9681a2d72ffd2p+8, 0x1.b30ef901083dcp+8, 0x1.b794f29d40eep+8, 
0x1.a9f1e774eebf6p+8, 0x1.bc1ebb55ac04p+8, 0x1.acacc5c9a34cap+8, 
0x1.a719b25f633cep+8, 0x1.a9ef58298cc14p+8, 0x1.c0bfd61f5be5ep+8, 
0x1.bbc6ba16e7a31p+8, 0x1.d0335d78811b2p+8, 0x1.df8a3fcc9ea9ap+8, 
0x1.f9e1154866a12p+8, 0x1.0533414a4d2b3p+9, 0x1.0ba0a6a01259ap+9, 
0x1.1a04d70e6f2e9p+9, 0x1.1ebc0bc382a13p+9, 0x1.126e4ead0c3d2p+9, 
0x1.050526aec0725p+9, 0x1.e2dc2aed13943p+8, 0x1.ead07e7c06e1ap+8, 
0x1.04b96dca07f67p+9, 0x1.030b5fe542e55p+9, 0x1.0c2525cc42635p+9, 
0x1.fa8612839042ep+8, 0x1.f20e6a337a80dp+8, 0x1.ef2f63b256ffcp+8, 
0x1.e9945da6a4441p+8, 0x1.e15eea960b6fap+8, 0x1.d77f34f82f512p+8, 
0x1.d9e8a83b1d0c8p+8, 0x1.c5d4ef240fa9cp+8, 0x1.acb701c92ddbep+8, 
0x1.9b8c4e618ce2dp+8, 0x1.895d6d7e889c2p+8, 0x1.79571055b8994p+8, 
0x1.9d03682730c67p+8, 0x1.76da8ac5c13fdp+8, 0x1.78f9b8bac710dp+8, 
0x1.7a9c737974602p+8, 0x1.905bd30ad46f6p+8, 0x1.9f44ac3a860ddp+8, 
0x1.a8e85fd04a2fdp+8, 0x1.ae65f78359bc3p+8, 0x1.b073de0d66f0dp+8, 
0x1.bd23c2dadb835p+8, 0x1.c0b56d5cfaacep+8, 0x1.d20b86b15f89p+8, 
0x1.df1f6a0dbad3ap+8, 0x1.e96bbf727136ap+8, 0x1.fe559dece5711p+8, 
0x1.0d9aaf145521ap+9, 0x1.13c537c99ae92p+9, 0x1.12a712556d19ep+9, 
0x1.1bcc4ea4a8c15p+9, 0x1.18bc0fb224aaep+9, 0x1.1e57415b1422dp+9, 
0x1.1f595f3519bd4p+9, 0x1.234a3b03e20cdp+9, 0x1.340557cd466f5p+9, 
0x1.2cb0b228dc982p+9, 0x1.306d564302b41p+9, 0x1.3ab470b8cfbfcp+9, 
0x1.0c362163fdd66p+9, 0x1.10fb198aeb80fp+9, 0x1.555ac7eae5bc8p+9, 
0x1.0e652146a1a5p+9, 0x1.65213a365cb36p+9, 0x1.7ca969014b59ap+9, 
0x1.92418d045fe11p+9, 0x1.9f54133c1ce6cp+9, 0x1.6e3ceab7995eep+9, 
0x1.864b20b8066c3p+9, 0x1.a17ff43c7d5edp+9, 0x1.b3905af6c69b6p+9, 
0x1.a94409246bf01p+9, 0x1.b4757cdcca70dp+9, 0x1.a70ab7fe08afp+9, 
0x1.b713e00d1b717p+9, 0x1.c8554efcbd556p+9, 0x1.c3010dbf0563fp+9, 
0x1.c65ba3a8e7147p+9, 0x1.be685e56cd6c3p+9, 0x1.c9450c5eb313cp+9
)), class = "data.frame", row.names = c(NA, -121L))
