structure(list(period_id = c("1995Q1", "1995Q2", "1995Q3", "1995Q4", 
"1996Q1", "1996Q2", "1996Q3", "1996Q4", "1997Q1", "1997Q2", "1997Q3", 
"1997Q4", "1998Q1", "1998Q2", "1998Q3", "1998Q4", "1999Q1", "1999Q2", 
"1999Q3", "1999Q4", "2000Q1", "2000Q2", "2000Q3", "2000Q4", "2001Q1", 
"2001Q2", "2001Q3", "2001Q4", "2002Q1", "2002Q2", "2002Q3", "2002Q4", 
"2003Q1", "2003Q2", "2003Q3", "2003Q4", "2004Q1", "2004Q2", "2004Q3", 
"2004Q4", "2005Q1", "2005Q2", "2005Q3", "2005Q4", "2006Q1", "2006Q2", 
"2006Q3", "2006Q4", "2007Q1", "2007Q2", "2007Q3", "2007Q4", "2008Q1", 
"2008Q2", "2008Q3", "2008Q4", "2009Q1", "2009Q2", "2009Q3", "2009Q4", 
"2010Q1", "2010Q2", "2010Q3", "2010Q4", "2011Q1", "2011Q2", "2011Q3", 
"2011Q4", "2012Q1", "2012Q2", "2012Q3", "2012Q4", "2013Q1", "2013Q2", 
"2013Q3", "2013Q4", "2014Q1", "2014Q2", "2014Q3", "2014Q4", "2015Q1", 
"2015Q2", "2015Q3", "2015Q4", "2016Q1", "2016Q2", "2016Q3", "2016Q4", 
"2017Q1", "2017Q2", "2017Q3", "2017Q4", "2018Q1", "2018Q2", "2018Q3", 
"2018Q4", "2019Q1", "2019Q2", "2019Q3", "2019Q4", "2020Q1", "2020Q2", 
"2020Q3", "2020Q4", "2021Q1", "2021Q2", "2021Q3", "2021Q4", "2022Q1", 
"2022Q2", "2022Q3", "2022Q4", "2023Q1", "2023Q2", "2023Q3", "2023Q4", 
"2024Q1", "2024Q2", "2024Q3", "2024Q4", "2025Q1", "2025Q2"), 
    value = c(0x1.ca511dffc547ap+5, 0x1.d6359bc33f855p+5, 0x1.e2d0da5daf07cp+5, 
    0x1.f637f950b955fp+5, 0x1.005a0f0a5efe9p+6, 0x1.06b59253543afp+6, 
    0x1.10795dd4c76d1p+6, 0x1.11b293d102bc7p+6, 0x1.38e9068986fcep+6, 
    0x1.4502c3c9eeccp+6, 0x1.4db3f24d8fd5dp+6, 0x1.58b01d5c31594p+6, 
    0x1.639821f2990f3p+6, 0x1.6cb957cd466f5p+6, 0x1.7d65f202107b8p+6, 
    0x1.959c8eef1bac3p+6, 0x1.b1b0ec743201p+6, 0x1.db4a415f45e0bp+6, 
    0x1.ed5898f605ab4p+6, 0x1.f0f6694898f6p+6, 0x1.edd8f861a60d4p+6, 
    0x1.efc141e9af5bap+6, 0x1.05defed63454ap+7, 0x1.079ebd2b6f199p+7, 
    0x1.1e6a8cbd1244ap+7, 0x1.23d02235b4edbp+7, 0x1.29b1cef240faap+7, 
    0x1.3c3e260b2c83fp+7, 0x1.457196b7670ap+7, 0x1.4cbd5ed06fef8p+7, 
    0x1.4da3a365cb35fp+7, 0x1.4f95147f13059p+7, 0x1.3ac2f2f9874p+7, 
    0x1.3d2f0b06c43f6p+7, 0x1.41c93660e51d2p+7, 0x1.518d01e2584f5p+7, 
    0x1.5ef2f6e82949ap+7, 0x1.7724c165907d9p+7, 0x1.79c10c2c5e2cep+7, 
    0x1.743cd0dcfcc5cp+7, 0x1.7330be2f7b17dp+7, 0x1.77a2f837b4a23p+7, 
    0x1.88e202b841249p+7, 0x1.9918cb6c7a7cap+7, 0x1.a2fb3508f648cp+7, 
    0x1.8620650e7792p+7, 0x1.ac2b0ec311623p+7, 0x1.ca7d41fa76534p+7, 
    0x1.c9e7e2a3cea6cp+7, 0x1.c26d1e321a2e8p+7, 0x1.d50e5cb35f3d8p+7, 
    0x1.de806b9c304cdp+7, 0x1.d93b6390c9108p+7, 0x1.0915a3f4666edp+8, 
    0x1.f899b003686a5p+7, 0x1.f9c3480a5accdp+7, 0x1.0185696e58a33p+8, 
    0x1.073757928e0cap+8, 0x1.0a5e25529fep+8, 0x1.11835cf2495e1p+8, 
    0x1.1a7000c9539b9p+8, 0x1.1e4204e1e7104p+8, 0x1.1c3922a6f3f53p+8, 
    0x1.1bdf48e4756p+8, 0x1.1a5674f2f123cp+8, 0x1.19f1c90c4dec2p+8, 
    0x1.1bba5a682b628p+8, 0x1.19adc9b413986p+8, 0x1.18eb7a1c25d07p+8, 
    0x1.17be3443d46b2p+8, 0x1.15f23f8982cb2p+8, 0x1.18af3300de4c5p+8, 
    0x1.1ada06a6e32e4p+8, 0x1.1ea2ac753e708p+8, 0x1.1ca5fb0d51f82p+8, 
    0x1.18acf8b588e37p+8, 0x1.17877a4e7ab75p+8, 0x1.11f45aa2e3c53p+8, 
    0x1.11c123f67f4dcp+8, 0x1.11a8940bbb1f2p+8, 0x1.134a4f00ef135p+8, 
    0x1.14250e66cb103p+8, 0x1.17d202645e4e7p+8, 0x1.1879e8e608073p+8, 
    0x1.1688945f9df55p+8, 0x1.1a123df6db941p+8, 0x1.1a6a496ededafp+8, 
    0x1.22d862f5989dfp+8, 0x1.2bce31832fcadp+8, 0x1.31ae428d434ap+8, 
    0x1.3aa916872b021p+8, 0x1.3d8f93dd97f63p+8, 0x1.44570d844d014p+8, 
    0x1.4be1c8fb86f48p+8, 0x1.57ab9cb6848bfp+8, 0x1.67cb50c1b9735p+8, 
    0x1.70e49203a322bp+8, 0x1.850f1c10d7beap+8, 0x1.83e3a1e3eaf68p+8, 
    0x1.8928895d0b73dp+8, 0x1.836db71758e22p+8, 0x1.7763484d76ab6p+8, 
    0x1.73f6a715831fp+8, 0x1.6f437329c347fp+8, 0x1.87fe8d002e233p+8, 
    0x1.874f7aa25d8d8p+8, 0x1.982bd50225743p+8, 0x1.9fc103ea704bcp+8, 
    0x1.b28ece67d77fbp+8, 0x1.c7241d4b6a61ap+8, 0x1.d00d63cb81733p+8, 
    0x1.cf0c6f262888bp+8, 0x1.caff399f5dfecp+8, 0x1.c932a1f8e3ac1p+8, 
    0x1.c91261f18c9fbp+8, 0x1.d21815e39713bp+8, 0x1.e1382a23bff8bp+8, 
    0x1.eb0651d25aab4p+8, 0x1.eaa7ccc037931p+8, 0x1.f25b3300de4c5p+8, 
    0x1.f49c6466b1e5cp+8, 0x1.f1c7878b7a1c2p+8)), class = "data.frame", row.names = c(NA, 
-122L))
