structure(list(period_id = c("2000M01", "2000M02", "2000M03", 
"2000M04", "2000M05", "2000M06", "2000M07", "2000M08", "2000M09", 
"2000M10", "2000M11", "2000M12", "2001M01", "2001M02", "2001M03", 
"2001M04", "2001M05", "2001M06", "2001M07", "2001M08", "2001M09", 
"2001M10", "2001M11", "2001M12", "2002M01", "2002M02", "2002M03", 
"2002M04", "2002M05", "2002M06", "2002M07", "2002M08", "2002M09", 
"2002M10", "2002M11", "2002M12", "2003M01", "2003M02", "2003M03", 
"2003M04", "2003M05", "2003M06", "2003M07", "2003M08", "2003M09", 
"2003M10", "2003M11", "2003M12", "2004M01", "2004M02", "2004M03", 
"2004M04", "2004M05", "2004M06", "2004M07", "2004M08", "2004M09", 
"2004M10", "2004M11", "2004M12", "2005M01", "2005M02", "2005M03", 
"2005M04", "2005M05", "2005M06", "2005M07", "2005M08", "2005M09", 
"2005M10", "2005M11", "2005M12", "2006M01", "2006M02", "2006M03", 
"2006M04", "2006M05", "2006M06", "2006M07", "2006M08", "2006M09", 
"2006M10", "2006M11", "2006M12", "2007M01", "2007M02", "2007M03", 
"2007M04", "2007M05", "2007M06", "2007M07", "2007M08", "2007M09", 
"2007M10", "2007M11", "2007M12", "2008M01", "2008M02", "2008M03", 
"2008M04", "2008M05", "2008M06", "2008M07", "2008M08", "2008M09", 
"2008M10", "2008M11", "2008M12", "2009M01", "2009M02", "2009M03", 
"2009M04", "2009M05", "2009M06", "2009M07", "2009M08", "2009M09", 
"2009M10", "2009M11", "2009M12", "2010M01", "2010M02", "2010M03", 
"2010M04", "2010M05", "2010M06", "2010M07", "2010M08", "2010M09", 
"2010M10", "2010M11", "2010M12", "2011M01", "2011M02", "2011M03", 
"2011M04", "2011M05", "2011M06", "2011M07", "2011M08", "2011M09", 
"2011M10", "2011M11", "2011M12", "2012M01", "2012M02", "2012M03", 
"2012M04", "2012M05", "2012M06", "2012M07", "2012M08", "2012M09", 
"2012M10", "2012M11", "2012M12", "2013M01", "2013M02", "2013M03", 
"2013M04", "2013M05", "2013M06", "2013M07", "2013M08", "2013M09", 
"2013M10", "2013M11", "2013M12", "2014M01", "2014M02", "2014M03", 
"2014M04", "2014M05", "2014M06", "2014M07", "2014M08", "2014M09", 
"2014M10", "2014M11", "2014M12", "2015M01", "2015M02", "2015M03", 
"2015M04", "2015M05", "2015M06", "2015M07", "2015M08", "2015M09", 
"2015M10", "2015M11", "2015M12", "2016M01", "2016M02", "2016M03", 
"2016M04", "2016M05", "2016M06", "2016M07", "2016M08", "2016M09", 
"2016M10", "2016M11", "2016M12", "2017M01", "2017M02", "2017M03", 
"2017M04", "2017M05", "2017M06", "2017M07", "2017M08", "2017M09", 
"2017M10", "2017M11", "2017M12", "2018M01", "2018M02", "2018M03", 
"2018M04", "2018M05", "2018M06", "2018M07", "2018M08", "2018M09", 
"2018M10", "2018M11", "2018M12", "2019M01", "2019M02", "2019M03", 
"2019M04", "2019M05", "2019M06", "2019M07", "2019M08", "2019M09", 
"2019M10", "2019M11", "2019M12", "2020M01", "2020M02", "2020M03", 
"2020M04", "2020M05", "2020M06", "2020M07", "2020M08", "2020M09", 
"2020M10", "2020M11", "2020M12", "2021M01", "2021M02", "2021M03", 
"2021M04", "2021M05", "2021M06", "2021M07", "2021M08", "2021M09", 
"2021M10", "2021M11", "2021M12", "2022M01", "2022M02", "2022M03", 
"2022M04", "2022M05", "2022M06", "2022M07", "2022M08", "2022M09", 
"2022M10", "2022M11", "2022M12", "2023M01", "2023M02", "2023M03", 
"2023M04", "2023M05", "2023M06", "2023M07", "2023M08", "2023M09", 
"2023M10", "2023M11", "2023M12", "2024M01", "2024M02", "2024M03", 
"2024M04", "2024M05", "2024M06", "2024M07", "2024M08", "2024M09", 
"2024M10", "2024M11", "2024M12", "2025M01", "2025M02", "2025M03", 
"2025M04", "2025M05"), value = c(0x1.728d07f1ad3dbp+19, 0x1.736571b643c9ep+19, 
0x1.74293c4037f8p+19, 0x1.74d2829aa8dccp+19, 0x1.756f2cd5383f2p+19, 
0x1.7604e49a28799p+19, 0x1.76a04a15f9714p+19, 0x1.771ba56f3ce55p+19, 
0x1.7798a2614c056p+19, 0x1.77e813f7ef19ap+19, 0x1.784e47c2f41ebp+19, 
0x1.78a137166c496p+19, 0x1.78e5e4e461adbp+19, 0x1.7901a0e1c4d6p+19, 
0x1.7937843fc869bp+19, 0x1.797bc0ef54465p+19, 0x1.7999017f68479p+19, 
0x1.79a182befaf2ep+19, 0x1.79a1674c99eabp+19, 0x1.7994db67f6431p+19, 
0x1.794aa635d3feep+19, 0x1.790c86f534e5cp+19, 0x1.78faf16ac48d1p+19, 
0x1.791ad31f0defbp+19, 0x1.7910f5264d79bp+19, 0x1.79076f73f4952p+19, 
0x1.78c4f577910e3p+19, 0x1.788c60415ccacp+19, 0x1.789e38efa0b0dp+19, 
0x1.78b5aa0d4d25dp+19, 0x1.78c736ae130ffp+19, 0x1.78cbe046c95aap+19, 
0x1.78d51f806c6aap+19, 0x1.78f25f71d73f3p+19, 0x1.78f65c584f2d5p+19, 
0x1.791172ada441ep+19, 0x1.794329bf4980fp+19, 0x1.7951411b1d1ecp+19, 
0x1.794614ef1ca32p+19, 0x1.7932804295f6cp+19, 0x1.7901d54132794p+19, 
0x1.78f0d0fc70a2fp+19, 0x1.78ec80c99cc4dp+19, 0x1.78fac014ce9ep+19, 
0x1.77e0322464f9bp+19, 0x1.785feedbc9a61p+19, 0x1.78a2acd9372e4p+19, 
0x1.787c5db0efacdp+19, 0x1.784b8f55248d6p+19, 0x1.788889933ff02p+19, 
0x1.790c2cded883fp+19, 0x1.79608f834a9fp+19, 0x1.7992716d6dcfap+19, 
0x1.79b3d27e3be4dp+19, 0x1.79e7a6ce5a00bp+19, 0x1.7a4a3908dcdd6p+19, 
0x1.7abf8a1be74d6p+19, 0x1.7b15ab5bd1f52p+19, 0x1.7b4efc2425a87p+19, 
0x1.7b19d891321d7p+19, 0x1.7c4e1d9eac11p+19, 0x1.7c9a908d3c2c6p+19, 
0x1.7cc09576fb737p+19, 0x1.7d171c0b630ffp+19, 0x1.7d6ce9038ade9p+19, 
0x1.7d986a6fbcb1bp+19, 0x1.7dd891fe6114ap+19, 0x1.7e22d6332b726p+19, 
0x1.7e5b6f58e6f5ep+19, 0x1.7e6d8e3398f88p+19, 0x1.7eb0498d18ef6p+19, 
0x1.7efc5f469912dp+19, 0x1.7f334de70c66fp+19, 0x1.7f8e1fda86c1ap+19, 
0x1.8029e7f96dba4p+19, 0x1.80cde07c331aap+19, 0x1.81bb4013ba319p+19, 
0x1.82d529a2faf92p+19, 0x1.838e3770a898bp+19, 0x1.8442f7b08922p+19, 
0x1.8518696945605p+19, 0x1.862d6de27f45dp+19, 0x1.875f293163633p+19, 
0x1.88678aefb1024p+19, 0x1.898a22b23bd5bp+19, 0x1.8acd9a49d08a9p+19, 
0x1.8c2188d125427p+19, 0x1.8d767aba3b5b8p+19, 0x1.8e9bd5f929c2dp+19, 
0x1.8fa793dcb9ab7p+19, 0x1.90ae7b93819efp+19, 0x1.9189ff6b85d4cp+19, 
0x1.9276060fe3e45p+19, 0x1.93d298b9899aep+19, 0x1.952d88a74b45dp+19, 
0x1.9698fdf1d467cp+19, 0x1.9841c5efb20c8p+19, 0x1.99b338125ff29p+19, 
0x1.9ac44dc1e5cdap+19, 0x1.9bc415e9ec86p+19, 0x1.9c9cc65a1369cp+19, 
0x1.9d33579a63c14p+19, 0x1.9d946e45023a6p+19, 0x1.9e0b62101ddeap+19, 
0x1.9ec8329d8e24p+19, 0x1.9ef045b3a5c72p+19, 0x1.9e53371adaffcp+19, 
0x1.9df387844ab11p+19, 0x1.9baf47763095cp+19, 0x1.99df7ce21851cp+19, 
0x1.980a7f4539303p+19, 0x1.96473cbb680dbp+19, 0x1.94a7a8954582dp+19, 
0x1.935e09e7b1f64p+19, 0x1.928e21405dbcp+19, 0x1.91a19ebc3fbd4p+19, 
0x1.90408070a0c26p+19, 0x1.8d7415e1ef89cp+19, 0x1.8d52ab7d2fe62p+19, 
0x1.8d4aff7864bd6p+19, 0x1.8d0d6cdf13c29p+19, 0x1.8cb541ca478f9p+19, 
0x1.8c54febacec3ap+19, 0x1.8ba50733bd04cp+19, 0x1.8aecf26688287p+19, 
0x1.8a921e400da12p+19, 0x1.8a3812717e239p+19, 0x1.89b665f9aa0dep+19, 
0x1.895ad166d0ca6p+19, 0x1.88ad716bc9923p+19, 0x1.87dc5c15b0deep+19, 
0x1.837e93cc15acbp+19, 0x1.832755d46c48bp+19, 0x1.82ddc71ecde6ep+19, 
0x1.8289b0e5d554ep+19, 0x1.829b5a51862fp+19, 0x1.82c2fa4cdbd85p+19, 
0x1.826ce3e08087cp+19, 0x1.81d5977f12558p+19, 0x1.81817263424ap+19, 
0x1.812504e1e7d32p+19, 0x1.80cef9b3ba059p+19, 0x1.80908acb06aa8p+19, 
0x1.806e47064b3e7p+19, 0x1.8024ea18250f5p+19, 0x1.7fc67dd0f3665p+19, 
0x1.7f711ce8c735ap+19, 0x1.7e9b6bf2fc1f6p+19, 0x1.7d8efcbd8acf7p+19, 
0x1.7c830ea6526bap+19, 0x1.7b7ec83ae4a1ap+19, 0x1.7aa75a3ca16d4p+19, 
0x1.799c241602207p+19, 0x1.7887826be25cp+19, 0x1.77b00cdaee347p+19, 
0x1.74e3cad34330dp+19, 0x1.743e7bfebe36p+19, 0x1.73a54824f10a3p+19, 
0x1.72e5d5d88a8c2p+19, 0x1.728244f21f18fp+19, 0x1.727f41bdcd8fp+19, 
0x1.72a033641261p+19, 0x1.72d79eb49c3eep+19, 0x1.72d137374b22fp+19, 
0x1.72d9ebb88f018p+19, 0x1.731ea87248103p+19, 0x1.7373165395f7bp+19, 
0x1.73a8eb1136291p+19, 0x1.73e19ed210ccp+19, 0x1.7411560a30712p+19, 
0x1.74864e5bf47ap+19, 0x1.754bb53e7a8ep+19, 0x1.75f5f7c93aa75p+19, 
0x1.766a7a43bc73dp+19, 0x1.76f17d2e787b1p+19, 0x1.776bd01617d5ap+19, 
0x1.7800747211fep+19, 0x1.78afc7057aaaep+19, 0x1.792d92eb9ff4p+19, 
0x1.79a529bc3338bp+19, 0x1.7a14441ff8e8dp+19, 0x1.7aab9956ce98dp+19, 
0x1.7b23a1c2bada5p+19, 0x1.7b619b7b6ee58p+19, 0x1.7b9a081901206p+19, 
0x1.7c358097270e1p+19, 0x1.7ced4f976538p+19, 0x1.7da1ddce7d78dp+19, 
0x1.7e48e24ef5b2p+19, 0x1.7ed01dd2a09bfp+19, 0x1.7f5f1cc8f3102p+19, 
0x1.7fb2a6cc6e70dp+19, 0x1.8048ce7c0b748p+19, 0x1.815bcbd33c7dp+19, 
