structure(list(period_id = c("1999Q1", "1999Q2", "1999Q3", "1999Q4", 
"2000Q1", "2000Q2", "2000Q3", "2000Q4", "2001Q1", "2001Q2", "2001Q3", 
"2001Q4", "2002Q1", "2002Q2", "2002Q3", "2002Q4", "2003Q1", "2003Q2", 
"2003Q3", "2003Q4", "2004Q1", "2004Q2", "2004Q3", "2004Q4", "2005Q1", 
"2005Q2", "2005Q3", "2005Q4", "2006Q1", "2006Q2", "2006Q3", "2006Q4", 
"2007Q1", "2007Q2", "2007Q3", "2007Q4", "2008Q1", "2008Q2", "2008Q3", 
"2008Q4", "2009Q1", "2009Q2", "2009Q3", "2009Q4", "2010Q1", "2010Q2", 
"2010Q3", "2010Q4", "2011Q1", "2011Q2", "2011Q3", "2011Q4", "2012Q1", 
"2012Q2", "2012Q3", "2012Q4", "2013Q1", "2013Q2", "2013Q3", "2013Q4", 
"2014Q1", "2014Q2", "2014Q3", "2014Q4", "2015Q1", "2015Q2", "2015Q3", 
"2015Q4", "2016Q1", "2016Q2", "2016Q3", "2016Q4", "2017Q1", "2017Q2", 
"2017Q3", "2017Q4", "2018Q1", "2018Q2", "2018Q3", "2018Q4", "2019Q1", 
"2019Q2", "2019Q3", "2019Q4", "2020Q1", "2020Q2", "2020Q3", "2020Q4", 
"2021Q1", "2021Q2", "2021Q3", "2021Q4", "2022Q1", "2022Q2", "2022Q3", 
"2022Q4", "2023Q1", "2023Q2", "2023Q3", "2023Q4", "2024Q1", "2024Q2", 
"2024Q3", "2024Q4", "2025Q1"), value = c(0x1.d9536fe2e6ea8p+7, 
0x1.0dcbf88765ba7p+8, 0x1.111a6a4441787p+8, 0x1.24dc9374bc6a8p+8, 
0x1.122e9a6f826eep+8, 0x1.35a1107faa045p+8, 0x1.30f66d04e618dp+8, 
0x1.4a597c914b168p+8, 0x1.29cf9bdc69f8cp+8, 0x1.502b718655193p+8, 
0x1.4ab5276fb092p+8, 0x1.673e37de939ebp+8, 0x1.520c4189374bcp+8, 
0x1.7f5c69d7342eep+8, 0x1.79fdb43526528p+8, 0x1.9a49bf0563ed1p+8, 
0x1.61c811f4f50ap+8, 0x1.9022b68cef673p+8, 0x1.8ae26809d4952p+8, 
0x1.aa1835dedf1e1p+8, 0x1.7215aef6f8f04p+8, 0x1.a3b16f75d9a0fp+8, 
0x1.9de8fc610f0e9p+8, 0x1.bf0ec5197a249p+8, 0x1.8811e1c15097dp+8, 
0x1.bc1e5892684cfp+8, 0x1.b5076ed677708p+8, 0x1.d839e12a51e32p+8, 
0x1.a5b89e774eebfp+8, 0x1.e3a5a62ed3522p+8, 0x1.d7bf49cf56eadp+8, 
0x1.fdd19641f6449p+8, 0x1.bb43c1df3300ep+8, 0x1.fa83b320535cap+8, 
0x1.ee534f2f123c4p+8, 0x1.0acd8d9b5e95bp+9, 0x1.011489dadfb5p+9, 
0x1.24e4e6299524cp+9, 0x1.20e227525460bp+9, 0x1.389daf4adbc66p+9, 
0x1.0a30940357a35p+9, 0x1.2c9839e6ab9b2p+9, 0x1.2bd5c5ac471b4p+9, 
0x1.44e89a0ad8a11p+9, 0x1.13fbffe6d58c9p+9, 0x1.38edefa615a8ep+9, 
0x1.33d5c64345cffp+9, 0x1.4b91b8561d43p+9, 0x1.25f3e19fc2a88p+9, 
0x1.5069349385836p+9, 0x1.471d37b07075bp+9, 0x1.6603d5b24e9c4p+9, 
0x1.18db3af74cd31p+9, 0x1.3af8f911cf356p+9, 0x1.3784c81d3aa37p+9, 
0x1.50415054ac29cp+9, 0x1.13a7af5ba2bep+9, 0x1.393e39abf3387p+9, 
0x1.362141d084e83p+9, 0x1.504c488c60cbfp+9, 0x1.116c01b435265p+9, 
0x1.3625eefe4ffc9p+9, 0x1.32e9fd71b0468p+9, 0x1.570a704bc2763p+9, 
0x1.1f93886df82b2p+9, 0x1.43181b54195cdp+9, 0x1.406f0025bfad3p+9, 
0x1.5ce10f733a8a4p+9, 0x1.2545b65ecc3e3p+9, 0x1.4ae1070fbeb9ep+9, 
0x1.45dd338f79852p+9, 0x1.5da8d84d338f8p+9, 0x1.3121c829cfdd2p+9, 
0x1.56e2d50ebaadep+9, 0x1.51ab39b024f66p+9, 0x1.6c490bae89ebap+9, 
0x1.4196886162f16p+9, 0x1.69ab1c64ba94cp+9, 0x1.65b4473cd5736p+9, 
0x1.839cd94078961p+9, 0x1.49c56312f4cf5p+9, 0x1.7489f394b7b29p+9, 
0x1.6fc4472c0e7bcp+9, 0x1.8bb061a60d456p+9, 0x1.4180c5c9a34cap+9, 
0x1.6a4a154434e33p+9, 0x1.68debb2bba98fp+9, 0x1.851dd3ed527e5p+9, 
0x1.7fc1be2b4959ep+9, 0x1.affdd1b2e59bp+9, 0x1.abfff7a4e7ab7p+9, 
0x1.cbc84606748e4p+9, 0x1.a5d3ef954eb14p+9, 0x1.db001b4bb5e0fp+9, 
0x1.d6da25742dcf4p+9, 0x1.fe9b01b866e44p+9, 0x1.ca7fa82e87d2cp+9, 
0x1.ff9b6c8b43958p+9, 0x1.f99c238da3c21p+9, 0x1.34c452c16df4p+10, 
0x1.f2302e5de15cap+9, 0x1.27ced55e6bc62p+10, 0x1.0b67281fd9ba2p+10, 
0x1.31469563a9f38p+10, 0x1.041fe9d0e992p+10)), class = "data.frame", row.names = c(NA, 
-105L))
