structure(list(period_id = c("1995Q1", "1995Q2", "1995Q3", "1995Q4", 
"1996Q1", "1996Q2", "1996Q3", "1996Q4", "1997Q1", "1997Q2", "1997Q3", 
"1997Q4", "1998Q1", "1998Q2", "1998Q3", "1998Q4", "1999Q1", "1999Q2", 
"1999Q3", "1999Q4", "2000Q1", "2000Q2", "2000Q3", "2000Q4", "2001Q1", 
"2001Q2", "2001Q3", "2001Q4", "2002Q1", "2002Q2", "2002Q3", "2002Q4", 
"2003Q1", "2003Q2", "2003Q3", "2003Q4", "2004Q1", "2004Q2", "2004Q3", 
"2004Q4", "2005Q1", "2005Q2", "2005Q3", "2005Q4", "2006Q1", "2006Q2", 
"2006Q3", "2006Q4", "2007Q1", "2007Q2", "2007Q3", "2007Q4", "2008Q1", 
"2008Q2", "2008Q3", "2008Q4", "2009Q1", "2009Q2", "2009Q3", "2009Q4", 
"2010Q1", "2010Q2", "2010Q3", "2010Q4", "2011Q1", "2011Q2", "2011Q3", 
"2011Q4", "2012Q1", "2012Q2", "2012Q3", "2012Q4", "2013Q1", "2013Q2", 
"2013Q3", "2013Q4", "2014Q1", "2014Q2", "2014Q3", "2014Q4", "2015Q1", 
"2015Q2", "2015Q3", "2015Q4", "2016Q1", "2016Q2", "2016Q3", "2016Q4", 
"2017Q1", "2017Q2", "2017Q3", "2017Q4", "2018Q1", "2018Q2", "2018Q3", 
"2018Q4", "2019Q1", "2019Q2", "2019Q3", "2019Q4", "2020Q1", "2020Q2", 
"2020Q3", "2020Q4", "2021Q1", "2021Q2", "2021Q3", "2021Q4", "2022Q1", 
"2022Q2", "2022Q3", "2022Q4", "2023Q1", "2023Q2", "2023Q3", "2023Q4", 
"2024Q1", "2024Q2", "2024Q3", "2024Q4", "2025Q1", "2025Q2"), 
    value = c(0x1.9ca5333333333p+14, 0x1.a48b99999999ap+14, 0x1.a9d999999999ap+14, 
    0x1.acd7333333333p+14, 0x1.b450ccccccccdp+14, 0x1.b70c666666666p+14, 
    0x1.b96b333333333p+14, 0x1.b98eccccccccdp+14, 0x1.b718p+14, 
    0x1.b626ccccccccdp+14, 0x1.b3bb333333333p+14, 0x1.b276p+14, 
    0x1.b20cccccccccdp+14, 0x1.b363333333333p+14, 0x1.b3ap+14, 
    0x1.b39f99999999ap+14, 0x1.b3cc666666666p+14, 0x1.b5b399999999ap+14, 
    0x1.b9bc666666666p+14, 0x1.bfp+14, 0x1.c5p+14, 0x1.c95e666666666p+14, 
    0x1.cef4p+14, 0x1.d09accccccccdp+14, 0x1.d69c666666666p+14, 
    0x1.d72cccccccccdp+14, 0x1.d92799999999ap+14, 0x1.dc61333333333p+14, 
    0x1.dc0eccccccccdp+14, 0x1.de6accccccccdp+14, 0x1.e11b333333333p+14, 
    0x1.e32599999999ap+14, 0x1.e8c3333333333p+14, 0x1.ed2e666666666p+14, 
    0x1.f25cp+14, 0x1.f5bb99999999ap+14, 0x1.fb98ccccccccdp+14, 
    0x1.00f799999999ap+15, 0x1.04ab333333333p+15, 0x1.091dccccccccdp+15, 
    0x1.0dd299999999ap+15, 0x1.1195666666666p+15, 0x1.158fp+15, 
    0x1.1a49666666666p+15, 0x1.1fc3333333333p+15, 0x1.2531333333333p+15, 
    0x1.28b0333333333p+15, 0x1.2c64ccccccccdp+15, 0x1.31fe666666666p+15, 
    0x1.342699999999ap+15, 0x1.3839333333333p+15, 0x1.3c34ccccccccdp+15, 
    0x1.3e1bp+15, 0x1.402d666666666p+15, 0x1.40f8666666666p+15, 
    0x1.3a02666666666p+15, 0x1.2feb99999999ap+15, 0x1.2e6bccccccccdp+15, 
    0x1.2fb2666666666p+15, 0x1.2fa8666666666p+15, 0x1.320e333333333p+15, 
    0x1.3661p+15, 0x1.398b99999999ap+15, 0x1.3afc333333333p+15, 
    0x1.3b64333333333p+15, 0x1.3d2699999999ap+15, 0x1.3d15666666666p+15, 
    0x1.3d59p+15, 0x1.3ce0333333333p+15, 0x1.3aap+15, 0x1.397a99999999ap+15, 
    0x1.390cccccccccdp+15, 0x1.37d9ccccccccdp+15, 0x1.38fe333333333p+15, 
    0x1.3a99333333333p+15, 0x1.3e2c666666666p+15, 0x1.3cffp+15, 
    0x1.3f9e666666666p+15, 0x1.4320ccccccccdp+15, 0x1.461bccccccccdp+15, 
    0x1.4c3c99999999ap+15, 0x1.5041ccccccccdp+15, 0x1.542199999999ap+15, 
    0x1.55ddccccccccdp+15, 0x1.56f9333333333p+15, 0x1.57dbccccccccdp+15, 
    0x1.5b24p+15, 0x1.5e3599999999ap+15, 0x1.63e6ccccccccdp+15, 
    0x1.6cb1666666666p+15, 0x1.6f8f333333333p+15, 0x1.720b99999999ap+15, 
    0x1.73c4333333333p+15, 0x1.74ea99999999ap+15, 0x1.7760666666666p+15, 
    0x1.7b34666666666p+15, 0x1.8094333333333p+15, 0x1.827dccccccccdp+15, 
    0x1.8533666666666p+15, 0x1.8793333333333p+15, 0x1.7aacccccccccdp+15, 
    0x1.59aep+15, 0x1.7307p+15, 0x1.75e1p+15, 0x1.75e1333333333p+15, 
    0x1.7b50333333333p+15, 0x1.81da99999999ap+15, 0x1.848c99999999ap+15, 
    0x1.8802666666666p+15, 0x1.8932p+15, 0x1.89afp+15, 0x1.883f666666666p+15, 
    0x1.8909ccccccccdp+15, 0x1.8a0d333333333p+15, 0x1.8893p+15, 
    0x1.8a2799999999ap+15, 0x1.8aeeccccccccdp+15, 0x1.8c1d666666666p+15, 
    0x1.8e7b333333333p+15, 0x1.91beccccccccdp+15, 0x1.948fccccccccdp+15, 
    0x1.957dccccccccdp+15)), class = "data.frame", row.names = c(NA, 
-122L))
