structure(list(period_id = c("1995Q1", "1995Q2", "1995Q3", "1995Q4", 
"1996Q1", "1996Q2", "1996Q3", "1996Q4", "1997Q1", "1997Q2", "1997Q3", 
"1997Q4", "1998Q1", "1998Q2", "1998Q3", "1998Q4", "1999Q1", "1999Q2", 
"1999Q3", "1999Q4", "2000Q1", "2000Q2", "2000Q3", "2000Q4", "2001Q1", 
"2001Q2", "2001Q3", "2001Q4", "2002Q1", "2002Q2", "2002Q3", "2002Q4", 
"2003Q1", "2003Q2", "2003Q3", "2003Q4", "2004Q1", "2004Q2", "2004Q3", 
"2004Q4", "2005Q1", "2005Q2", "2005Q3", "2005Q4", "2006Q1", "2006Q2", 
"2006Q3", "2006Q4", "2007Q1", "2007Q2", "2007Q3", "2007Q4", "2008Q1", 
"2008Q2", "2008Q3", "2008Q4", "2009Q1", "2009Q2", "2009Q3", "2009Q4", 
"2010Q1", "2010Q2", "2010Q3", "2010Q4", "2011Q1", "2011Q2", "2011Q3", 
"2011Q4", "2012Q1", "2012Q2", "2012Q3", "2012Q4", "2013Q1", "2013Q2", 
"2013Q3", "2013Q4", "2014Q1", "2014Q2", "2014Q3", "2014Q4", "2015Q1", 
"2015Q2", "2015Q3", "2015Q4", "2016Q1", "2016Q2", "2016Q3", "2016Q4", 
"2017Q1", "2017Q2", "2017Q3", "2017Q4", "2018Q1", "2018Q2", "2018Q3", 
"2018Q4", "2019Q1", "2019Q2", "2019Q3", "2019Q4", "2020Q1", "2020Q2", 
"2020Q3", "2020Q4", "2021Q1", "2021Q2", "2021Q3", "2021Q4", "2022Q1", 
"2022Q2", "2022Q3", "2022Q4", "2023Q1", "2023Q2", "2023Q3", "2023Q4", 
"2024Q1", "2024Q2", "2024Q3", "2024Q4", "2025Q1"), value = c(0x1.9c9d99999999ap+14, 
0x1.a483333333333p+14, 0x1.a9d199999999ap+14, 0x1.acd0666666666p+14, 
0x1.b45599999999ap+14, 0x1.b6f9333333333p+14, 0x1.b97cp+14, 0x1.b983333333333p+14, 
0x1.b6f4ccccccccdp+14, 0x1.b62c666666666p+14, 0x1.b3dd333333333p+14, 
0x1.b26ep+14, 0x1.b203333333333p+14, 0x1.b354666666666p+14, 0x1.b3aep+14, 
0x1.b3a599999999ap+14, 0x1.b3cp+14, 0x1.b5c3333333333p+14, 0x1.b9bd333333333p+14, 
0x1.bf1399999999ap+14, 0x1.c513333333333p+14, 0x1.c952ccccccccdp+14, 
0x1.cedd333333333p+14, 0x1.d095333333333p+14, 0x1.d6a0ccccccccdp+14, 
0x1.d722666666666p+14, 0x1.d912p+14, 0x1.dc68ccccccccdp+14, 0x1.dc0399999999ap+14, 
0x1.de68p+14, 0x1.e12799999999ap+14, 0x1.e320ccccccccdp+14, 0x1.e8beccccccccdp+14, 
0x1.ed24p+14, 0x1.f274p+14, 0x1.f5acp+14, 0x1.fb9f99999999ap+14, 
0x1.00fcccccccccdp+15, 0x1.04a699999999ap+15, 0x1.0921333333333p+15, 
0x1.0dcd99999999ap+15, 0x1.11a399999999ap+15, 0x1.158b333333333p+15, 
0x1.1a4799999999ap+15, 0x1.1fcd99999999ap+15, 0x1.252c666666666p+15, 
0x1.28a5ccccccccdp+15, 0x1.2c63p+15, 0x1.3202333333333p+15, 0x1.3421ccccccccdp+15, 
0x1.382fp+15, 0x1.3c39p+15, 0x1.3e15p+15, 0x1.4031p+15, 0x1.410599999999ap+15, 
0x1.39faccccccccdp+15, 0x1.2fe9666666666p+15, 0x1.2e6799999999ap+15, 
0x1.2fb3333333333p+15, 0x1.2fa6666666666p+15, 0x1.320a666666666p+15, 
0x1.366899999999ap+15, 0x1.398799999999ap+15, 0x1.3affccccccccdp+15, 
0x1.3b68333333333p+15, 0x1.3d2c333333333p+15, 0x1.3d11ccccccccdp+15, 
0x1.3d56ccccccccdp+15, 0x1.3ce9ccccccccdp+15, 0x1.3a9b333333333p+15, 
0x1.3972p+15, 0x1.390e666666666p+15, 0x1.37d7666666666p+15, 0x1.38f999999999ap+15, 
0x1.3aa0333333333p+15, 0x1.3e2a666666666p+15, 0x1.3cf399999999ap+15, 
0x1.3f9ap+15, 0x1.4329666666666p+15, 0x1.4620333333333p+15, 0x1.4c3299999999ap+15, 
0x1.503ap+15, 0x1.541c99999999ap+15, 0x1.55eb333333333p+15, 0x1.56e5333333333p+15, 
0x1.57e299999999ap+15, 0x1.5b1bccccccccdp+15, 0x1.5e48ccccccccdp+15, 
0x1.63e8666666666p+15, 0x1.6c93333333333p+15, 0x1.6f7fccccccccdp+15, 
0x1.7228666666666p+15, 0x1.73abp+15, 0x1.74d0ccccccccdp+15, 0x1.774dccccccccdp+15, 
0x1.7b6a666666666p+15, 0x1.8060333333333p+15, 0x1.8249333333333p+15, 
0x1.852p+15, 0x1.8803333333333p+15, 0x1.7a6accccccccdp+15, 0x1.595cp+15, 
0x1.72d4ccccccccdp+15, 0x1.769e99999999ap+15, 0x1.75c4333333333p+15, 
0x1.7aff99999999ap+15, 0x1.8191333333333p+15, 0x1.853dccccccccdp+15, 
0x1.87dfp+15, 0x1.88d3666666666p+15, 0x1.897a99999999ap+15, 0x1.88f2p+15, 
0x1.890cp+15, 0x1.89a3ccccccccdp+15, 0x1.8824p+15, 0x1.894f333333333p+15, 
0x1.8a8099999999ap+15, 0x1.8b4d99999999ap+15, 0x1.8dbb666666666p+15, 
0x1.9053ccccccccdp+15, 0x1.9245ccccccccdp+15)), class = "data.frame", row.names = c(NA, 
-121L))
