structure(list(period_id = c("1995Q1", "1995Q2", "1995Q3", "1995Q4", 
"1996Q1", "1996Q2", "1996Q3", "1996Q4", "1997Q1", "1997Q2", "1997Q3", 
"1997Q4", "1998Q1", "1998Q2", "1998Q3", "1998Q4", "1999Q1", "1999Q2", 
"1999Q3", "1999Q4", "2000Q1", "2000Q2", "2000Q3", "2000Q4", "2001Q1", 
"2001Q2", "2001Q3", "2001Q4", "2002Q1", "2002Q2", "2002Q3", "2002Q4", 
"2003Q1", "2003Q2", "2003Q3", "2003Q4", "2004Q1", "2004Q2", "2004Q3", 
"2004Q4", "2005Q1", "2005Q2", "2005Q3", "2005Q4", "2006Q1", "2006Q2", 
"2006Q3", "2006Q4", "2007Q1", "2007Q2", "2007Q3", "2007Q4", "2008Q1", 
"2008Q2", "2008Q3", "2008Q4", "2009Q1", "2009Q2", "2009Q3", "2009Q4", 
"2010Q1", "2010Q2", "2010Q3", "2010Q4", "2011Q1", "2011Q2", "2011Q3", 
"2011Q4", "2012Q1", "2012Q2", "2012Q3", "2012Q4", "2013Q1", "2013Q2", 
"2013Q3", "2013Q4", "2014Q1", "2014Q2", "2014Q3", "2014Q4", "2015Q1", 
"2015Q2", "2015Q3", "2015Q4", "2016Q1", "2016Q2", "2016Q3", "2016Q4", 
"2017Q1", "2017Q2", "2017Q3", "2017Q4", "2018Q1", "2018Q2", "2018Q3", 
"2018Q4", "2019Q1", "2019Q2", "2019Q3", "2019Q4", "2020Q1", "2020Q2", 
"2020Q3", "2020Q4", "2021Q1", "2021Q2", "2021Q3", "2021Q4", "2022Q1", 
"2022Q2", "2022Q3", "2022Q4", "2023Q1", "2023Q2", "2023Q3", "2023Q4", 
"2024Q1", "2024Q2", "2024Q3", "2024Q4", "2025Q1", "2025Q2"), 
    value = c(0x1.c3895831f03d1p+8, 0x1.d231d462c343bp+8, 0x1.dea6d080b673cp+8, 
    0x1.ebe0793dd97f6p+8, 0x1.f92b77e1b8ed2p+8, 0x1.0b3ec918e325dp+9, 
    0x1.14427a63736cep+9, 0x1.1a8451a005c46p+9, 0x1.23771d2e0e304p+9, 
    0x1.2d2e09f623077p+9, 0x1.332a27525460bp+9, 0x1.3fe9c9bc77143p+9, 
    0x1.43a0b228dc982p+9, 0x1.4cf798d8a979ep+9, 0x1.550b478c868bap+9, 
    0x1.5f59e492bc2fcp+9, 0x1.6d465564b663p+9, 0x1.77697a5f41aefp+9, 
    0x1.8556ed783dff4p+9, 0x1.8e94e9bbf0dc7p+9, 0x1.9c834562e09ffp+9, 
    0x1.a9d79e16d6dc2p+9, 0x1.ba486d373affbp+9, 0x1.cb0054a3c6434p+9, 
    0x1.e066126202539p+9, 0x1.ea990dbf0563fp+9, 0x1.f65acb6c7a7cap+9, 
    0x1.022becc3e3194p+10, 0x1.09eee44b6e936p+10, 0x1.101fd77b7c782p+10, 
    0x1.149f0791c4b9p+10, 0x1.1a989bc771434p+10, 0x1.27467867f0aa2p+10, 
    0x1.29440d5629d84p+10, 0x1.2e4b397dd00f7p+10, 0x1.319afeef5ec81p+10, 
    0x1.3a2740789613dp+10, 0x1.403e1ab8e8ea4p+10, 0x1.49bad523b3637p+10, 
    0x1.4efd99f5dfeb9p+10, 0x1.4ef64988094e6p+10, 0x1.53c8b27cbf6e4p+10, 
    0x1.5c4b5c8d9f905p+10, 0x1.60b2f42fe8251p+10, 0x1.6447b295e9e1bp+10, 
    0x1.6b1603925bb7bp+10, 0x1.70bd3bd599243p+10, 0x1.79ee703afb7e9p+10, 
    0x1.7054c1a048e04p+10, 0x1.7c1d35efa615bp+10, 0x1.83872773e24ffp+10, 
    0x1.8a4d7d5ed06ffp+10, 0x1.9a6f2f3c2dadcp+10, 0x1.a43ea1e81cb47p+10, 
    0x1.b5c1bf401c4fcp+10, 0x1.c67f23cc8de2bp+10, 0x1.c39fbac2df0d4p+10, 
    0x1.c8c4197a24895p+10, 0x1.c9f19ae4f3344p+10, 0x1.cd4f2018a43bbp+10, 
    0x1.ca8833acd5b68p+10, 0x1.ce368ae31d713p+10, 0x1.d21bb324851a8p+10, 
    0x1.d5a0afab53d64p+10, 0x1.d905feda66128p+10, 0x1.dad604790b84ap+10, 
    0x1.deb374a3400b9p+10, 0x1.dff3aa369fcf4p+10, 0x1.d11dc7820a30ep+10, 
    0x1.cfb2f944241c4p+10, 0x1.c9394d48882f1p+10, 0x1.c6c4fdfc19c17p+10, 
    0x1.c22413dfb0d52p+10, 0x1.bef46c226809dp+10, 0x1.bf5738b04ab6p+10, 
    0x1.bab42b1704ff4p+10, 0x1.baa0cee17a03p+10, 0x1.bb4f13f4a98abp+10, 
    0x1.ba9d03c07ee0bp+10, 0x1.be701b6d43d04p+10, 0x1.bf6152c59fb1ep+10, 
    0x1.c5376188b1141p+10, 0x1.ca1b85d744f5dp+10, 0x1.d14eab367a0f9p+10, 
    0x1.da054fce746ccp+10, 0x1.ddbbe7c06e19cp+10, 0x1.e362e60807358p+10, 
    0x1.e7180b673c4f4p+10, 0x1.e8895b035bd51p+10, 0x1.ec6b47496aad2p+10, 
    0x1.f2254091c0874p+10, 0x1.f948f6b1a2a4ep+10, 0x1.ff7007e5a78f2p+10, 
    0x1.03e77e47991bcp+11, 0x1.07da82e44b6e9p+11, 0x1.0b1d153dea466p+11, 
    0x1.0ed7792d1287cp+11, 0x1.13586cedd4845p+11, 0x1.196178055fbb5p+11, 
    0x1.1dc55360d0247p+11, 0x1.2442f15831f04p+11, 0x1.2b7ecdd93c46ep+11, 
    0x1.30abb992c8c5p+11, 0x1.3af7f3882278dp+11, 0x1.46001c4113c68p+11, 
    0x1.592db20fb224bp+11, 0x1.52ba25b0ff10fp+11, 0x1.5715092ccf6bep+11, 
    0x1.4e65b8887229fp+11, 0x1.52f3d171e29b7p+11, 0x1.5cde2f3c2dadcp+11, 
    0x1.659942352eb5fp+11, 0x1.700e0262456f7p+11, 0x1.7a80f6ec5b079p+11, 
    0x1.83730dac258d6p+11, 0x1.91af16ce789e7p+11, 0x1.9a67ec95bff04p+11, 
    0x1.b4864a558ea7dp+11, 0x1.b095193f6c26ap+11, 0x1.b814619b90eaap+11, 
    0x1.c1ae96c3fc43bp+11, 0x1.ce9e94467381dp+11)), class = "data.frame", row.names = c(NA, 
-122L))
