structure(list(period_id = c("1995Q1", "1995Q2", "1995Q3", "1995Q4", 
"1996Q1", "1996Q2", "1996Q3", "1996Q4", "1997Q1", "1997Q2", "1997Q3", 
"1997Q4", "1998Q1", "1998Q2", "1998Q3", "1998Q4", "1999Q1", "1999Q2", 
"1999Q3", "1999Q4", "2000Q1", "2000Q2", "2000Q3", "2000Q4", "2001Q1", 
"2001Q2", "2001Q3", "2001Q4", "2002Q1", "2002Q2", "2002Q3", "2002Q4", 
"2003Q1", "2003Q2", "2003Q3", "2003Q4", "2004Q1", "2004Q2", "2004Q3", 
"2004Q4", "2005Q1", "2005Q2", "2005Q3", "2005Q4", "2006Q1", "2006Q2", 
"2006Q3", "2006Q4", "2007Q1", "2007Q2", "2007Q3", "2007Q4", "2008Q1", 
"2008Q2", "2008Q3", "2008Q4", "2009Q1", "2009Q2", "2009Q3", "2009Q4", 
"2010Q1", "2010Q2", "2010Q3", "2010Q4", "2011Q1", "2011Q2", "2011Q3", 
"2011Q4", "2012Q1", "2012Q2", "2012Q3", "2012Q4", "2013Q1", "2013Q2", 
"2013Q3", "2013Q4", "2014Q1", "2014Q2", "2014Q3", "2014Q4", "2015Q1", 
"2015Q2", "2015Q3", "2015Q4", "2016Q1", "2016Q2", "2016Q3", "2016Q4", 
"2017Q1", "2017Q2", "2017Q3", "2017Q4", "2018Q1", "2018Q2", "2018Q3", 
"2018Q4", "2019Q1", "2019Q2", "2019Q3", "2019Q4", "2020Q1", "2020Q2", 
"2020Q3", "2020Q4", "2021Q1", "2021Q2", "2021Q3", "2021Q4", "2022Q1", 
"2022Q2", "2022Q3", "2022Q4", "2023Q1", "2023Q2", "2023Q3", "2023Q4", 
"2024Q1", "2024Q2", "2024Q3"), value = c(NA, NA, NA, NA, 0x1.62e53eb399f5ep+6, 
0x1.7131c0010c6f8p+6, 0x1.683c1db0142f6p+6, 0x1.1b991c4b90215p+6, 
0x1.1c9ecdd0d8cbp+6, 0x1.7deba732df506p+6, 0x1.67230caa326e1p+6, 
0x1.4e8c5e6ff7dfap+6, 0x1.90cb3f20a73f7p+6, 0x1.f599f7f8ca81ap+6, 
0x1.e45eebf65dbfdp+6, 0x1.baf8f1d3ed528p+6, 0x1.ca4497b7414a5p+6, 
0x1.2f3f0e6f2e8cp+7, 0x1.a195c8d9f9054p+6, 0x1.85a5903a7546dp+6, 
0x1.21fde6ff7dfap+7, 0x1.1ea1cb039ef0fp+7, 0x1.22aceb56fb8f5p+7, 
0x1.f793f1843c3a4p+6, 0x1.102f59253543bp+7, 0x1.31f2babead4f6p+7, 
0x1.2565e785b5b7p+7, 0x1.001756eac8605p+7, 0x1.0945a78f25a25p+7, 
0x1.1b6f61027957p+7, 0x1.07061a8262457p+7, 0x1.0f7cb3c3e74bp+7, 
0x1.1258a3d70a3d7p+7, 0x1.6aa95703f2d3cp+7, 0x1.233e8900c521ep+7, 
0x1.352d2806af46bp+7, 0x1.a023a68b19a41p+7, 0x1.8403bddfc9ff9p+7, 
0x1.72f961e4f766p+7, 0x1.5f59b34a44c7bp+7, 0x1.726361bb05fafp+7, 
0x1.854ecedd48451p+7, 0x1.4c2ef8ceb356ep+7, 0x1.87bf05c896dd2p+7, 
0x1.c1eb2c1f42bb6p+7, 0x1.d680f7121ab4bp+7, 0x1.ffe30142f61edp+7, 
0x1.1a3994d0dcfccp+8, 0x1.099369db65eccp+8, 0x1.55fd098d477bcp+8, 
0x1.2c2c13660e51dp+8, 0x1.ebb3343fa2ad4p+7, 0x1.f460c436fc159p+7, 
0x1.41d27631b584bp+8, 0x1.107d6616b54e3p+8, 0x1.9e749ff92f2b6p+7, 
0x1.19e76f6d76252p+7, 0x1.4098d3f1843c4p+7, 0x1.1f8a3bddfcap+7, 
0x1.f695de15ca6cap+6, 0x1.8d33061c79b35p+6, 0x1.e0018f3eccc47p+6, 
0x1.a85484d76ab58p+6, 0x1.17fcb3c3e74bp+7, 0x1.36da0c6b484d7p+7, 
0x1.6c7b5b2d4d402p+7, 0x1.3b1d7646ae3a4p+7, 0x1.3e4318b934699p+7, 
0x1.f40276fb09204p+6, 0x1.0a6d1efb6dcap+7, 0x1.85b1205bc01a3p+6, 
0x1.9ec91c087442cp+6, 0x1.0d266d9be4cd7p+7, 0x1.0d7d9cae21102p+7, 
0x1.d3ac3504c48aep+6, 0x1.498e25a682b63p+7, 0x1.40b3dd334c5dap+7, 
0x1.28a113a4f8727p+7, 0x1.1e0d4d4024b34p+7, 0x1.3f5c3bf727137p+7, 
0x1.5c8432a8c9b84p+7, 0x1.640879c4113c7p+7, 0x1.4b880fdc1615fp+7, 
0x1.967a7e3087875p+7, 0x1.aa799157abb88p+7, 0x1.b0e618efbb0e6p+7, 
0x1.9a2bde6149c6fp+7, 0x1.c69dc03361566p+7, 0x1.e3561c15097c8p+7, 
0x1.c8b57342edbb6p+7, 0x1.ac7b0fcf80dc3p+7, 0x1.efe2e3a3a8e71p+7, 
0x1.0b37d976ff3aep+8, 0x1.09ebda0dfdef8p+8, 0x1.e097ef7c243ddp+7, 
0x1.09a7397dd00f7p+8, 0x1.13099a52263d8p+8, 0x1.e7109b951c5c5p+7, 
0x1.b9c0b84988095p+7, 0x1.cc108765ba6fp+7, 0x1.80525ce5b4246p+7, 
0x1.404925fe974a3p+7, 0x1.8a0a087ca643dp+7, 0x1.917220578e5c5p+7, 
0x1.fa8a3d0bfa094p+7, 0x1.c6fd350092ccfp+7, 0x1.c20b15d701d9fp+7, 
0x1.00d85069a4df4p+8, 0x1.3b010e779207dp+8, 0x1.20970b28522eap+8, 
0x1.13bb6cce5f74p+8, 0x1.2c83e2c55c96p+8, 0x1.429896bb98c7ep+8, 
0x1.09fc985f06f69p+8, 0x1.006acc92146a2p+8, 0x1.1b4fb8800eae2p+8, 
0x1.4d48c026cc1cap+8, 0x1.1cd6fdda8bd23p+8, 0x1.ddc609784ec63p+7
)), class = "data.frame", row.names = c(NA, -119L))
