structure(list(period_id = c("2000", "2001", "2002", "2003", 
"2004", "2005", "2006", "2007", "2008", "2009", "2010", "2011", 
"2012", "2013", "2014", "2015", "2016", "2017", "2018", "2019", 
"2020", "2021", "2022"), value = c(0x1.64510474d9c6bp+10, 0x1.9f5f9a49c2c1bp+10, 
0x1.95a3ed06fef7cp+10, 0x1.eaf0cbddb9842p+10, 0x1.09e05e56cd6c3p+11, 
0x1.140382795703fp+11, 0x1.2bd23317efe0dp+11, 0x1.3c4712b1b36bdp+11, 
0x1.4efdf30e7ff58p+11, 0x1.0b56226809d49p+11, 0x1.ec2796e158751p+10, 
0x1.18137c47e49b2p+11, 0x1.10a5e6c6de764p+11, 0x1.495faebc408d9p+11, 
0x1.202ca16616b55p+11, 0x1.08fde31d712a1p+11, 0x1.16a7470c996b7p+11, 
0x1.3876fab53d641p+11, 0x1.5f181248d7e02p+11, 0x1.701b9389b52p+11, 
0x1.46272291fb3fap+11, 0x1.87ad75c4a83b2p+11, 0x1.b26eafe3f35ap+11
)), class = "data.frame", row.names = c(NA, -23L))
