structure(list(period_id = c("1995Q1", "1995Q2", "1995Q3", "1995Q4", 
"1996Q1", "1996Q2", "1996Q3", "1996Q4", "1997Q1", "1997Q2", "1997Q3", 
"1997Q4", "1998Q1", "1998Q2", "1998Q3", "1998Q4", "1999Q1", "1999Q2", 
"1999Q3", "1999Q4", "2000Q1", "2000Q2", "2000Q3", "2000Q4", "2001Q1", 
"2001Q2", "2001Q3", "2001Q4", "2002Q1", "2002Q2", "2002Q3", "2002Q4", 
"2003Q1", "2003Q2", "2003Q3", "2003Q4", "2004Q1", "2004Q2", "2004Q3", 
"2004Q4", "2005Q1", "2005Q2", "2005Q3", "2005Q4", "2006Q1", "2006Q2", 
"2006Q3", "2006Q4", "2007Q1", "2007Q2", "2007Q3", "2007Q4", "2008Q1", 
"2008Q2", "2008Q3", "2008Q4", "2009Q1", "2009Q2", "2009Q3", "2009Q4", 
"2010Q1", "2010Q2", "2010Q3", "2010Q4", "2011Q1", "2011Q2", "2011Q3", 
"2011Q4", "2012Q1", "2012Q2", "2012Q3", "2012Q4", "2013Q1", "2013Q2", 
"2013Q3", "2013Q4", "2014Q1", "2014Q2", "2014Q3", "2014Q4", "2015Q1", 
"2015Q2", "2015Q3", "2015Q4", "2016Q1", "2016Q2", "2016Q3", "2016Q4", 
"2017Q1", "2017Q2", "2017Q3", "2017Q4", "2018Q1", "2018Q2", "2018Q3", 
"2018Q4", "2019Q1", "2019Q2", "2019Q3", "2019Q4", "2020Q1", "2020Q2", 
"2020Q3", "2020Q4", "2021Q1", "2021Q2", "2021Q3", "2021Q4", "2022Q1", 
"2022Q2", "2022Q3", "2022Q4", "2023Q1", "2023Q2", "2023Q3", "2023Q4", 
"2024Q1", "2024Q2", "2024Q3"), value = c(NA, NA, NA, NA, 0x1.3b483f034b0e2p+9, 
0x1.5f5bd6bebe165p+9, 0x1.8da22f6a50d6bp+9, 0x1.5b48fdc9c4da9p+9, 
0x1.3ed114ca925ffp+9, 0x1.7599262025397p+9, 0x1.967f8d1d8a548p+9, 
0x1.6019753a3ec03p+9, 0x1.4847eb7457c0bp+9, 0x1.5ee56b8737974p+9, 
0x1.9d8a18c5c9a35p+9, 0x1.4f04ee73e681bp+9, 0x1.3065c4a83b1d1p+9, 
0x1.574151bd61f5cp+9, 0x1.7c178eda22f6ap+9, 0x1.4d11901083dbcp+9, 
0x1.36451f601797dp+9, 0x1.660289dadfb5p+9, 0x1.a9efc32ebe597p+9, 
0x1.678daa60913a5p+9, 0x1.533a6bdf4c2b5p+9, 0x1.7f6024aada33cp+9, 
0x1.caa9018611fd6p+9, 0x1.77071e3a7daa5p+9, 0x1.56c01693c03bcp+9, 
0x1.99a8384ba0e84p+9, 0x1.d9f81b3aeee95p+9, 0x1.920f292c49342p+9, 
0x1.52d38e325d4a6p+9, 0x1.9704ae31d712ap+9, 0x1.d682f6d76252p+9, 
0x1.9024eaf251c19p+9, 0x1.7611af965b20cp+9, 0x1.b381c5718eb89p+9, 
0x1.0541233df2a9dp+10, 0x1.b60f7e3d1cc1p+9, 0x1.8cf2b90214ad3p+9, 
0x1.d0cca832b990bp+9, 0x1.24d6af294dd72p+10, 0x1.d80dffde7210cp+9, 
0x1.b00674213a0c7p+9, 0x1.f704ff0025bfbp+9, 0x1.35eb2ba9d1f6p+10, 
0x1.fb6f84b1ab085p+9, 0x1.fb36d3a604e1ep+9, 0x1.1f819a8cdea03p+10, 
0x1.592a694467382p+10, 0x1.1b2046fdeb52dp+10, 0x1.27622f7b17ce5p+10, 
0x1.58ca46887a8d6p+10, 0x1.72b8c4c9c90c5p+10, 0x1.4a0684988094ep+10, 
0x1.ffa512231833p+9, 0x1.17e9f77af6406p+10, 0x1.40188b60f1b26p+10, 
0x1.22049f666234bp+10, 0x1.004f27418d691p+10, 0x1.1e94e429e0a42p+10, 
0x1.564073de1e2dfp+10, 0x1.2d17a1d323feep+10, 0x1.0769fa05143bfp+10, 
0x1.2993018611fd6p+10, 0x1.5b449abb01c93p+10, 0x1.31af65bea0ba2p+10, 
0x1.0dc5bea4ebdd3p+10, 0x1.29381b823c85cp+10, 0x1.63413ad18d25fp+10, 
0x1.32d6b81b64e05p+10, 0x1.0e88065f9591dp+10, 0x1.355f0856e696ap+10, 
0x1.6cd0cb70ac3a8p+10, 0x1.331a6b3354c12p+10, 0x1.178684901d191p+10, 
0x1.4843b0a6fc58bp+10, 0x1.7bc07ec3547ep+10, 0x1.492e422036007p+10, 
0x1.22800f9096bbap+10, 0x1.49c9e4e26d48p+10, 0x1.839985d744f5dp+10, 
0x1.5bdd6b97fe8eep+10, 0x1.3a21aade657b8p+10, 0x1.5d4809aaa3ad2p+10, 
0x1.9eb8e019b0ab3p+10, 0x1.7eb2cb5350093p+10, 0x1.5ca81b003686ap+10, 
0x1.8897e6cd29132p+10, 0x1.d015b0ea18373p+10, 0x1.a357bf83382e4p+10, 
0x1.70c1b99d451fcp+10, 0x1.a5cd497b7414ap+10, 0x1.eb52bdf8f473p+10, 
0x1.d43d05ccc89b1p+10, 0x1.84e630a91537ap+10, 0x1.cc09d972cd7cfp+10, 
0x1.f984c7325918ap+10, 0x1.db9a3065f9592p+10, 0x1.7f4a56f75d9a1p+10, 
0x1.2fee3faf42785p+10, 0x1.811142aed1394p+10, 0x1.8dddd9231c64cp+10, 
0x1.4fe7369b9d7fep+10, 0x1.8b606b2af1455p+10, 0x1.00963a1b1961p+11, 
0x1.fb369717df19dp+10, 0x1.ba1aeb399f5ep+10, 0x1.14c8c05708249p+11, 
0x1.4394942917508p+11, 0x1.19592d98bf7fp+11, 0x1.ed440f6ad70e7p+10, 
0x1.132bd96851223p+11, 0x1.303b12c27a637p+11, 0x1.1b3a7f36ac647p+11, 
0x1.da89e5f30e7ffp+10, 0x1.0eee9231c64bbp+11, 0x1.3f059b17481b2p+11
)), class = "data.frame", row.names = c(NA, -119L))
