structure(list(period_id = c("1995", "1996", "1997", "1998", 
"1999", "2000", "2001", "2002", "2003", "2004", "2005", "2006", 
"2007", "2008", "2009", "2010", "2011", "2012", "2013", "2014", 
"2015", "2016", "2017", "2018", "2019", "2020", "2021", "2022", 
"2023"), value = c(0x1.b1bf10d62bf12p+13, 0x1.bf96f6872b021p+13, 
0x1.d00e8fcce1c58p+13, 0x1.d74e80096feb5p+13, 0x1.f060f24d8fd5dp+13, 
0x1.f177f266ba494p+13, 0x1.fe32003925bb8p+13, 0x1.034921049236p+14, 
0x1.0c2fde503fb37p+14, 0x1.150904b4d056cp+14, 0x1.1eaa6e74299d9p+14, 
0x1.22bf32617c1bep+14, 0x1.367cd8b8f14dbp+14, 0x1.3eb4ada059a74p+14, 
0x1.41a7e362a5e78p+14, 0x1.471b5d8f4f93cp+14, 0x1.48468d976ff3bp+14, 
0x1.41de5d86a8fc1p+14, 0x1.35e0439f340d5p+14, 0x1.391067d1bb491p+14, 
0x1.407c3ae1cde5dp+14, 0x1.4ccd8b7308356p+14, 0x1.55f80adc4c9c9p+14, 
0x1.6182ad9d7774bp+14, 0x1.74130b79d909fp+14, 0x1.4d335da2f8bdfp+14, 
0x1.71cb8e557de0dp+14, 0x1.8d5d74f7ec354p+14, 0x1.8abd57913e814p+14
)), class = "data.frame", row.names = c(NA, -29L))
