structure(list(period_id = c("1999Q1", "1999Q2", "1999Q3", "1999Q4", 
"2000Q1", "2000Q2", "2000Q3", "2000Q4", "2001Q1", "2001Q2", "2001Q3", 
"2001Q4", "2002Q1", "2002Q2", "2002Q3", "2002Q4", "2003Q1", "2003Q2", 
"2003Q3", "2003Q4", "2004Q1", "2004Q2", "2004Q3", "2004Q4", "2005Q1", 
"2005Q2", "2005Q3", "2005Q4", "2006Q1", "2006Q2", "2006Q3", "2006Q4", 
"2007Q1", "2007Q2", "2007Q3", "2007Q4", "2008Q1", "2008Q2", "2008Q3", 
"2008Q4", "2009Q1", "2009Q2", "2009Q3", "2009Q4", "2010Q1", "2010Q2", 
"2010Q3", "2010Q4", "2011Q1", "2011Q2", "2011Q3", "2011Q4", "2012Q1", 
"2012Q2", "2012Q3", "2012Q4", "2013Q1", "2013Q2", "2013Q3", "2013Q4", 
"2014Q1", "2014Q2", "2014Q3", "2014Q4", "2015Q1", "2015Q2", "2015Q3", 
"2015Q4", "2016Q1", "2016Q2", "2016Q3", "2016Q4", "2017Q1", "2017Q2", 
"2017Q3", "2017Q4", "2018Q1", "2018Q2", "2018Q3", "2018Q4", "2019Q1", 
"2019Q2", "2019Q3", "2019Q4", "2020Q1", "2020Q2", "2020Q3", "2020Q4", 
"2021Q1", "2021Q2", "2021Q3", "2021Q4", "2022Q1", "2022Q2", "2022Q3", 
"2022Q4", "2023Q1", "2023Q2", "2023Q3", "2023Q4", "2024Q1", "2024Q2", 
"2024Q3", "2024Q4", "2025Q1"), value = c(0x1.f59ebe9c88616p+1, 
0x1.3f4ed2cbea4ecp+1, 0x1.3615db3397ddp+2, 0x1.8525b0ff10ecbp+4, 
0x1.3bd3a604e1e71p+2, 0x1.655b91f70de8fp+2, 0x1.58916440f2389p+2, 
0x1.e21635610adcdp+3, 0x1.b2a7c5ac471b4p+1, 0x1.4b63f572de43fp+3, 
0x1.c3775b8130165p+3, 0x1.3504b5dcc63f1p+4, 0x1.cf9a0f0a5efe9p+2, 
0x1.62161a1db877bp+2, 0x1.cba5bb7b6bb13p+3, 0x1.c9b0a0b1bbcf5p+3, 
0x1.c1035371971c1p+2, 0x1.6e9f2fdb8fde3p+2, 0x1.dbb02d59d55e7p+2, 
0x1.760ea5b530cedp+3, 0x1.241cf9a06a6e3p+3, 0x1.04137329c347fp+5, 
0x1.4467e1fc08fa8p+4, 0x1.c4f6b2af14552p+4, 0x1.98e76427c7c52p+2, 
0x1.0c7401c4fc1dfp+4, 0x1.142a3df6db941p+4, 0x1.e26f77f27fe4cp+3, 
0x1.27627bf61aa3fp+2, 0x1.bbdf1f14983d8p+4, 0x1.44f459d99029bp+2, 
0x1.814ca3e7d1351p+5, 0x1.1fcc33b539325p+4, 0x1.07dd052934acbp+3, 
0x1.923f359ff4fd7p+3, 0x1.159aed99cbee8p+6, 0x1.12420b3d4ae43p+2, 
0x1.3addd1a21ea36p+4, 0x1.df374ddf86e3bp+4, 0x1.691e8815e3971p+6, 
0x1.3ba3bddfc9ff9p+4, 0x1.714f1ae2da555p+6, 0x1.8de7ddca4b125p+4, 
0x1.4b6c18b502abbp+6, 0x1.4bf358f2e05cdp+4, 0x1.72bfa7eb6bf44p+4, 
0x1.7581bd1ed9dfep+5, 0x1.64cf0307f23cdp+6, 0x1.0f065f9591cd2p+4, 
0x1.ba13a81dc0db2p+4, 0x1.4dd9378ee2867p+5, 0x1.5048622c45027p+6, 
0x1.a5e17a02fb5dp+4, 0x1.3b195a294141fp+5, 0x1.26feab7995ee1p+6, 
0x1.b0b945b6c3761p+6, 0x1.38da87a072d1bp+5, 0x1.66ada87a072d2p+5, 
0x1.5e438088509cp+6, 0x1.0266ec9e236c1p+8, 0x1.e5f743632c1f4p+5, 
0x1.9fa33482be8bcp+6, 0x1.5e4e5109070fcp+7, 0x1.79b70cfe15443p+7, 
0x1.28a31876188b1p+6, 0x1.02a90fd7e458p+7, 0x1.4c6f48e4756p+7, 
0x1.59fe3f034b0e2p+8, 0x1.45872e275ab7ep+4, 0x1.1e96ece13f4aap+4, 
0x1.f9020817fc76p+2, 0x1.7af859429175p+3, 0x1.21d64b662fdfcp+3, 
0x1.3a66ea854478p+3, 0x1.4bb2da122fad7p+4, 0x1.32863886594afp+6, 
0x1.19386940357a3p+6, 0x1.5fd0ba6266fd6p+4, 0x1.4b83504c48adfp+4, 
0x1.876a658c4bd34p+6, 0x1.0ebd5cfaacd9fp+6, 0x1.e9ea8c9b84556p+5, 
0x1.d72dfaca36199p+5, 0x1.8e4fb8b26395p+6, 0x1.8397060bb2bbbp+4, 
0x1.597588e368f08p+5, 0x1.79d77e1b8ed1cp+5, 0x1.14057060bb2bcp+7, 
0x1.e9552b0a6fc59p+4, 0x1.4764c51116a8cp+6, 0x1.ef79a1b9f98b7p+6, 
0x1.625b415b1422dp+7, 0x1.45e27a63736cep+5, 0x1.3b28828c36da8p+7, 
0x1.7d2f52b90a783p+6, 0x1.b991f53825e14p+7, 0x1.00c2d4d4024b3p+6, 
0x1.7df845dc83233p+6, 0x1.592deedcc20d5p+7, 0x1.3861dc8323359p+8, 
0x1.0bff2d3c792d1p+6, 0x1.1b7f23033a472p+6, 0x1.8afa80064a9cep+6, 
0x1.5ab3aba7b9171p+7, 0x1.a074fbdad7519p+5)), class = "data.frame", row.names = c(NA, 
-105L))
