structure(list(period_id = c("1995", "1996", "1997", "1998", 
"1999", "2000", "2001", "2002", "2003", "2004", "2005", "2006", 
"2007", "2008", "2009", "2010", "2011", "2012", "2013", "2014", 
"2015", "2016", "2017", "2018", "2019", "2020", "2021", "2022", 
"2023"), value = c(0x1.8fe2b26e11559p+12, 0x1.caaf350c1b973p+12, 
0x1.01a6dbb8c32a9p+13, 0x1.1770757470eb2p+13, 0x1.392b2a76965f5p+13, 
0x1.518113ca31e7ep+13, 0x1.743773ca31e7ep+13, 0x1.97bc761027957p+13, 
0x1.bd02c9dcf894p+13, 0x1.d936b955714bap+13, 0x1.f49f21522a6f4p+13, 
0x1.03f282d38476fp+14, 0x1.20d5b5baf533fp+14, 0x1.38ba2a9ef5233p+14, 
0x1.3b364e32e3822p+14, 0x1.471b5d8f4f93cp+14, 0x1.4f8825dc83233p+14, 
0x1.4fa2fd135115ap+14, 0x1.47f19de4c5111p+14, 0x1.4b993c970f7bap+14, 
0x1.51605d423d923p+14, 0x1.5d48ad32c625fp+14, 0x1.6cbf58db48909p+14, 
0x1.80cba777d0f1fp+14, 0x1.9aebf56041893p+14, 0x1.6ec89e4f3344p+14, 
0x1.a4acb7281fd9cp+14, 0x1.f079f35f3d7d4p+14, 0x1.08ce36c22680ap+15
)), class = "data.frame", row.names = c(NA, -29L))
