structure(list(period_id = c("1995Q1", "1995Q2", "1995Q3", "1995Q4", 
"1996Q1", "1996Q2", "1996Q3", "1996Q4", "1997Q1", "1997Q2", "1997Q3", 
"1997Q4", "1998Q1", "1998Q2", "1998Q3", "1998Q4", "1999Q1", "1999Q2", 
"1999Q3", "1999Q4", "2000Q1", "2000Q2", "2000Q3", "2000Q4", "2001Q1", 
"2001Q2", "2001Q3", "2001Q4", "2002Q1", "2002Q2", "2002Q3", "2002Q4", 
"2003Q1", "2003Q2", "2003Q3", "2003Q4", "2004Q1", "2004Q2", "2004Q3", 
"2004Q4", "2005Q1", "2005Q2", "2005Q3", "2005Q4", "2006Q1", "2006Q2", 
"2006Q3", "2006Q4", "2007Q1", "2007Q2", "2007Q3", "2007Q4", "2008Q1", 
"2008Q2", "2008Q3", "2008Q4", "2009Q1", "2009Q2", "2009Q3", "2009Q4", 
"2010Q1", "2010Q2", "2010Q3", "2010Q4", "2011Q1", "2011Q2", "2011Q3", 
"2011Q4", "2012Q1", "2012Q2", "2012Q3", "2012Q4", "2013Q1", "2013Q2", 
"2013Q3", "2013Q4", "2014Q1", "2014Q2", "2014Q3", "2014Q4", "2015Q1", 
"2015Q2", "2015Q3", "2015Q4", "2016Q1", "2016Q2", "2016Q3", "2016Q4", 
"2017Q1", "2017Q2", "2017Q3", "2017Q4", "2018Q1", "2018Q2", "2018Q3", 
"2018Q4", "2019Q1", "2019Q2", "2019Q3", "2019Q4", "2020Q1", "2020Q2", 
"2020Q3", "2020Q4", "2021Q1", "2021Q2", "2021Q3", "2021Q4", "2022Q1", 
"2022Q2", "2022Q3", "2022Q4", "2023Q1", "2023Q2", "2023Q3", "2023Q4", 
"2024Q1", "2024Q2", "2024Q3", "2024Q4", "2025Q1", "2025Q2"), 
    value = c(0x1.a434ccccccccdp+15, 0x1.a96399999999ap+15, 0x1.ab9c333333333p+15, 
    0x1.aee0333333333p+15, 0x1.af2bccccccccdp+15, 0x1.b26b99999999ap+15, 
    0x1.b523333333333p+15, 0x1.b529333333333p+15, 0x1.baa5ccccccccdp+15, 
    0x1.b986666666666p+15, 0x1.bd10ccccccccdp+15, 0x1.c174p+15, 
    0x1.c739ccccccccdp+15, 0x1.cb9b99999999ap+15, 0x1.cc85ccccccccdp+15, 
    0x1.d0a7333333333p+15, 0x1.d4ad333333333p+15, 0x1.d968333333333p+15, 
    0x1.e08699999999ap+15, 0x1.e4bfp+15, 0x1.e4c1ccccccccdp+15, 
    0x1.eaadccccccccdp+15, 0x1.f08fp+15, 0x1.f442333333333p+15, 
    0x1.f33dp+15, 0x1.f20ep+15, 0x1.f32cp+15, 0x1.f53399999999ap+15, 
    0x1.faca333333333p+15, 0x1.fb38p+15, 0x1.fb94666666666p+15, 
    0x1.f994ccccccccdp+15, 0x1.fb34666666666p+15, 0x1.fed5333333333p+15, 
    0x1.0198e66666666p+16, 0x1.022d99999999ap+16, 0x1.02b999999999ap+16, 
    0x1.0578666666666p+16, 0x1.087c99999999ap+16, 0x1.0973333333333p+16, 
    0x1.0a41p+16, 0x1.0bdc8p+16, 0x1.0cb4666666666p+16, 0x1.10ae4cccccccdp+16, 
    0x1.13564cccccccdp+16, 0x1.148eccccccccdp+16, 0x1.164019999999ap+16, 
    0x1.1a22e66666666p+16, 0x1.1d9719999999ap+16, 0x1.2061ccccccccdp+16, 
    0x1.21e599999999ap+16, 0x1.21b2ccccccccdp+16, 0x1.27e08p+16, 
    0x1.26ca666666666p+16, 0x1.24eb666666666p+16, 0x1.1de58p+16, 
    0x1.19fdp+16, 0x1.18e5666666666p+16, 0x1.1a6899999999ap+16, 
    0x1.1a5819999999ap+16, 0x1.199bp+16, 0x1.1da3p+16, 0x1.20b299999999ap+16, 
    0x1.2369b33333333p+16, 0x1.269bp+16, 0x1.2666ccccccccdp+16, 
    0x1.282819999999ap+16, 0x1.2922ccccccccdp+16, 0x1.2a02333333333p+16, 
    0x1.2992p+16, 0x1.29eee66666666p+16, 0x1.2865p+16, 0x1.278f19999999ap+16, 
    0x1.28344cccccccdp+16, 0x1.292eb33333333p+16, 0x1.2996666666666p+16, 
    0x1.296d99999999ap+16, 0x1.2b098p+16, 0x1.2b81p+16, 0x1.2d1799999999ap+16, 
    0x1.2cc78p+16, 0x1.2ead99999999ap+16, 0x1.2f8be66666666p+16, 
    0x1.312899999999ap+16, 0x1.343dp+16, 0x1.34748p+16, 0x1.3638666666666p+16, 
    0x1.37804cccccccdp+16, 0x1.3ae2p+16, 0x1.3c09e66666666p+16, 
    0x1.3dcc8p+16, 0x1.3f7a666666666p+16, 0x1.40fa19999999ap+16, 
    0x1.43aa4cccccccdp+16, 0x1.454ep+16, 0x1.4869e66666666p+16, 
    0x1.4b1219999999ap+16, 0x1.4a10ccccccccdp+16, 0x1.4ac999999999ap+16, 
    0x1.499f19999999ap+16, 0x1.424fb33333333p+16, 0x1.1bf819999999ap+16, 
    0x1.3ca4p+16, 0x1.384b99999999ap+16, 0x1.33d6666666666p+16, 
    0x1.41f999999999ap+16, 0x1.4da3ccccccccdp+16, 0x1.4dc1333333333p+16, 
    0x1.4eb9666666666p+16, 0x1.58208p+16, 0x1.57ef99999999ap+16, 
    0x1.57e9b33333333p+16, 0x1.5597666666666p+16, 0x1.544ep+16, 
    0x1.518dp+16, 0x1.4fa2e66666666p+16, 0x1.500ab33333333p+16, 
    0x1.4ee58p+16, 0x1.4e66e66666666p+16, 0x1.4e4019999999ap+16, 
    0x1.4eb7333333333p+16, 0x1.4f2de66666666p+16)), class = "data.frame", row.names = c(NA, 
-122L))
