structure(list(period_id = c("1995Q1", "1995Q2", "1995Q3", "1995Q4", 
"1996Q1", "1996Q2", "1996Q3", "1996Q4", "1997Q1", "1997Q2", "1997Q3", 
"1997Q4", "1998Q1", "1998Q2", "1998Q3", "1998Q4", "1999Q1", "1999Q2", 
"1999Q3", "1999Q4", "2000Q1", "2000Q2", "2000Q3", "2000Q4", "2001Q1", 
"2001Q2", "2001Q3", "2001Q4", "2002Q1", "2002Q2", "2002Q3", "2002Q4", 
"2003Q1", "2003Q2", "2003Q3", "2003Q4", "2004Q1", "2004Q2", "2004Q3", 
"2004Q4", "2005Q1", "2005Q2", "2005Q3", "2005Q4", "2006Q1", "2006Q2", 
"2006Q3", "2006Q4", "2007Q1", "2007Q2", "2007Q3", "2007Q4", "2008Q1", 
"2008Q2", "2008Q3", "2008Q4", "2009Q1", "2009Q2", "2009Q3", "2009Q4", 
"2010Q1", "2010Q2", "2010Q3", "2010Q4", "2011Q1", "2011Q2", "2011Q3", 
"2011Q4", "2012Q1", "2012Q2", "2012Q3", "2012Q4", "2013Q1", "2013Q2", 
"2013Q3", "2013Q4", "2014Q1", "2014Q2", "2014Q3", "2014Q4", "2015Q1", 
"2015Q2", "2015Q3", "2015Q4", "2016Q1", "2016Q2", "2016Q3", "2016Q4", 
"2017Q1", "2017Q2", "2017Q3", "2017Q4", "2018Q1", "2018Q2", "2018Q3", 
"2018Q4", "2019Q1", "2019Q2", "2019Q3", "2019Q4", "2020Q1", "2020Q2", 
"2020Q3", "2020Q4", "2021Q1", "2021Q2", "2021Q3", "2021Q4", "2022Q1", 
"2022Q2", "2022Q3", "2022Q4", "2023Q1", "2023Q2", "2023Q3", "2023Q4", 
"2024Q1", "2024Q2", "2024Q3", "2024Q4", "2025Q1"), value = c(0x1.c3895831f03d1p+8, 
0x1.d231d462c343bp+8, 0x1.dea6d080b673cp+8, 0x1.ebe0793dd97f6p+8, 
0x1.f92b77e1b8ed2p+8, 0x1.0b3ec918e325dp+9, 0x1.14427a63736cep+9, 
0x1.1a8451a005c46p+9, 0x1.23771d2e0e304p+9, 0x1.2d2e09f623077p+9, 
0x1.332a27525460bp+9, 0x1.3fe9c9bc77143p+9, 0x1.43a0b228dc982p+9, 
0x1.4cf798d8a979ep+9, 0x1.550b478c868bap+9, 0x1.5f59e492bc2fcp+9, 
0x1.6d465564b663p+9, 0x1.77697a5f41aefp+9, 0x1.8556ed783dff4p+9, 
0x1.8e94e9bbf0dc7p+9, 0x1.9c834562e09ffp+9, 0x1.a9d79e16d6dc2p+9, 
0x1.ba486d373affbp+9, 0x1.cb0054a3c6434p+9, 0x1.e066126202539p+9, 
0x1.ea990dbf0563fp+9, 0x1.f65acb6c7a7cap+9, 0x1.022becc3e3194p+10, 
0x1.09eee44b6e936p+10, 0x1.101fd77b7c782p+10, 0x1.149f0791c4b9p+10, 
0x1.1a989bc771434p+10, 0x1.27467867f0aa2p+10, 0x1.29440d5629d84p+10, 
0x1.2e4b397dd00f7p+10, 0x1.319afeef5ec81p+10, 0x1.3a2740789613dp+10, 
0x1.403e1ab8e8ea4p+10, 0x1.49bad523b3637p+10, 0x1.4efd99f5dfeb9p+10, 
0x1.4ef64988094e6p+10, 0x1.53c8b27cbf6e4p+10, 0x1.5c4b5c8d9f905p+10, 
0x1.60b2f42fe8251p+10, 0x1.6447b295e9e1bp+10, 0x1.6b1603925bb7bp+10, 
0x1.70bd3bd599243p+10, 0x1.79ee703afb7e9p+10, 0x1.7054c1a048e04p+10, 
0x1.7c1d35efa615bp+10, 0x1.83872773e24ffp+10, 0x1.8a4d7d5ed06ffp+10, 
0x1.9a6f2f3c2dadcp+10, 0x1.a43ea1e81cb47p+10, 0x1.b5c1bf401c4fcp+10, 
0x1.c67f23cc8de2bp+10, 0x1.c39fbac2df0d4p+10, 0x1.c8c4197a24895p+10, 
0x1.c9f19ae4f3344p+10, 0x1.cd4f2018a43bbp+10, 0x1.ca82aeafab53dp+10, 
0x1.ce1a45baf533fp+10, 0x1.d23567903211dp+10, 0x1.d594fa22706d5p+10, 
0x1.d9001deefe5p+10, 0x1.daa01a6d698fep+10, 0x1.dead33c60029fp+10, 
0x1.dffa506141637p+10, 0x1.d12d1b4bb5e0fp+10, 0x1.cfcb25785f8d3p+10, 
0x1.c92ded916872bp+10, 0x1.c69dc9b845565p+10, 0x1.c1d8a32b12d34p+10, 
0x1.bf0ebb5e0f7fdp+10, 0x1.bf807b395c422p+10, 0x1.baaf5004fb118p+10, 
0x1.ba464eb9a176ep+10, 0x1.bb63138fffbcep+10, 0x1.ba94af6837f7cp+10, 
0x1.be9849129889p+10, 0x1.bf2ce2eb1c433p+10, 0x1.c51d7d566cf42p+10, 
0x1.c9d6f64cf8d71p+10, 0x1.d192d22c881e4p+10, 0x1.da09a8d21bc12p+10, 
0x1.dd8809310129dp+10, 0x1.e36c2163fdd66p+10, 0x1.e7717264a16a5p+10, 
0x1.e84815011904bp+10, 0x1.ebf813f077cccp+10, 0x1.f2425953586cbp+10, 
0x1.f98190afe60c4p+10, 0x1.ff26929aa1d75p+10, 0x1.03d62f31b152fp+11, 
0x1.08042bae03b3fp+11, 0x1.0b090b1bbcf4fp+11, 0x1.0ec59d7dbf488p+11, 
0x1.1356437a3db3cp+11, 0x1.19596e008e9b4p+11, 0x1.1d86aafbc1acep+11, 
0x1.24a41ecd4aa11p+11, 0x1.2b91c219eb639p+11, 0x1.3038a684cf074p+11, 
0x1.3a683369b9d8p+11, 0x1.46c504f4c6e6ep+11, 0x1.5974c163779eap+11, 
0x1.52a606ca89fc7p+11, 0x1.5666edc7ef178p+11, 0x1.4e82219c9d5a2p+11, 
0x1.530d04ddb5526p+11, 0x1.5d58849ecb31cp+11, 0x1.652fad7b634dbp+11, 
0x1.6eec0474d9c6bp+11, 0x1.7b46cb0e1b4bbp+11, 0x1.8529bacb42891p+11, 
0x1.90ea2f09d8c6dp+11, 0x1.96813a797891ep+11, 0x1.b67e0346dc5d6p+11, 
0x1.b505e17e34b94p+11, 0x1.b716ba1b1961p+11, 0x1.bc1d6e5471716p+11
)), class = "data.frame", row.names = c(NA, -121L))
