structure(list(period_id = c("1995Q1", "1995Q2", "1995Q3", "1995Q4", 
"1996Q1", "1996Q2", "1996Q3", "1996Q4", "1997Q1", "1997Q2", "1997Q3", 
"1997Q4", "1998Q1", "1998Q2", "1998Q3", "1998Q4", "1999Q1", "1999Q2", 
"1999Q3", "1999Q4", "2000Q1", "2000Q2", "2000Q3", "2000Q4", "2001Q1", 
"2001Q2", "2001Q3", "2001Q4", "2002Q1", "2002Q2", "2002Q3", "2002Q4", 
"2003Q1", "2003Q2", "2003Q3", "2003Q4", "2004Q1", "2004Q2", "2004Q3", 
"2004Q4", "2005Q1", "2005Q2", "2005Q3", "2005Q4", "2006Q1", "2006Q2", 
"2006Q3", "2006Q4", "2007Q1", "2007Q2", "2007Q3", "2007Q4", "2008Q1", 
"2008Q2", "2008Q3", "2008Q4", "2009Q1", "2009Q2", "2009Q3", "2009Q4", 
"2010Q1", "2010Q2", "2010Q3", "2010Q4", "2011Q1", "2011Q2", "2011Q3", 
"2011Q4", "2012Q1", "2012Q2", "2012Q3", "2012Q4", "2013Q1", "2013Q2", 
"2013Q3", "2013Q4", "2014Q1", "2014Q2", "2014Q3", "2014Q4", "2015Q1", 
"2015Q2", "2015Q3", "2015Q4", "2016Q1", "2016Q2", "2016Q3", "2016Q4", 
"2017Q1", "2017Q2", "2017Q3", "2017Q4", "2018Q1", "2018Q2", "2018Q3", 
"2018Q4", "2019Q1", "2019Q2", "2019Q3", "2019Q4", "2020Q1", "2020Q2", 
"2020Q3", "2020Q4", "2021Q1", "2021Q2", "2021Q3", "2021Q4", "2022Q1", 
"2022Q2", "2022Q3", "2022Q4", "2023Q1", "2023Q2", "2023Q3", "2023Q4", 
"2024Q1", "2024Q2", "2024Q3", "2024Q4", "2025Q1"), value = c(0x1.a421666666666p+15, 
0x1.a957666666666p+15, 0x1.ab92ccccccccdp+15, 0x1.aedf333333333p+15, 
0x1.af1fp+15, 0x1.b25fccccccccdp+15, 0x1.b517666666666p+15, 0x1.b514666666666p+15, 
0x1.baap+15, 0x1.b978333333333p+15, 0x1.bd06ccccccccdp+15, 0x1.c16099999999ap+15, 
0x1.c73199999999ap+15, 0x1.cb8f99999999ap+15, 0x1.cc7199999999ap+15, 
0x1.d094p+15, 0x1.d4a1333333333p+15, 0x1.d958ccccccccdp+15, 0x1.e071666666666p+15, 
0x1.e4aaccccccccdp+15, 0x1.e4b5666666666p+15, 0x1.eaa7333333333p+15, 
0x1.f08bp+15, 0x1.f440333333333p+15, 0x1.f32c99999999ap+15, 0x1.f207333333333p+15, 
0x1.f32a99999999ap+15, 0x1.f52a666666666p+15, 0x1.fabfccccccccdp+15, 
0x1.fb36333333333p+15, 0x1.fb8ap+15, 0x1.f996p+15, 0x1.fb30666666666p+15, 
0x1.fec7666666666p+15, 0x1.0195333333333p+16, 0x1.022d99999999ap+16, 
0x1.02b54cccccccdp+16, 0x1.0570666666666p+16, 0x1.0872b33333333p+16, 
0x1.096fe66666666p+16, 0x1.0a3e99999999ap+16, 0x1.0bd619999999ap+16, 
0x1.0cae333333333p+16, 0x1.10ad8p+16, 0x1.1352p+16, 0x1.148c666666666p+16, 
0x1.16408p+16, 0x1.1a26333333333p+16, 0x1.1d92e66666666p+16, 
0x1.205f666666666p+16, 0x1.21e9b33333333p+16, 0x1.21b119999999ap+16, 
0x1.27e04cccccccdp+16, 0x1.26c64cccccccdp+16, 0x1.24ebccccccccdp+16, 
0x1.1ddfp+16, 0x1.19fc333333333p+16, 0x1.18e74cccccccdp+16, 0x1.1a63333333333p+16, 
0x1.1a544cccccccdp+16, 0x1.199799999999ap+16, 0x1.1da0666666666p+16, 
0x1.20af666666666p+16, 0x1.2365333333333p+16, 0x1.269bp+16, 0x1.2662b33333333p+16, 
0x1.282619999999ap+16, 0x1.2923e66666666p+16, 0x1.2a0c8p+16, 
0x1.299019999999ap+16, 0x1.29f0e66666666p+16, 0x1.2868333333333p+16, 
0x1.278d19999999ap+16, 0x1.283119999999ap+16, 0x1.2931e66666666p+16, 
0x1.299e99999999ap+16, 0x1.2971ccccccccdp+16, 0x1.2afd333333333p+16, 
0x1.2b88p+16, 0x1.2d2119999999ap+16, 0x1.2cc899999999ap+16, 0x1.2ea4ccccccccdp+16, 
0x1.2f8de66666666p+16, 0x1.312e333333333p+16, 0x1.3442e66666666p+16, 
0x1.346dccccccccdp+16, 0x1.3639e66666666p+16, 0x1.378ee66666666p+16, 
0x1.3adeb33333333p+16, 0x1.3c044cccccccdp+16, 0x1.3dcfp+16, 0x1.3f948p+16, 
0x1.40f5ccccccccdp+16, 0x1.43a8333333333p+16, 0x1.454cp+16, 0x1.4883b33333333p+16, 
0x1.4b16333333333p+16, 0x1.4a114cccccccdp+16, 0x1.4ac2p+16, 0x1.49ad99999999ap+16, 
0x1.42608p+16, 0x1.1c0299999999ap+16, 0x1.3c954cccccccdp+16, 
0x1.384e4cccccccdp+16, 0x1.33e14cccccccdp+16, 0x1.420c8p+16, 
0x1.4d96ccccccccdp+16, 0x1.4dc7666666666p+16, 0x1.4ebfe66666666p+16, 
0x1.583099999999ap+16, 0x1.57e1ccccccccdp+16, 0x1.5800666666666p+16, 
0x1.55a0666666666p+16, 0x1.544fe66666666p+16, 0x1.5171ccccccccdp+16, 
0x1.4fc34cccccccdp+16, 0x1.4fdd99999999ap+16, 0x1.4e9119999999ap+16, 
0x1.4de3b33333333p+16, 0x1.4cb819999999ap+16, 0x1.4d81333333333p+16
)), class = "data.frame", row.names = c(NA, -121L))
