structure(list(period_id = c("1995Q1", "1995Q2", "1995Q3", "1995Q4", 
"1996Q1", "1996Q2", "1996Q3", "1996Q4", "1997Q1", "1997Q2", "1997Q3", 
"1997Q4", "1998Q1", "1998Q2", "1998Q3", "1998Q4", "1999Q1", "1999Q2", 
"1999Q3", "1999Q4", "2000Q1", "2000Q2", "2000Q3", "2000Q4", "2001Q1", 
"2001Q2", "2001Q3", "2001Q4", "2002Q1", "2002Q2", "2002Q3", "2002Q4", 
"2003Q1", "2003Q2", "2003Q3", "2003Q4", "2004Q1", "2004Q2", "2004Q3", 
"2004Q4", "2005Q1", "2005Q2", "2005Q3", "2005Q4", "2006Q1", "2006Q2", 
"2006Q3", "2006Q4", "2007Q1", "2007Q2", "2007Q3", "2007Q4", "2008Q1", 
"2008Q2", "2008Q3", "2008Q4", "2009Q1", "2009Q2", "2009Q3", "2009Q4", 
"2010Q1", "2010Q2", "2010Q3", "2010Q4", "2011Q1", "2011Q2", "2011Q3", 
"2011Q4", "2012Q1", "2012Q2", "2012Q3", "2012Q4", "2013Q1", "2013Q2", 
"2013Q3", "2013Q4", "2014Q1", "2014Q2", "2014Q3", "2014Q4", "2015Q1", 
"2015Q2", "2015Q3", "2015Q4", "2016Q1", "2016Q2", "2016Q3", "2016Q4", 
"2017Q1", "2017Q2", "2017Q3", "2017Q4", "2018Q1", "2018Q2", "2018Q3", 
"2018Q4", "2019Q1", "2019Q2", "2019Q3", "2019Q4", "2020Q1", "2020Q2", 
"2020Q3", "2020Q4", "2021Q1", "2021Q2", "2021Q3", "2021Q4", "2022Q1", 
"2022Q2", "2022Q3", "2022Q4", "2023Q1", "2023Q2", "2023Q3", "2023Q4", 
"2024Q1", "2024Q2", "2024Q3", "2024Q4"), value = c(0x1.6a1cac083126fp+7, 
0x1.6439db22d0e56p+7, 0x1.5e73b645a1cacp+7, 0x1.593e76c8b4396p+7, 
0x1.54da9fbe76c8bp+7, 0x1.51e9fbe76c8b4p+7, 0x1.509a9fbe76c8bp+7, 
0x1.50c51eb851eb8p+7, 0x1.51ee978d4fdf4p+7, 0x1.52e45a1cac083p+7, 
0x1.5316872b020c5p+7, 0x1.52a4dd2f1a9fcp+7, 0x1.51d916872b021p+7, 
0x1.504cccccccccdp+7, 0x1.4e9374bc6a7fp+7, 0x1.4d0cccccccccdp+7, 
0x1.56395810624ddp+7, 0x1.54ab851eb851fp+7, 0x1.535916872b021p+7, 
0x1.51d4fdf3b645ap+7, 0x1.4fcd4fdf3b646p+7, 0x1.4e73b645a1cacp+7, 
0x1.4d451eb851eb8p+7, 0x1.4bb4bc6a7ef9ep+7, 0x1.49f0a3d70a3d7p+7, 
0x1.48395810624ddp+7, 0x1.46f74bc6a7efap+7, 0x1.452d0e5604189p+7, 
0x1.4dce560418937p+7, 0x1.4c34395810625p+7, 0x1.49c6a7ef9db23p+7, 
0x1.4b2872b020c4ap+7, 0x1.44e353f7ced91p+7, 0x1.436353f7ced91p+7, 
0x1.425cac083126fp+7, 0x1.428b439581062p+7, 0x1.436978d4fdf3bp+7, 
0x1.440bc6a7ef9dbp+7, 0x1.44e872b020c4ap+7, 0x1.4622d0e560419p+7, 
0x1.3df8d4fdf3b64p+7, 0x1.3e7b645a1cac1p+7, 0x1.3f4b439581062p+7, 
0x1.40010624dd2f2p+7, 0x1.40e1cac083127p+7, 0x1.427126e978d5p+7, 
0x1.43d374bc6a7fp+7, 0x1.4575c28f5c28fp+7, 0x1.47c6a7ef9db23p+7, 
0x1.4934395810625p+7, 0x1.4ab5c28f5c28fp+7, 0x1.4c08b43958106p+7, 
0x1.4c4cccccccccdp+7, 0x1.4db4395810625p+7, 0x1.4f916872b020cp+7, 
0x1.51ba5e353f7cfp+7, 0x1.553ae147ae148p+7, 0x1.58f9db22d0e56p+7, 
0x1.5c204189374bcp+7, 0x1.5f3851eb851ecp+7, 0x1.5a2978d4fdf3bp+7, 
0x1.59ce560418937p+7, 0x1.5afef9db22d0ep+7, 0x1.5cb3333333333p+7, 
0x1.59d47ae147ae1p+7, 0x1.5b8d4fdf3b646p+7, 0x1.5b34bc6a7ef9ep+7, 
0x1.59f7ced916873p+7, 0x1.5f9604189374cp+7, 0x1.5e9374bc6a7fp+7, 
0x1.5c65e353f7ceep+7, 0x1.5d9f3b645a1cbp+7, 0x1.6f0cccccccccdp+7, 
0x1.709916872b021p+7, 0x1.71f851eb851ecp+7, 0x1.77a353f7ced91p+7, 
0x1.6e75c28f5c28fp+7, 0x1.704624dd2f1aap+7, 0x1.714c49ba5e354p+7, 
0x1.7469fbe76c8b4p+7, 0x1.7321cac083127p+7, 0x1.75ad0e5604189p+7, 
0x1.762e978d4fdf4p+7, 0x1.771374bc6a7fp+7, 0x1.748624dd2f1aap+7, 
0x1.764083126e979p+7, 0x1.774e560418937p+7, 0x1.78f8d4fdf3b64p+7, 
0x1.7a3df3b645a1dp+7, 0x1.7b6a7ef9db22dp+7, 0x1.7ca147ae147aep+7, 
0x1.7e16872b020c5p+7, 0x1.82be76c8b4396p+7, 0x1.83d70a3d70a3dp+7, 
0x1.857a5e353f7cfp+7, 0x1.8766666666666p+7, 0x1.89b22d0e56042p+7, 
0x1.8b0624dd2f1aap+7, 0x1.8b8p+7, 0x1.8c6f9db22d0e5p+7, 0x1.8bb8d4fdf3b64p+7, 
0x1.87e6e978d4fdfp+7, 0x1.8b2e147ae147bp+7, 0x1.8b224dd2f1aap+7, 
0x1.8bab020c49ba6p+7, 0x1.907645a1cac08p+7, 0x1.94c28f5c28f5cp+7, 
0x1.9789ba5e353f8p+7, 0x1.9eee147ae147bp+7, 0x1.a1b1a9fbe76c9p+7, 
0x1.a4f2b020c49bap+7, 0x1.a8bbe76c8b439p+7, 0x1.ae072b020c49cp+7, 
0x1.b1b7ced916873p+7, 0x1.b48a3d70a3d71p+7, 0x1.b71d2f1a9fbe7p+7, 
0x1.b7353f7ced917p+7, 0x1.b95374bc6a7fp+7, 0x1.b9eb020c49ba6p+7, 
0x1.ba410624dd2f2p+7)), class = "data.frame", row.names = c(NA, 
-120L))
