structure(list(period_id = c("2000M01", "2000M02", "2000M03", 
"2000M04", "2000M05", "2000M06", "2000M07", "2000M08", "2000M09", 
"2000M10", "2000M11", "2000M12", "2001M01", "2001M02", "2001M03", 
"2001M04", "2001M05", "2001M06", "2001M07", "2001M08", "2001M09", 
"2001M10", "2001M11", "2001M12", "2002M01", "2002M02", "2002M03", 
"2002M04", "2002M05", "2002M06", "2002M07", "2002M08", "2002M09", 
"2002M10", "2002M11", "2002M12", "2003M01", "2003M02", "2003M03", 
"2003M04", "2003M05", "2003M06", "2003M07", "2003M08", "2003M09", 
"2003M10", "2003M11", "2003M12", "2004M01", "2004M02", "2004M03", 
"2004M04", "2004M05", "2004M06", "2004M07", "2004M08", "2004M09", 
"2004M10", "2004M11", "2004M12", "2005M01", "2005M02", "2005M03", 
"2005M04", "2005M05", "2005M06", "2005M07", "2005M08", "2005M09", 
"2005M10", "2005M11", "2005M12", "2006M01", "2006M02", "2006M03", 
"2006M04", "2006M05", "2006M06", "2006M07", "2006M08", "2006M09", 
"2006M10", "2006M11", "2006M12", "2007M01", "2007M02", "2007M03", 
"2007M04", "2007M05", "2007M06", "2007M07", "2007M08", "2007M09", 
"2007M10", "2007M11", "2007M12", "2008M01", "2008M02", "2008M03", 
"2008M04", "2008M05", "2008M06", "2008M07", "2008M08", "2008M09", 
"2008M10", "2008M11", "2008M12", "2009M01", "2009M02", "2009M03", 
"2009M04", "2009M05", "2009M06", "2009M07", "2009M08", "2009M09", 
"2009M10", "2009M11", "2009M12", "2010M01", "2010M02", "2010M03", 
"2010M04", "2010M05", "2010M06", "2010M07", "2010M08", "2010M09", 
"2010M10", "2010M11", "2010M12", "2011M01", "2011M02", "2011M03", 
"2011M04", "2011M05", "2011M06", "2011M07", "2011M08", "2011M09", 
"2011M10", "2011M11", "2011M12", "2012M01", "2012M02", "2012M03", 
"2012M04", "2012M05", "2012M06", "2012M07", "2012M08", "2012M09", 
"2012M10", "2012M11", "2012M12", "2013M01", "2013M02", "2013M03", 
"2013M04", "2013M05", "2013M06", "2013M07", "2013M08", "2013M09", 
"2013M10", "2013M11", "2013M12", "2014M01", "2014M02", "2014M03", 
"2014M04", "2014M05", "2014M06", "2014M07", "2014M08", "2014M09", 
"2014M10", "2014M11", "2014M12", "2015M01", "2015M02", "2015M03", 
"2015M04", "2015M05", "2015M06", "2015M07", "2015M08", "2015M09", 
"2015M10", "2015M11", "2015M12", "2016M01", "2016M02", "2016M03", 
"2016M04", "2016M05", "2016M06", "2016M07", "2016M08", "2016M09", 
"2016M10", "2016M11", "2016M12", "2017M01", "2017M02", "2017M03", 
"2017M04", "2017M05", "2017M06", "2017M07", "2017M08", "2017M09", 
"2017M10", "2017M11", "2017M12", "2018M01", "2018M02", "2018M03", 
"2018M04", "2018M05", "2018M06", "2018M07", "2018M08", "2018M09", 
"2018M10", "2018M11", "2018M12", "2019M01", "2019M02", "2019M03", 
"2019M04", "2019M05", "2019M06", "2019M07", "2019M08", "2019M09", 
"2019M10", "2019M11", "2019M12", "2020M01", "2020M02", "2020M03", 
"2020M04", "2020M05", "2020M06", "2020M07", "2020M08", "2020M09", 
"2020M10", "2020M11", "2020M12", "2021M01", "2021M02", "2021M03", 
"2021M04", "2021M05", "2021M06", "2021M07", "2021M08", "2021M09", 
"2021M10", "2021M11", "2021M12", "2022M01", "2022M02", "2022M03", 
"2022M04", "2022M05", "2022M06", "2022M07", "2022M08", "2022M09", 
"2022M10", "2022M11", "2022M12", "2023M01", "2023M02", "2023M03", 
"2023M04", "2023M05", "2023M06", "2023M07", "2023M08", "2023M09", 
"2023M10", "2023M11", "2023M12", "2024M01", "2024M02", "2024M03", 
"2024M04", "2024M05", "2024M06", "2024M07", "2024M08", "2024M09", 
"2024M10", "2024M11", "2024M12", "2025M01", "2025M02", "2025M03", 
"2025M04", "2025M05"), value = c(0x1.9c48dea0951f4p+5, 0x1.a4b326a084b93p+5, 
0x1.af94b23a879p+5, 0x1.ac3bbc5392285p+5, 0x1.b7fac271ee8a4p+5, 
0x1.bb06606ef2192p+5, 0x1.b2967f583f482p+5, 0x1.b82be76237d17p+5, 
0x1.c21a2b326bdfep+5, 0x1.c0111a37e240ap+5, 0x1.cf3e41f64d28ep+5, 
0x1.cf7d7e7eca0cap+5, 0x1.dff9bb266ccf8p+5, 0x1.e1f05a672d2e6p+5, 
0x1.dc9ec4b0eeaa6p+5, 0x1.e63e88ea4d052p+5, 0x1.df5dbf8ef6578p+5, 
0x1.dde5a8871676fp+5, 0x1.e8bc01ca6a9b8p+5, 0x1.e723f80198831p+5, 
0x1.e6027863e78bep+5, 0x1.edc429b38cf72p+5, 0x1.f4723e1c1c322p+5, 
0x1.f7c1ba19b001dp+5, 0x1.ecd328eecc79ap+5, 0x1.ec412ac521736p+5, 
0x1.f4c124f10ec56p+5, 0x1.ef340c56155b7p+5, 0x1.f1f4d2f7e9332p+5, 
0x1.f5383e24a6012p+5, 0x1.f72919612d91fp+5, 0x1.f9ad63a100bdcp+5, 
0x1.f7e51a37db0c2p+5, 0x1.f4e74fcec890ap+5, 0x1.f8a5e27aa9d08p+5, 
0x1.0273079f9ab79p+6, 0x1.fb0e5742cc837p+5, 0x1.02951ae1dc6b1p+6, 
0x1.ff950b71812p+5, 0x1.00e7504ba2e4dp+6, 0x1.0366c48da859dp+6, 
0x1.016910d3dc222p+6, 0x1.041d8a0a03cfap+6, 0x1.038e018f88f21p+6, 
0x1.06a6882953e15p+6, 0x1.04d80d4da9dacp+6, 0x1.00d6842af00d5p+6, 
0x1.046bb63dc7f96p+6, 0x1.081fd5a57cf39p+6, 0x1.e73a4394d831bp+5, 
0x1.033ba0d95ca18p+6, 0x1.07feeeeafcadep+6, 0x1.097d00de39dafp+6, 
0x1.09c1586483653p+6, 0x1.0a6b463f3c87ep+6, 0x1.0f7da0d8bcf2fp+6, 
0x1.110a87cc6041ap+6, 0x1.11ea6d7d5edd2p+6, 0x1.0bb11a2044ea1p+6, 
0x1.0e45996e792f8p+6, 0x1.1984ce1a46633p+6, 0x1.127889915e40cp+6, 
0x1.15873e246a3dap+6, 0x1.1519099b1c377p+6, 0x1.17059b9e87906p+6, 
0x1.21126d5af41a4p+6, 0x1.1f81a0e4d5502p+6, 0x1.341bf0546fa3ep+6, 
0x1.1dab853f89f23p+6, 0x1.1cef20ce46a22p+6, 0x1.370d18d14021ap+6, 
0x1.3080cd05c62d6p+6, 0x1.28d8248f630b9p+6, 0x1.266ff5206446dp+6, 
0x1.222c26f7b3d64p+6, 0x1.2ba6518b184e4p+6, 0x1.2a781a22d463dp+6, 
0x1.266a7d89c0a7cp+6, 0x1.2da504187b76p+6, 0x1.2909650d2631ap+6, 
0x1.20273d19a937cp+6, 0x1.2fbf7b4d826c4p+6, 0x1.2f335e0d2ef24p+6, 
0x1.2f10e4f140796p+6, 0x1.28ba098737e0ep+6, 0x1.2d66094585fccp+6, 
0x1.3a00247c3bad4p+6, 0x1.34154006ab1b6p+6, 0x1.348dc0402f324p+6, 
0x1.36064f811fefap+6, 0x1.3a4c637410be6p+6, 0x1.3beb426f377cbp+6, 
0x1.4922ab533b7cbp+6, 0x1.4ba01e11e24bfp+6, 0x1.4bfdbeb7a0944p+6, 
0x1.4b6f3785d4fe5p+6, 0x1.4d3da4dc72451p+6, 0x1.6118b76cc0354p+6, 
0x1.56278b28a01c3p+6, 0x1.5b1485de03521p+6, 0x1.743f2b17ddbadp+6, 
0x1.5e0d6761eb668p+6, 0x1.5dbd4b1e88919p+6, 0x1.66e4125218f1fp+6, 
0x1.6ec726cdac535p+6, 0x1.6229c9bd7f7fep+6, 0x1.68270fe0c3801p+6, 
0x1.5c7f9111b8e71p+6, 0x1.5691955ce3874p+6, 0x1.3da6bd34698dbp+6, 
0x1.42ae865b42ffbp+6, 0x1.3d7b8df60dc34p+6, 0x1.3ff14de02f7b1p+6, 
0x1.387dac381c48p+6, 0x1.35b8734f33a35p+6, 0x1.35bf8d239609fp+6, 
0x1.31c8a7d0b568dp+6, 0x1.356fc19c4fdd2p+6, 0x1.33ce3c66777ebp+6, 
0x1.3ee9e40383947p+6, 0x1.38de926aef815p+6, 0x1.318f33897e55cp+6, 
0x1.3a25ee4bd2bcap+6, 0x1.3bbbc16fd2a04p+6, 0x1.39983020c92a7p+6, 
0x1.412344ca21355p+6, 0x1.3d7f93489a94fp+6, 0x1.335bb17d0fea1p+6, 
0x1.3af8e2bfa42f3p+6, 0x1.3d6eb5a0e746ap+6, 0x1.3e553cb6abe76p+6, 
0x1.3c0b79dc29126p+6, 0x1.3daabdf0ca245p+6, 0x1.43084f58b4edcp+6, 
0x1.3d7000f358e25p+6, 0x1.3ec9619b188bbp+6, 0x1.3fef0afeab927p+6, 
0x1.3ae78aa91d36p+6, 0x1.3fec9d166ef26p+6, 0x1.41a50e398896ap+6, 
0x1.423f97e590c48p+6, 0x1.448645c01eb5ap+6, 0x1.426f17ff9d97bp+6, 
0x1.3d3db16d739dap+6, 0x1.46738b95bd711p+6, 0x1.3e1ae3c546f6dp+6, 
0x1.408ad80e0bb7cp+6, 0x1.37655206826d5p+6, 0x1.35cc6603c035ep+6, 
0x1.3ae73e4564597p+6, 0x1.3c9c7f1ddb77bp+6, 0x1.3c08fec4d26fdp+6, 
0x1.35c1a7dca740ap+6, 0x1.3208831936a1bp+6, 0x1.3046c5a760ae4p+6, 
0x1.31edbb7851c4ep+6, 0x1.3412f0ad37cep+6, 0x1.2f52a4b970e1ep+6, 
0x1.2b864b4e34cd7p+6, 0x1.2f4fb00449c2ap+6, 0x1.3127cd7891418p+6, 
0x1.338e9449dfb77p+6, 0x1.27ec76ad6d6p+6, 0x1.2fc4bcf9d0fbbp+6, 
0x1.28103b9a58088p+6, 0x1.2f5f1b1db251cp+6, 0x1.2e1de3056e012p+6, 
0x1.31b3c9e4ab4b7p+6, 0x1.2f7f95dde6b4fp+6, 0x1.2ab0525de9e1dp+6, 
0x1.2f6bd6ecd86cp+6, 0x1.308a1756c1d2ep+6, 0x1.29f9b60386583p+6, 
0x1.2a2b42522d25ep+6, 0x1.2e9c071e98462p+6, 0x1.312e4798a2f81p+6, 
0x1.318fcb98262b1p+6, 0x1.2d560ffca5cf5p+6, 0x1.2c85ca0c85862p+6, 
0x1.2cac91fdf366ap+6, 0x1.2e3fb725431f5p+6, 0x1.3064e8d0550fdp+6, 
0x1.2ec2498e44c0ap+6, 0x1.32253dc6b46a7p+6, 0x1.33d2dcd6de408p+6, 
0x1.2ec8e5c9d57edp+6, 0x1.2e66ef36ba24p+6, 0x1.308b30a12ac72p+6, 
0x1.331110b950bc5p+6, 0x1.2f65f7e80083fp+6, 0x1.2d388bba7c55fp+6, 
0x1.30934a175daf9p+6, 0x1.34ba3060c7c8cp+6, 0x1.305a7ee8a0eep+6, 
0x1.2f7af69ee59fdp+6, 0x1.38077a2e0a5dbp+6, 0x1.344e9f8e9cf16p+6, 
0x1.3642d5dba1376p+6, 0x1.39a8c7e847a72p+6, 0x1.3c0bee93ea73ap+6, 
0x1.39d54683960d6p+6, 0x1.50266c2d22fa4p+6, 0x1.4cfe3076d0429p+6, 
