structure(list(period_id = c("1995Q1", "1995Q2", "1995Q3", "1995Q4", 
"1996Q1", "1996Q2", "1996Q3", "1996Q4", "1997Q1", "1997Q2", "1997Q3", 
"1997Q4", "1998Q1", "1998Q2", "1998Q3", "1998Q4", "1999Q1", "1999Q2", 
"1999Q3", "1999Q4", "2000Q1", "2000Q2", "2000Q3", "2000Q4", "2001Q1", 
"2001Q2", "2001Q3", "2001Q4", "2002Q1", "2002Q2", "2002Q3", "2002Q4", 
"2003Q1", "2003Q2", "2003Q3", "2003Q4", "2004Q1", "2004Q2", "2004Q3", 
"2004Q4", "2005Q1", "2005Q2", "2005Q3", "2005Q4", "2006Q1", "2006Q2", 
"2006Q3", "2006Q4", "2007Q1", "2007Q2", "2007Q3", "2007Q4", "2008Q1", 
"2008Q2", "2008Q3", "2008Q4", "2009Q1", "2009Q2", "2009Q3", "2009Q4", 
"2010Q1", "2010Q2", "2010Q3", "2010Q4", "2011Q1", "2011Q2", "2011Q3", 
"2011Q4", "2012Q1", "2012Q2", "2012Q3", "2012Q4", "2013Q1", "2013Q2", 
"2013Q3", "2013Q4", "2014Q1", "2014Q2", "2014Q3", "2014Q4", "2015Q1", 
"2015Q2", "2015Q3", "2015Q4", "2016Q1", "2016Q2", "2016Q3", "2016Q4", 
"2017Q1", "2017Q2", "2017Q3", "2017Q4", "2018Q1", "2018Q2", "2018Q3", 
"2018Q4", "2019Q1", "2019Q2", "2019Q3", "2019Q4", "2020Q1", "2020Q2", 
"2020Q3", "2020Q4", "2021Q1", "2021Q2", "2021Q3", "2021Q4", "2022Q1", 
"2022Q2", "2022Q3", "2022Q4", "2023Q1", "2023Q2", "2023Q3", "2023Q4", 
"2024Q1", "2024Q2", "2024Q3", "2024Q4", "2025Q1"), value = c(NA, 
NA, NA, NA, 0x1.e81075b3e1438p+6, 0x1.e2261ed5ae1cep+6, 0x1.f2a14488c60ccp+6, 
0x1.ed82fb19e731dp+6, 0x1.f5669ca9ef523p+6, 0x1.0146175d13d75p+7, 
0x1.08606d938151ap+7, 0x1.15b54c5543287p+7, 0x1.25f140dd3fe19p+7, 
0x1.31974d37c1377p+7, 0x1.364be878fabdap+7, 0x1.3ec4845132f88p+7, 
0x1.401af7b17ce53p+7, 0x1.47e79bbadc098p+7, 0x1.5338bf3bea91ep+7, 
0x1.5bb43b2dd377ep+7, 0x1.5ebc8c2e770bdp+7, 0x1.621ee136e71cep+7, 
0x1.672a830a0b1bcp+7, 0x1.65940f88333fdp+7, 0x1.7bc844ae85b9fp+7, 
0x1.778a643cc07abp+7, 0x1.768293f290abbp+7, 0x1.78d99e94ab1d5p+7, 
0x1.6e60982cb20fbp+7, 0x1.705d16b97fe8fp+7, 0x1.6c4dbf487fcb9p+7, 
0x1.7c5c523f67f4ep+7, 0x1.877bd8e000863p+7, 0x1.94d78c21e1d21p+7, 
0x1.a8ec0a06e9ff1p+7, 0x1.a487687b139c9p+7, 0x1.9e689e774eebfp+7, 
0x1.d68ddc4007571p+7, 0x1.b2ec57e23f24ep+7, 0x1.be2e7cf1c3266p+7, 
0x1.d7bfb9e060fe4p+7, 0x1.e6c53bd167664p+7, 0x1.ee32be8bc169cp+7, 
0x1.121bb7d84901dp+8, 0x1.10a5c8eabffcep+8, 0x1.12245f8d2e515p+8, 
0x1.11bedb8348f54p+8, 0x1.1c6c92bc2fc69p+8, 0x1.1be324d8fd5cbp+8, 
0x1.2b259b0ab2e17p+8, 0x1.364f6e71cda2bp+8, 0x1.3eff5f6fd21ffp+8, 
0x1.45c044e0daa0dp+8, 0x1.4cbecdd0d8cbp+8, 0x1.51405058dde7ap+8, 
0x1.5be46583e8577p+8, 0x1.3db1a5ca29846p+8, 0x1.4078537e2c55dp+8, 
0x1.3e5c40181e03fp+8, 0x1.383b90c9107fbp+8, 0x1.3a9531ec0b567p+8, 
0x1.3b64e5f7403dep+8, 0x1.3e58605681ecdp+8, 0x1.3fe8ce5f7403ep+8, 
0x1.3ffa707e175d1p+8, 0x1.3ef39f87f023fp+8, 0x1.3f3d7342edbb6p+8, 
0x1.412474751ce29p+8, 0x1.41243ec892ab7p+8, 0x1.404368ad68837p+8, 
0x1.3feefa82e87d3p+8, 0x1.414f442c7fbadp+8, 0x1.42ce32c1f42bbp+8, 
0x1.431e3bff8a8f4p+8, 0x1.42d8a7b4e54f8p+8, 0x1.4398d434a01acp+8, 
0x1.4a288637bd05bp+8, 0x1.4f4e85db76b3cp+8, 0x1.510509f1f1498p+8, 
0x1.519c9374bc6a8p+8, 0x1.529a4217d284ap+8, 0x1.528996fa82e88p+8, 
0x1.53a3fd0d0678cp+8, 0x1.559334e768598p+8, 0x1.53476a619da9dp+8, 
0x1.51ec330d73861p+8, 0x1.55f0d7386099ap+8, 0x1.5760787485e3ep+8, 
0x1.5cddd68c692f7p+8, 0x1.649553ef6b5d4p+8, 0x1.674adf1e0828cp+8, 
0x1.6edc2e770bd01p+8, 0x1.729c34d26fa4p+8, 0x1.769940fecdd0ep+8, 
0x1.7fa44c5974e66p+8, 0x1.879977d955715p+8, 0x1.959c7064ece9ap+8, 
0x1.a0cd707182236p+8, 0x1.a4c531ca7d673p+8, 0x1.ab80e6d15ad1p+8, 
0x1.adf33daf8df7ap+8, 0x1.92fdb8cb8e087p+8, 0x1.bb34cea28fe26p+8, 
0x1.c1da85ec3dab6p+8, 0x1.cc0cbff47735cp+8, 0x1.d43b03d145d85p+8, 
0x1.e38d5193708abp+8, 0x1.092e532a497fap+9, 0x1.ff27b8a19c9d6p+8, 
0x1.0ac6bba98eda2p+9, 0x1.0f9ad173fb7a6p+9, 0x1.13b1707182236p+9, 
0x1.1826699418506p+9, 0x1.19f9343fa2ad4p+9, 0x1.209eac3a860ddp+9, 
0x1.277aa2db61bbp+9, 0x1.2aa791ff7164cp+9, 0x1.2c7c801f75105p+9, 
0x1.2c88cb1897a68p+9, 0x1.2c85be22e5de1p+9, 0x1.2cf0ea52ef912p+9
)), class = "data.frame", row.names = c(NA, -121L))
