structure(list(period_id = c("2000M01", "2000M02", "2000M03", 
"2000M04", "2000M05", "2000M06", "2000M07", "2000M08", "2000M09", 
"2000M10", "2000M11", "2000M12", "2001M01", "2001M02", "2001M03", 
"2001M04", "2001M05", "2001M06", "2001M07", "2001M08", "2001M09", 
"2001M10", "2001M11", "2001M12", "2002M01", "2002M02", "2002M03", 
"2002M04", "2002M05", "2002M06", "2002M07", "2002M08", "2002M09", 
"2002M10", "2002M11", "2002M12", "2003M01", "2003M02", "2003M03", 
"2003M04", "2003M05", "2003M06", "2003M07", "2003M08", "2003M09", 
"2003M10", "2003M11", "2003M12", "2004M01", "2004M02", "2004M03", 
"2004M04", "2004M05", "2004M06", "2004M07", "2004M08", "2004M09", 
"2004M10", "2004M11", "2004M12", "2005M01", "2005M02", "2005M03", 
"2005M04", "2005M05", "2005M06", "2005M07", "2005M08", "2005M09", 
"2005M10", "2005M11", "2005M12", "2006M01", "2006M02", "2006M03", 
"2006M04", "2006M05", "2006M06", "2006M07", "2006M08", "2006M09", 
"2006M10", "2006M11", "2006M12", "2007M01", "2007M02", "2007M03", 
"2007M04", "2007M05", "2007M06", "2007M07", "2007M08", "2007M09", 
"2007M10", "2007M11", "2007M12", "2008M01", "2008M02", "2008M03", 
"2008M04", "2008M05", "2008M06", "2008M07", "2008M08", "2008M09", 
"2008M10", "2008M11", "2008M12", "2009M01", "2009M02", "2009M03", 
"2009M04", "2009M05", "2009M06", "2009M07", "2009M08", "2009M09", 
"2009M10", "2009M11", "2009M12", "2010M01", "2010M02", "2010M03", 
"2010M04", "2010M05", "2010M06", "2010M07", "2010M08", "2010M09", 
"2010M10", "2010M11", "2010M12", "2011M01", "2011M02", "2011M03", 
"2011M04", "2011M05", "2011M06", "2011M07", "2011M08", "2011M09", 
"2011M10", "2011M11", "2011M12", "2012M01", "2012M02", "2012M03", 
"2012M04", "2012M05", "2012M06", "2012M07", "2012M08", "2012M09", 
"2012M10", "2012M11", "2012M12", "2013M01", "2013M02", "2013M03", 
"2013M04", "2013M05", "2013M06", "2013M07", "2013M08", "2013M09", 
"2013M10", "2013M11", "2013M12", "2014M01", "2014M02", "2014M03", 
"2014M04", "2014M05", "2014M06", "2014M07", "2014M08", "2014M09", 
"2014M10", "2014M11", "2014M12", "2015M01", "2015M02", "2015M03", 
"2015M04", "2015M05", "2015M06", "2015M07", "2015M08", "2015M09", 
"2015M10", "2015M11", "2015M12", "2016M01", "2016M02", "2016M03", 
"2016M04", "2016M05", "2016M06", "2016M07", "2016M08", "2016M09", 
"2016M10", "2016M11", "2016M12", "2017M01", "2017M02", "2017M03", 
"2017M04", "2017M05", "2017M06", "2017M07", "2017M08", "2017M09", 
"2017M10", "2017M11", "2017M12", "2018M01", "2018M02", "2018M03", 
"2018M04", "2018M05", "2018M06", "2018M07", "2018M08", "2018M09", 
"2018M10", "2018M11", "2018M12", "2019M01", "2019M02", "2019M03", 
"2019M04", "2019M05", "2019M06", "2019M07", "2019M08", "2019M09", 
"2019M10", "2019M11", "2019M12", "2020M01", "2020M02", "2020M03", 
"2020M04", "2020M05", "2020M06", "2020M07", "2020M08", "2020M09", 
"2020M10", "2020M11", "2020M12", "2021M01", "2021M02", "2021M03", 
"2021M04", "2021M05", "2021M06", "2021M07", "2021M08", "2021M09", 
"2021M10", "2021M11", "2021M12", "2022M01", "2022M02", "2022M03", 
"2022M04", "2022M05", "2022M06", "2022M07", "2022M08", "2022M09", 
"2022M10", "2022M11", "2022M12", "2023M01", "2023M02", "2023M03", 
"2023M04", "2023M05", "2023M06", "2023M07", "2023M08", "2023M09", 
"2023M10", "2023M11", "2023M12", "2024M01", "2024M02", "2024M03", 
"2024M04", "2024M05", "2024M06", "2024M07", "2024M08", "2024M09", 
"2024M10", "2024M11", "2024M12", "2025M01", "2025M02", "2025M03", 
"2025M04", "2025M05", "2025M06"), value = c(0x1.9c4ac7433c006p+5, 
0x1.a4afa59c4995dp+5, 0x1.af95c64ffcb33p+5, 0x1.ac37061cb7f5dp+5, 
0x1.b7f82114a29b9p+5, 0x1.bb0a252bdc9b8p+5, 0x1.b2911c3f42159p+5, 
0x1.b82aa8dee3b3bp+5, 0x1.c21a0062cb388p+5, 0x1.c01906e7f8836p+5, 
0x1.cf377129549fdp+5, 0x1.cf777833f99c9p+5, 0x1.dff7aa3acb4d2p+5, 
0x1.e1f27ab625401p+5, 0x1.dc9095c0e739ap+5, 0x1.e63b0ec7b002ep+5, 
0x1.df57a35940bd7p+5, 0x1.dde1526c30c62p+5, 0x1.e8c7ad3f4fd9ap+5, 
0x1.e72f381fd304p+5, 0x1.e5f9579b30d9p+5, 0x1.edc97e12add39p+5, 
0x1.f47effdff47a8p+5, 0x1.f7b3439307c7p+5, 0x1.eccd77a1a98bap+5, 
0x1.ec3170b8a7078p+5, 0x1.f4cc4c43d251dp+5, 0x1.ef3f83354dd6fp+5, 
0x1.f2023a50eaf18p+5, 0x1.f52cb71ed4d9dp+5, 0x1.f72d80eaebae8p+5, 
0x1.f9aaf60073367p+5, 0x1.f7eeab9ccef5ap+5, 0x1.f4e967c5bcc54p+5, 
0x1.f894e69b48f1cp+5, 0x1.027994603313ep+6, 0x1.fb1c00f0c0d51p+5, 
0x1.029d4577f98d2p+6, 0x1.ff896ca72dc0ep+5, 0x1.00e6649e05dcfp+6, 
0x1.035d6c22ff8cap+6, 0x1.016eb59e59021p+6, 0x1.041b5cc9d74edp+6, 
0x1.0387e3193f1f3p+6, 0x1.06a872ed89d2fp+6, 0x1.04d519d3c75d5p+6, 
0x1.00daa1561cda6p+6, 0x1.0468415e43bbbp+6, 0x1.0816639448c34p+6, 
0x1.e73822aae3906p+5, 0x1.033d38ad146d7p+6, 0x1.08046051944dep+6, 
0x1.097ec5ff6e3d4p+6, 0x1.09ba4dfc0d3aap+6, 0x1.0a65bea5e1703p+6, 
0x1.0f80297513a79p+6, 0x1.110645489003dp+6, 0x1.11e7d0b0006dp+6, 
0x1.0bb2de392d007p+6, 0x1.0e50550f3acd3p+6, 0x1.19873410a4df3p+6, 
0x1.12779ed41a8fap+6, 0x1.158ca58614669p+6, 0x1.1511571017915p+6, 
0x1.17069e945edc9p+6, 0x1.2117ce819e57p+6, 0x1.1f8124743e777p+6, 
0x1.341c059d47751p+6, 0x1.1db0170429ceep+6, 0x1.1ce6f4a32f7cbp+6, 
0x1.370bf6ab9ee89p+6, 0x1.30769d50eb7d6p+6, 0x1.28db9e8127dcfp+6, 
0x1.2670c4d1c2416p+6, 0x1.222eb3e029817p+6, 0x1.2ba58d9262762p+6, 
0x1.2a775e2a5589bp+6, 0x1.266ac4424fa16p+6, 0x1.2d9dfefa2bd4ep+6, 
0x1.290588bb33ccbp+6, 0x1.2024ecaf32b2ap+6, 0x1.2fc24c3b6ee64p+6, 
0x1.2f2d8a91ba011p+6, 0x1.2f10373c61188p+6, 0x1.28bd8513ce759p+6, 
0x1.2d68e99f80e8ap+6, 0x1.39f713daf74fbp+6, 0x1.3416763490134p+6, 
0x1.348a79bd21fdfp+6, 0x1.3600fb47ace5ep+6, 0x1.3a52a73b8d0bap+6, 
0x1.3bf0a1171d8e8p+6, 0x1.4919c4ee55976p+6, 0x1.4ba09b09a736fp+6, 
0x1.4c029f15159bcp+6, 0x1.4b6a691b82827p+6, 0x1.4d3fcf39091dcp+6, 
0x1.61177f4d9ccefp+6, 0x1.5627d3bc48cacp+6, 0x1.5b0baf7f15af7p+6, 
0x1.7430d32ed8f08p+6, 0x1.5e13312e3e403p+6, 0x1.5dba9e95ac7dcp+6, 
0x1.66db169e13dcfp+6, 0x1.6ec97640e378fp+6, 0x1.62235f814cbd1p+6, 
0x1.68269ea0b7ae5p+6, 0x1.5c7e895815e49p+6, 0x1.568a728f9ce42p+6, 
0x1.3da445ecd8ca3p+6, 0x1.42b14af5b098ap+6, 0x1.3d79da4d631c4p+6, 
0x1.3ff3b00dc5dd7p+6, 0x1.388349d28f02fp+6, 0x1.35bd9b1d04087p+6, 
0x1.35c5798ec6fb6p+6, 0x1.31c9509d8dc63p+6, 0x1.35744c55e36e4p+6, 
0x1.33cd89859547dp+6, 0x1.3eea513fd2ddcp+6, 0x1.38e470995d19dp+6, 
0x1.318f1cbebe813p+6, 0x1.3a297014e324ep+6, 0x1.3bbecd8e47711p+6, 
0x1.399933964d7e2p+6, 0x1.411aa35de9009p+6, 0x1.3d795e030006dp+6, 
0x1.335f2670de8bap+6, 0x1.3af57c574a0dfp+6, 0x1.3d6bb4a5f4475p+6, 
0x1.3e54a8058ed9ap+6, 0x1.3c185f3b98ec2p+6, 0x1.3dac68bea09f5p+6, 
0x1.4308a135bda6p+6, 0x1.3d6b61f939e8fp+6, 0x1.3eca496216f45p+6, 
0x1.3ff04632ee6efp+6, 0x1.3aef148268728p+6, 0x1.3fec69b0359dap+6, 
0x1.41a4bb427d11cp+6, 0x1.42452ab3be678p+6, 0x1.447e2d6833bcap+6, 
0x1.426d5dee26fap+6, 0x1.3d3311daba14cp+6, 0x1.4673019121016p+6, 
0x1.3e1bc53c414c2p+6, 0x1.4082fe8999d3p+6, 0x1.376573b4c4b72p+6, 
0x1.35c960aa046a5p+6, 0x1.3ae28881e998ap+6, 0x1.3ca224715cea8p+6, 
0x1.3c0c281425e34p+6, 0x1.35ba0c3bf4a74p+6, 0x1.320be13f31532p+6, 
0x1.304f20b811661p+6, 0x1.31e82fc9daefep+6, 0x1.340d226a5bc65p+6, 
0x1.2f4bcf2c6e2fp+6, 0x1.2b8d8a01c761ep+6, 0x1.2f586ffa24962p+6, 
0x1.31303f0fe42c7p+6, 0x1.3385b0b66409p+6, 0x1.27eea6c9e0e9fp+6, 
0x1.2fc05263752c4p+6, 0x1.2815425926906p+6, 0x1.2f6012f921422p+6, 
0x1.2e13edf991fa4p+6, 0x1.31be5cfd514cdp+6, 0x1.2f82b98a0dcf3p+6, 
0x1.2abbef986cc57p+6, 0x1.2f6441ca60cep+6, 0x1.308ac8df331d3p+6, 
0x1.29eebd33ee172p+6, 0x1.2a30f0ecbfd12p+6, 0x1.2e995fdebd38ep+6, 
0x1.312543741258bp+6, 0x1.3191c60dce8ffp+6, 0x1.2d528e65d9a59p+6, 
0x1.2c8aba29b101ep+6, 0x1.2cab18820daefp+6, 0x1.2e3bc9f021592p+6, 
0x1.3061e37f0c7ap+6, 0x1.2ec9415f117d5p+6, 0x1.3221afc66d98p+6, 
0x1.33d4f576fc93ap+6, 0x1.2ecef522abce6p+6, 0x1.2e6aded8c2009p+6, 
0x1.308f26a762088p+6, 0x1.33104bc356313p+6, 0x1.2f6af7cf6c0ccp+6, 
0x1.2d3bd9dc0136fp+6, 0x1.3095887742a01p+6, 0x1.34b1345dff8ebp+6, 
0x1.3059fa1cb30fp+6, 0x1.2f7f9f758f52cp+6, 0x1.38022244f8475p+6, 
0x1.344d1d4473851p+6, 0x1.364add49edc4ap+6, 0x1.39a8895d64b6cp+6, 
0x1.3c0b973b5ecfp+6, 0x1.39d96fdfac0dep+6, 0x1.501d445cc17b4p+6, 
