structure(list(period_id = c("1995Q1", "1995Q2", "1995Q3", "1995Q4", 
"1996Q1", "1996Q2", "1996Q3", "1996Q4", "1997Q1", "1997Q2", "1997Q3", 
"1997Q4", "1998Q1", "1998Q2", "1998Q3", "1998Q4", "1999Q1", "1999Q2", 
"1999Q3", "1999Q4", "2000Q1", "2000Q2", "2000Q3", "2000Q4", "2001Q1", 
"2001Q2", "2001Q3", "2001Q4", "2002Q1", "2002Q2", "2002Q3", "2002Q4", 
"2003Q1", "2003Q2", "2003Q3", "2003Q4", "2004Q1", "2004Q2", "2004Q3", 
"2004Q4", "2005Q1", "2005Q2", "2005Q3", "2005Q4", "2006Q1", "2006Q2", 
"2006Q3", "2006Q4", "2007Q1", "2007Q2", "2007Q3", "2007Q4", "2008Q1", 
"2008Q2", "2008Q3", "2008Q4", "2009Q1", "2009Q2", "2009Q3", "2009Q4", 
"2010Q1", "2010Q2", "2010Q3", "2010Q4", "2011Q1", "2011Q2", "2011Q3", 
"2011Q4", "2012Q1", "2012Q2", "2012Q3", "2012Q4", "2013Q1", "2013Q2", 
"2013Q3", "2013Q4", "2014Q1", "2014Q2", "2014Q3", "2014Q4", "2015Q1", 
"2015Q2", "2015Q3", "2015Q4", "2016Q1", "2016Q2", "2016Q3", "2016Q4", 
"2017Q1", "2017Q2", "2017Q3", "2017Q4", "2018Q1", "2018Q2", "2018Q3", 
"2018Q4", "2019Q1", "2019Q2", "2019Q3", "2019Q4", "2020Q1", "2020Q2", 
"2020Q3", "2020Q4", "2021Q1", "2021Q2", "2021Q3", "2021Q4", "2022Q1", 
"2022Q2", "2022Q3", "2022Q4", "2023Q1", "2023Q2", "2023Q3", "2023Q4", 
"2024Q1", "2024Q2", "2024Q3", "2024Q4", "2025Q1", "2025Q2"), 
    value = c(NA, NA, NA, NA, 0x1.e81075b3e1438p+6, 0x1.e2261ed5ae1cep+6, 
    0x1.f2a14488c60ccp+6, 0x1.ed82fb19e731dp+6, 0x1.f5669ca9ef523p+6, 
    0x1.0146175d13d75p+7, 0x1.08606d938151ap+7, 0x1.15b54c5543287p+7, 
    0x1.25f140dd3fe19p+7, 0x1.31974d37c1377p+7, 0x1.364be878fabdap+7, 
    0x1.3ec4845132f88p+7, 0x1.401af7b17ce53p+7, 0x1.47e79bbadc098p+7, 
    0x1.5338bf3bea91ep+7, 0x1.5bb43b2dd377ep+7, 0x1.5ebc8c2e770bdp+7, 
    0x1.621ee136e71cep+7, 0x1.672a830a0b1bcp+7, 0x1.65940f88333fdp+7, 
    0x1.7bc844ae85b9fp+7, 0x1.778a643cc07abp+7, 0x1.768293f290abbp+7, 
    0x1.78d99e94ab1d5p+7, 0x1.6e60982cb20fbp+7, 0x1.705d16b97fe8fp+7, 
    0x1.6c4dbf487fcb9p+7, 0x1.7c5c523f67f4ep+7, 0x1.877bd8e000863p+7, 
    0x1.94d78c21e1d21p+7, 0x1.a8ec0a06e9ff1p+7, 0x1.a487687b139c9p+7, 
    0x1.9e689e774eebfp+7, 0x1.d68ddc4007571p+7, 0x1.b2ec57e23f24ep+7, 
    0x1.be2e7cf1c3266p+7, 0x1.d7bfb9e060fe4p+7, 0x1.e6c53bd167664p+7, 
    0x1.ee32be8bc169cp+7, 0x1.121bb7d84901dp+8, 0x1.10a5c8eabffcep+8, 
    0x1.12245f8d2e515p+8, 0x1.11bedb8348f54p+8, 0x1.1c6c92bc2fc69p+8, 
    0x1.1be324d8fd5cbp+8, 0x1.2b259b0ab2e17p+8, 0x1.364f6e71cda2bp+8, 
    0x1.3eff5f6fd21ffp+8, 0x1.45c044e0daa0dp+8, 0x1.4cbecdd0d8cbp+8, 
    0x1.51405058dde7ap+8, 0x1.5be46583e8577p+8, 0x1.3db1a5ca29846p+8, 
    0x1.4078537e2c55dp+8, 0x1.3e5c40181e03fp+8, 0x1.383b90c9107fbp+8, 
    0x1.3aa09331a08cp+8, 0x1.3b6916659d12dp+8, 0x1.3e64bd33d2956p+8, 
    0x1.3ff136933a04p+8, 0x1.400c80e8c8abdp+8, 0x1.3f0093426783ap+8, 
    0x1.3f4569e3c9689p+8, 0x1.411e4b124d09ap+8, 0x1.4122bd09e12a5p+8, 
    0x1.4039bfbdf090fp+8, 0x1.3fe7824d4cb9fp+8, 0x1.414950870110ap+8, 
    0x1.42c5899bf5947p+8, 0x1.431ea4fca42afp+8, 0x1.42d489a027525p+8, 
    0x1.439fbd48cb4afp+8, 0x1.4a25908e581cfp+8, 0x1.4f51f2239e6acp+8, 
    0x1.5104f1800a7c6p+8, 0x1.51a371fbc5deap+8, 0x1.52a052502eec8p+8, 
    0x1.529025d074214p+8, 0x1.53b566e008e9bp+8, 0x1.55a0e7ab75643p+8, 
    0x1.534af9335d24ap+8, 0x1.520158d9b5e96p+8, 0x1.55ee601bc98a2p+8, 
    0x1.5765ddb1209eep+8, 0x1.5ce90214ad363p+8, 0x1.64868027d88c2p+8, 
    0x1.675107e9d94d1p+8, 0x1.6ec6f0ae5365p+8, 0x1.7293c87db2b34p+8, 
    0x1.7692f0f16f438p+8, 0x1.7f8f43201040cp+8, 0x1.879cd23d4f15ep+8, 
    0x1.958fea1c68ec5p+8, 0x1.a0be74afd5454p+8, 0x1.a4d364cf8d717p+8, 
    0x1.ab70f7db6e504p+8, 0x1.ae0c49129889p+8, 0x1.92f2c1f42bb66p+8, 
    0x1.bb4a27ae9ab2ap+8, 0x1.c1fefc47e49b2p+8, 0x1.cc14d39da1661p+8, 
    0x1.d45b9d0a67621p+8, 0x1.e3a4083126e98p+8, 0x1.093bf04ddb552p+9, 
    0x1.ff5719b4dcecp+8, 0x1.0ac55cf2495e1p+9, 0x1.0fa5e6b3fe9fbp+9, 
    0x1.13b4515ce9e5ep+9, 0x1.182271476af8ap+9, 0x1.19fdf6b1a2a4ep+9, 
    0x1.208339192641bp+9, 0x1.279943f1c7582p+9, 0x1.2ae17c2ca148cp+9, 
    0x1.2bca5ed4a1ad6p+9, 0x1.2c4791eeaa6d2p+9, 0x1.2c50bd09e12a5p+9, 
    0x1.2d1dea8112ba1p+9, 0x1.2fde84be40421p+9)), class = "data.frame", row.names = c(NA, 
-122L))
