structure(list(period_id = c("1995Q1", "1995Q2", "1995Q3", "1995Q4", 
"1996Q1", "1996Q2", "1996Q3", "1996Q4", "1997Q1", "1997Q2", "1997Q3", 
"1997Q4", "1998Q1", "1998Q2", "1998Q3", "1998Q4", "1999Q1", "1999Q2", 
"1999Q3", "1999Q4", "2000Q1", "2000Q2", "2000Q3", "2000Q4", "2001Q1", 
"2001Q2", "2001Q3", "2001Q4", "2002Q1", "2002Q2", "2002Q3", "2002Q4", 
"2003Q1", "2003Q2", "2003Q3", "2003Q4", "2004Q1", "2004Q2", "2004Q3", 
"2004Q4", "2005Q1", "2005Q2", "2005Q3", "2005Q4", "2006Q1", "2006Q2", 
"2006Q3", "2006Q4", "2007Q1", "2007Q2", "2007Q3", "2007Q4", "2008Q1", 
"2008Q2", "2008Q3", "2008Q4", "2009Q1", "2009Q2", "2009Q3", "2009Q4", 
"2010Q1", "2010Q2", "2010Q3", "2010Q4", "2011Q1", "2011Q2", "2011Q3", 
"2011Q4", "2012Q1", "2012Q2", "2012Q3", "2012Q4", "2013Q1", "2013Q2", 
"2013Q3", "2013Q4", "2014Q1", "2014Q2", "2014Q3", "2014Q4", "2015Q1", 
"2015Q2", "2015Q3", "2015Q4", "2016Q1", "2016Q2", "2016Q3", "2016Q4", 
"2017Q1", "2017Q2", "2017Q3", "2017Q4", "2018Q1", "2018Q2", "2018Q3", 
"2018Q4", "2019Q1", "2019Q2", "2019Q3", "2019Q4", "2020Q1", "2020Q2", 
"2020Q3", "2020Q4", "2021Q1", "2021Q2", "2021Q3", "2021Q4", "2022Q1", 
"2022Q2", "2022Q3", "2022Q4", "2023Q1", "2023Q2", "2023Q3", "2023Q4", 
"2024Q1", "2024Q2", "2024Q3", "2024Q4", "2025Q1"), value = c(0x1.2f28f5c28f5c3p+6, 
0x1.42fef9db22d0ep+6, 0x1.4349ba5e353f8p+6, 0x1.544fdf3b645a2p+6, 
0x1.3a8d4fdf3b646p+6, 0x1.4c9db22d0e56p+6, 0x1.4a23d70a3d70ap+6, 
0x1.56d604189374cp+6, 0x1.3d7ced916872bp+6, 0x1.477ae147ae148p+6, 
0x1.43d3f7ced9168p+6, 0x1.4fd70a3d70a3dp+6, 0x1.353e76c8b4396p+6, 
0x1.48f1a9fbe76c9p+6, 0x1.45126e978d4fep+6, 0x1.574189374bc6ap+6, 
0x1.3d0c49ba5e354p+6, 0x1.4fa2d0e560419p+6, 0x1.4b75c28f5c28fp+6, 
0x1.5a978d4fdf3b6p+6, 0x1.4172b020c49bap+6, 0x1.53fced916872bp+6, 
0x1.515d2f1a9fbe7p+6, 0x1.6146a7ef9db23p+6, 0x1.46d916872b021p+6, 
0x1.5bcbc6a7ef9dbp+6, 0x1.571db22d0e56p+6, 0x1.68a5e353f7ceep+6, 
0x1.4fdf3b645a1cbp+6, 0x1.613e76c8b4396p+6, 0x1.5b126e978d4fep+6, 
0x1.6c6872b020c4ap+6, 0x1.551374bc6a7fp+6, 0x1.6870a3d70a3d7p+6, 
0x1.6272b020c49bap+6, 0x1.714189374bc6ap+6, 0x1.55be76c8b4396p+6, 
0x1.67d70a3d70a3dp+6, 0x1.6234395810625p+6, 0x1.739999999999ap+6, 
0x1.5eee978d4fdf4p+6, 0x1.6b89374bc6a7fp+6, 0x1.6620c49ba5e35p+6, 
0x1.7a75c28f5c28fp+6, 0x1.5e15810624dd3p+6, 0x1.709db22d0e56p+6, 
0x1.69126e978d4fep+6, 0x1.7c820c49ba5e3p+6, 0x1.63c7ae147ae14p+6, 
0x1.774ac083126e9p+6, 0x1.6ee5604189375p+6, 0x1.83d3f7ced9168p+6, 
0x1.712c083126e98p+6, 0x1.83d810624dd2fp+6, 0x1.7e872b020c49cp+6, 
0x1.97f0a3d70a3d7p+6, 0x1.83c189374bc6ap+6, 0x1.95cdd2f1a9fbep+6, 
0x1.8724dd2f1a9fcp+6, 0x1.9b8c49ba5e354p+6, 0x1.8625e353f7ceep+6, 
0x1.960c49ba5e354p+6, 0x1.8796872b020c5p+6, 0x1.9c374bc6a7efap+6, 
0x1.8515810624dd3p+6, 0x1.984fdf3b645a2p+6, 0x1.894dd2f1a9fbep+6, 
0x1.a13c6a7ef9db2p+6, 0x1.8a16872b020c5p+6, 0x1.a0d604189374cp+6, 
0x1.946a7ef9db22dp+6, 0x1.ab7ef9db22d0ep+6, 0x1.95ac083126e98p+6, 
0x1.a4df3b645a1cbp+6, 0x1.95c8b43958106p+6, 0x1.ac810624dd2f2p+6, 
0x1.949ba5e353f7dp+6, 0x1.a71fbe76c8b44p+6, 0x1.96af1a9fbe76dp+6, 
0x1.addd2f1a9fbe7p+6, 0x1.93df3b645a1cbp+6, 0x1.a73e76c8b4396p+6, 
0x1.975f3b645a1cbp+6, 0x1.aca5e353f7ceep+6, 0x1.983e76c8b4396p+6, 
0x1.a75c28f5c28f6p+6, 0x1.9ad810624dd2fp+6, 0x1.b0395810624ddp+6, 
0x1.9948b43958106p+6, 0x1.ad872b020c49cp+6, 0x1.9edb22d0e5604p+6, 
0x1.b4d70a3d70a3dp+6, 0x1.a049ba5e353f8p+6, 0x1.b315810624dd3p+6, 
0x1.a79999999999ap+6, 0x1.bd78d4fdf3b64p+6, 0x1.a9010624dd2f2p+6, 
0x1.bbd916872b021p+6, 0x1.abfef9db22d0ep+6, 0x1.c523d70a3d70ap+6, 
0x1.b6f2b020c49bap+6, 0x1.d828f5c28f5c3p+6, 0x1.b89db22d0e56p+6, 
0x1.d027ef9db22d1p+6, 0x1.bc851eb851eb8p+6, 0x1.ca2e147ae147bp+6, 
0x1.bd6f9db22d0e5p+6, 0x1.d68p+6, 0x1.c84189374bc6ap+6, 0x1.d9eb851eb851fp+6, 
0x1.cbb4395810625p+6, 0x1.ee178d4fdf3b6p+6, 0x1.e1c9ba5e353f8p+6, 
0x1.fac7ae147ae14p+6, 0x1.eb24dd2f1a9fcp+6, 0x1.06de353f7ced9p+7, 
0x1.00c624dd2f1aap+7, 0x1.0aa147ae147aep+7, 0x1.00a04189374bcp+7, 
0x1.105a1cac08312p+7, 0x1.0925e353f7ceep+7)), class = "data.frame", row.names = c(NA, 
-121L))
