structure(list(period_id = c("1995Q1", "1995Q2", "1995Q3", "1995Q4", 
"1996Q1", "1996Q2", "1996Q3", "1996Q4", "1997Q1", "1997Q2", "1997Q3", 
"1997Q4", "1998Q1", "1998Q2", "1998Q3", "1998Q4", "1999Q1", "1999Q2", 
"1999Q3", "1999Q4", "2000Q1", "2000Q2", "2000Q3", "2000Q4", "2001Q1", 
"2001Q2", "2001Q3", "2001Q4", "2002Q1", "2002Q2", "2002Q3", "2002Q4", 
"2003Q1", "2003Q2", "2003Q3", "2003Q4", "2004Q1", "2004Q2", "2004Q3", 
"2004Q4", "2005Q1", "2005Q2", "2005Q3", "2005Q4", "2006Q1", "2006Q2", 
"2006Q3", "2006Q4", "2007Q1", "2007Q2", "2007Q3", "2007Q4", "2008Q1", 
"2008Q2", "2008Q3", "2008Q4", "2009Q1", "2009Q2", "2009Q3", "2009Q4", 
"2010Q1", "2010Q2", "2010Q3", "2010Q4", "2011Q1", "2011Q2", "2011Q3", 
"2011Q4", "2012Q1", "2012Q2", "2012Q3", "2012Q4", "2013Q1", "2013Q2", 
"2013Q3", "2013Q4", "2014Q1", "2014Q2", "2014Q3", "2014Q4", "2015Q1", 
"2015Q2", "2015Q3", "2015Q4", "2016Q1", "2016Q2", "2016Q3", "2016Q4", 
"2017Q1", "2017Q2", "2017Q3", "2017Q4", "2018Q1", "2018Q2", "2018Q3", 
"2018Q4", "2019Q1", "2019Q2", "2019Q3", "2019Q4", "2020Q1", "2020Q2", 
"2020Q3", "2020Q4", "2021Q1", "2021Q2", "2021Q3", "2021Q4", "2022Q1", 
"2022Q2", "2022Q3", "2022Q4", "2023Q1", "2023Q2", "2023Q3", "2023Q4", 
"2024Q1", "2024Q2", "2024Q3", "2024Q4", "2025Q1"), value = c(0x1.d76p+12, 
0x1.d63999999999ap+12, 0x1.c8d3333333333p+12, 0x1.e9b199999999ap+12, 
0x1.fa5e666666666p+12, 0x1.f5bcccccccccdp+12, 0x1.e62e666666666p+12, 
0x1.fd6cccccccccdp+12, 0x1.01e6666666666p+13, 0x1.0a68p+13, 0x1.0dd2666666666p+13, 
0x1.0bc4ccccccccdp+13, 0x1.0a43333333333p+13, 0x1.0e0cp+13, 0x1.12cb333333333p+13, 
0x1.138d99999999ap+13, 0x1.0b6199999999ap+13, 0x1.1060ccccccccdp+13, 
0x1.0d2e666666666p+13, 0x1.0da7333333333p+13, 0x1.15d3333333333p+13, 
0x1.132599999999ap+13, 0x1.15e599999999ap+13, 0x1.179599999999ap+13, 
0x1.1a74ccccccccdp+13, 0x1.1d7199999999ap+13, 0x1.1f5cp+13, 0x1.211a666666666p+13, 
0x1.274cp+13, 0x1.2b8199999999ap+13, 0x1.3186666666666p+13, 0x1.359599999999ap+13, 
0x1.39dcp+13, 0x1.3ea999999999ap+13, 0x1.40c2666666666p+13, 0x1.43f199999999ap+13, 
0x1.491199999999ap+13, 0x1.49f8ccccccccdp+13, 0x1.4caa666666666p+13, 
0x1.52e3333333333p+13, 0x1.4e2cp+13, 0x1.5b4d99999999ap+13, 0x1.5ed4p+13, 
0x1.62a6666666666p+13, 0x1.644f333333333p+13, 0x1.6a06666666666p+13, 
0x1.6f7a666666666p+13, 0x1.73ba666666666p+13, 0x1.7bf6666666666p+13, 
0x1.7f4199999999ap+13, 0x1.805599999999ap+13, 0x1.7f43333333333p+13, 
0x1.8a07333333333p+13, 0x1.8b5599999999ap+13, 0x1.85d8ccccccccdp+13, 
0x1.7d84ccccccccdp+13, 0x1.6bfe666666666p+13, 0x1.6d13333333333p+13, 
0x1.68df333333333p+13, 0x1.6c9a666666666p+13, 0x1.68be666666666p+13, 
0x1.6457333333333p+13, 0x1.690b333333333p+13, 0x1.6538p+13, 0x1.63fd99999999ap+13, 
0x1.6997333333333p+13, 0x1.67bf333333333p+13, 0x1.652p+13, 0x1.614b333333333p+13, 
0x1.5e23333333333p+13, 0x1.5f5199999999ap+13, 0x1.5ca0ccccccccdp+13, 
0x1.5df0ccccccccdp+13, 0x1.5fd8p+13, 0x1.5ea0ccccccccdp+13, 0x1.5d28p+13, 
0x1.5b20ccccccccdp+13, 0x1.5d6599999999ap+13, 0x1.5ba8ccccccccdp+13, 
0x1.5dd2666666666p+13, 0x1.611b333333333p+13, 0x1.632cccccccccdp+13, 
0x1.692p+13, 0x1.63c4p+13, 0x1.70de666666666p+13, 0x1.6e2d99999999ap+13, 
0x1.7004ccccccccdp+13, 0x1.74d6666666666p+13, 0x1.797199999999ap+13, 
0x1.7a8199999999ap+13, 0x1.7eff333333333p+13, 0x1.803599999999ap+13, 
0x1.8148p+13, 0x1.88acccccccccdp+13, 0x1.89e6666666666p+13, 0x1.8b6d99999999ap+13, 
0x1.9350ccccccccdp+13, 0x1.957cp+13, 0x1.94c8ccccccccdp+13, 0x1.9336666666666p+13, 
0x1.8d8e666666666p+13, 0x1.562e666666666p+13, 0x1.67e2666666666p+13, 
0x1.84fb333333333p+13, 0x1.9b62666666666p+13, 0x1.9986666666666p+13, 
0x1.a19p+13, 0x1.af4d99999999ap+13, 0x1.bbc6666666666p+13, 0x1.c09199999999ap+13, 
0x1.c332666666666p+13, 0x1.bf30ccccccccdp+13, 0x1.c5e999999999ap+13, 
0x1.cff4p+13, 0x1.cdfcccccccccdp+13, 0x1.d5e999999999ap+13, 0x1.da1999999999ap+13, 
0x1.df34p+13, 0x1.e198ccccccccdp+13, 0x1.e780ccccccccdp+13, 0x1.e8f8p+13
)), class = "data.frame", row.names = c(NA, -121L))
