structure(list(period_id = c("1994Q1", "1994Q2", "1994Q3", "1994Q4", 
"1995Q1", "1995Q2", "1995Q3", "1995Q4", "1996Q1", "1996Q2", "1996Q3", 
"1996Q4", "1997Q1", "1997Q2", "1997Q3", "1997Q4", "1998Q1", "1998Q2", 
"1998Q3", "1998Q4", "1999Q1", "1999Q2", "1999Q3", "1999Q4", "2000Q1", 
"2000Q2", "2000Q3", "2000Q4", "2001Q1", "2001Q2", "2001Q3", "2001Q4", 
"2002Q1", "2002Q2", "2002Q3", "2002Q4", "2003Q1", "2003Q2", "2003Q3", 
"2003Q4", "2004Q1", "2004Q2", "2004Q3", "2004Q4", "2005Q1", "2005Q2", 
"2005Q3", "2005Q4", "2006Q1", "2006Q2", "2006Q3", "2006Q4", "2007Q1", 
"2007Q2", "2007Q3", "2007Q4", "2008Q1", "2008Q2", "2008Q3", "2008Q4", 
"2009Q1", "2009Q2", "2009Q3", "2009Q4", "2010Q1", "2010Q2", "2010Q3", 
"2010Q4", "2011Q1", "2011Q2", "2011Q3", "2011Q4", "2012Q1", "2012Q2", 
"2012Q3", "2012Q4", "2013Q1", "2013Q2", "2013Q3", "2013Q4", "2014Q1", 
"2014Q2", "2014Q3", "2014Q4", "2015Q1", "2015Q2", "2015Q3", "2015Q4", 
"2016Q1", "2016Q2", "2016Q3", "2016Q4", "2017Q1", "2017Q2", "2017Q3", 
"2017Q4", "2018Q1", "2018Q2", "2018Q3", "2018Q4", "2019Q1", "2019Q2", 
"2019Q3", "2019Q4", "2020Q1", "2020Q2", "2020Q3", "2020Q4", "2021Q1", 
"2021Q2", "2021Q3", "2021Q4", "2022Q1", "2022Q2", "2022Q3", "2022Q4", 
"2023Q1", "2023Q2", "2023Q3", "2023Q4", "2024Q1", "2024Q2", "2024Q3", 
"2024Q4", "2025Q1", "2025Q2"), value = c(0x1.c851633482be9p+6, 
0x1.c9c9d1f601798p+6, 0x1.d2429f16b11c7p+6, 0x1.d5cd1b71758e2p+6, 
0x1.e619628cbd124p+6, 0x1.f8d82a9930be1p+6, 0x1.edd1dbca9691ap+6, 
0x1.dad4538ef34d7p+6, 0x1.c0deadd590c0bp+6, 0x1.b9684dfce3151p+6, 
0x1.c09b9389b52p+6, 0x1.b8377d955714cp+6, 0x1.b39cf56eac86p+6, 
0x1.b29d92b7fe08bp+6, 0x1.a9bfb15b573ebp+6, 0x1.a3e2b6ae7d567p+6, 
0x1.a394538ef34d7p+6, 0x1.a9ade00d1b717p+6, 0x1.b5bbe22e5de16p+6, 
0x1.cba014f8b588ep+6, 0x1.c809691a75cd1p+6, 0x1.bd5fc115df655p+6, 
0x1.b67dfe32a0664p+6, 0x1.b6339192641b3p+6, 0x1.ab3583a53b8e5p+6, 
0x1.9fc8c9320d994p+6, 0x1.96f3d5bab2181p+6, 0x1.8f66cca2db61cp+6, 
0x1.8fac17ebaf102p+6, 0x1.88b785729b281p+6, 0x1.8852ad81adea9p+6, 
0x1.884012599ed7cp+6, 0x1.83209d495182bp+6, 0x1.80a6223e18698p+6, 
0x1.8367caea747d8p+6, 0x1.8132ccf6be37ep+6, 0x1.8497785729b28p+6, 
0x1.858be37de939fp+6, 0x1.8184ece9a2c67p+6, 0x1.831691a75cd0cp+6, 
0x1.82cfd75e2046cp+6, 0x1.7db404ea4a8c1p+6, 0x1.7c5a58f7121abp+6, 
0x1.7f550092ccf6cp+6, 0x1.7d826aa8eb463p+6, 0x1.7b43fe5c91d15p+6, 
0x1.78f55714b9cb7p+6, 0x1.7777a786c2268p+6, 0x1.76d6262cba733p+6, 
0x1.7982f5989df11p+6, 0x1.7a6e1ef73c0c2p+6, 0x1.79b98f1d3ed52p+6, 
0x1.7a030014f8b59p+6, 0x1.7aa110a137f39p+6, 0x1.7abbcd35a8588p+6, 
0x1.7cc7ef9db22d1p+6, 0x1.7eb97cc39ffd6p+6, 0x1.8012ec6bce853p+6, 
0x1.7c86f3f52fc26p+6, 0x1.7d844523f67f5p+6, 0x1.8c031ceaf251cp+6, 
0x1.8b2bb6ed6777p+6, 0x1.8b5335d249e45p+6, 0x1.8b7551d68c693p+6, 
0x1.8567ef9db22d1p+6, 0x1.7f45197a24895p+6, 0x1.7f9a31a4bdba1p+6, 
0x1.8290b0f27bb3p+6, 0x1.815f0995aaf79p+6, 0x1.83a37b4a2339cp+6, 
0x1.849595feda661p+6, 0x1.85b77af64063ap+6, 0x1.80d197a24894cp+6, 
0x1.802a1dfb9389bp+6, 0x1.7d74f8b588e37p+6, 0x1.7fb1d3ed527e5p+6, 
0x1.821e6c4c5974ep+6, 0x1.835fac1d29dc7p+6, 0x1.87261cffeb075p+6, 
0x1.8996555c52e73p+6, 0x1.8e67ff583a53cp+6, 0x1.8d830d306a2b1p+6, 
0x1.8bd0a137f38c5p+6, 0x1.91a169c23b795p+6, 0x1.915a0f9096bbap+6, 
0x1.894198f1d3ed5p+6, 0x1.921f8ca8198f2p+6, 0x1.9359192641b33p+6, 
0x1.9955df6555c53p+6, 0x1.97336f7e3d1ccp+6, 0x1.96915379fa97ep+6, 
0x1.954fb00bcbe62p+6, 0x1.93153f7ced917p+6, 0x1.94b34acaff6d3p+6, 
0x1.9aaffeb074a77p+6, 0x1.9bc2c12ad81aep+6, 0x1.9d26f69446738p+6, 
0x1.9eaac083126e9p+6, 0x1.a23dd97f62b6bp+6, 0x1.a11a82e87d2c8p+6, 
0x1.9f59d883ba344p+6, 0x1.9f56a93f290acp+6, 0x1.9f450efdc9c4ep+6, 
0x1.9e8c8de2ac322p+6, 0x1.9fcfb00bcbe62p+6, 0x1.a545e0b4e11dcp+6, 
0x1.a9df2e48e8a72p+6, 0x1.abd10cb295e9ep+6, 0x1.aacce1c58255bp+6, 
0x1.ab362e09fe868p+6, 0x1.a91886594af4fp+6, 0x1.a7f0be0ded289p+6, 
0x1.aa2b923a29c78p+6, 0x1.a3c631f8a0903p+6, 0x1.9f3c408d8ec96p+6, 
0x1.a3bab7564302bp+6, 0x1.a84a5a469d734p+6, 0x1.ab446c764aep+6, 
0x1.afc12ad81adebp+6, 0x1.aecfca42aed14p+6, 0x1.af4ad2dcb1466p+6, 
0x1.b04e43aa79bbbp+6, 0x1.b115158b827fap+6, 0x1.b0909e98dcdb3p+6, 
0x1.af47d2c7b890dp+6, 0x1.b3e11dbca9692p+6)), class = "data.frame", row.names = c(NA, 
-126L))
