structure(list(period_id = c("2000", "2001", "2002", "2003", 
"2004", "2005", "2006", "2007", "2008", "2009", "2010", "2011", 
"2012", "2013", "2014", "2015", "2016", "2017", "2018", "2019", 
"2020", "2021", "2022"), value = c(0x1.549cd50ebaadep+9, 0x1.8b52411c2a023p+9, 
0x1.9af15b8993922p+9, 0x1.b22ec81d3aa37p+9, 0x1.f585bc23315d7p+9, 
0x1.0cf7d594f26afp+10, 0x1.4008647baa9b5p+10, 0x1.6e3e24aada33cp+10, 
0x1.a6c781450efddp+10, 0x1.a70e737da61e1p+10, 0x1.ad6cbff04577ep+10, 
0x1.4879a89331a09p+10, 0x1.4933291fb3fa7p+10, 0x1.6bb8124d099e1p+10, 
0x1.c2e3a2a0a9585p+10, 0x1.ab252a27f1b69p+10, 0x1.20d5eb67c287p+10, 
0x1.1ca058793dd98p+10, 0x1.7799e219652bdp+10, 0x1.a1b4e68a0d34ap+10, 
0x1.9f9441e14bdfdp+10, 0x1.0513d5bccaf71p+11, 0x1.3fe79b5c7cd8ap+11
)), class = "data.frame", row.names = c(NA, -23L))
