structure(list(period_id = c("1995Q1", "1995Q2", "1995Q3", "1995Q4", 
"1996Q1", "1996Q2", "1996Q3", "1996Q4", "1997Q1", "1997Q2", "1997Q3", 
"1997Q4", "1998Q1", "1998Q2", "1998Q3", "1998Q4", "1999Q1", "1999Q2", 
"1999Q3", "1999Q4", "2000Q1", "2000Q2", "2000Q3", "2000Q4", "2001Q1", 
"2001Q2", "2001Q3", "2001Q4", "2002Q1", "2002Q2", "2002Q3", "2002Q4", 
"2003Q1", "2003Q2", "2003Q3", "2003Q4", "2004Q1", "2004Q2", "2004Q3", 
"2004Q4", "2005Q1", "2005Q2", "2005Q3", "2005Q4", "2006Q1", "2006Q2", 
"2006Q3", "2006Q4", "2007Q1", "2007Q2", "2007Q3", "2007Q4", "2008Q1", 
"2008Q2", "2008Q3", "2008Q4", "2009Q1", "2009Q2", "2009Q3", "2009Q4", 
"2010Q1", "2010Q2", "2010Q3", "2010Q4", "2011Q1", "2011Q2", "2011Q3", 
"2011Q4", "2012Q1", "2012Q2", "2012Q3", "2012Q4", "2013Q1", "2013Q2", 
"2013Q3", "2013Q4", "2014Q1", "2014Q2", "2014Q3", "2014Q4", "2015Q1", 
"2015Q2", "2015Q3", "2015Q4", "2016Q1", "2016Q2", "2016Q3", "2016Q4", 
"2017Q1", "2017Q2", "2017Q3", "2017Q4", "2018Q1", "2018Q2", "2018Q3", 
"2018Q4", "2019Q1", "2019Q2", "2019Q3", "2019Q4", "2020Q1", "2020Q2", 
"2020Q3", "2020Q4", "2021Q1", "2021Q2", "2021Q3", "2021Q4", "2022Q1", 
"2022Q2", "2022Q3", "2022Q4", "2023Q1", "2023Q2", "2023Q3", "2023Q4", 
"2024Q1", "2024Q2", "2024Q3", "2024Q4", "2025Q1", "2025Q2"), 
    value = c(0x1.fc3678p+20, 0x1.000e4f3333333p+21, 0x1.00c31cp+21, 
    0x1.016c2d999999ap+21, 0x1.023c2p+21, 0x1.04413cccccccdp+21, 
    0x1.0563de6666666p+21, 0x1.06a0026666666p+21, 0x1.07c160ccccccdp+21, 
    0x1.0ae57cp+21, 0x1.0cd6733333333p+21, 0x1.0fa3e9999999ap+21, 
    0x1.11a1a4p+21, 0x1.12b47b3333333p+21, 0x1.145818p+21, 0x1.155118p+21, 
    0x1.17f23d999999ap+21, 0x1.195c81999999ap+21, 0x1.1cfaef3333333p+21, 
    0x1.1ffff73333333p+21, 0x1.2392f73333333p+21, 0x1.267e88p+21, 
    0x1.285d84p+21, 0x1.29f3bd999999ap+21, 0x1.2ce0c9999999ap+21, 
    0x1.2cf68f3333333p+21, 0x1.2dc7726666666p+21, 0x1.2dd0833333333p+21, 
    0x1.2e9c5d999999ap+21, 0x1.300d2cp+21, 0x1.31718e6666666p+21, 
    0x1.32110cccccccdp+21, 0x1.318eacccccccdp+21, 0x1.31de98ccccccdp+21, 
    0x1.33ee0cccccccdp+21, 0x1.35f521999999ap+21, 0x1.3802cp+21, 
    0x1.3a0a2e6666666p+21, 0x1.3af07cccccccdp+21, 0x1.3c8375999999ap+21, 
    0x1.3d6b7e6666666p+21, 0x1.3f8da9999999ap+21, 0x1.4216ad999999ap+21, 
    0x1.446d19999999ap+21, 0x1.47b65b3333333p+21, 0x1.4bae5a6666666p+21, 
    0x1.4da1566666666p+21, 0x1.512394p+21, 0x1.53cfp+21, 0x1.561d44ccccccdp+21, 
    0x1.57be98p+21, 0x1.59d644ccccccdp+21, 0x1.5c05f26666666p+21, 
    0x1.5aac68ccccccdp+21, 0x1.59030a6666666p+21, 0x1.53164e6666666p+21, 
    0x1.4919p+21, 0x1.49113p+21, 0x1.4a59dcccccccdp+21, 0x1.4bd5b5999999ap+21, 
    0x1.4cff44ccccccdp+21, 0x1.506444p+21, 0x1.520278ccccccdp+21, 
    0x1.5406a0ccccccdp+21, 0x1.5759d9999999ap+21, 0x1.57c520ccccccdp+21, 
    0x1.58128cccccccdp+21, 0x1.56d120ccccccdp+21, 0x1.56556b3333333p+21, 
    0x1.5549aa6666666p+21, 0x1.54dbc4ccccccdp+21, 0x1.536289999999ap+21, 
    0x1.5280126666666p+21, 0x1.54b390ccccccdp+21, 0x1.55f0e5999999ap+21, 
    0x1.56db94ccccccdp+21, 0x1.587b7f3333333p+21, 0x1.598d5cp+21, 
    0x1.5b7748ccccccdp+21, 0x1.5cd68b3333333p+21, 0x1.5fb128p+21, 
    0x1.61991f3333333p+21, 0x1.631d966666666p+21, 0x1.64f4e66666666p+21, 
    0x1.66a3fe6666666p+21, 0x1.67c36e6666666p+21, 0x1.6984073333333p+21, 
    0x1.6c49ab3333333p+21, 0x1.6f6e133333333p+21, 0x1.7241866666666p+21, 
    0x1.74ed6d999999ap+21, 0x1.77e99p+21, 0x1.78b9d8p+21, 0x1.7ac328ccccccdp+21, 
    0x1.7b7085999999ap+21, 0x1.7dc7573333333p+21, 0x1.808899999999ap+21, 
    0x1.824a41999999ap+21, 0x1.8318b0ccccccdp+21, 0x1.838b7b3333333p+21, 
    0x1.78050e6666666p+21, 0x1.4fbe5e6666666p+21, 0x1.7406ea6666666p+21, 
    0x1.75cfdf3333333p+21, 0x1.78c7e4p+21, 0x1.80fba0ccccccdp+21, 
    0x1.877409999999ap+21, 0x1.8b35a8ccccccdp+21, 0x1.8d7334ccccccdp+21, 
    0x1.90a0e73333333p+21, 0x1.9298e0ccccccdp+21, 0x1.91cd14p+21, 
    0x1.92ac34p+21, 0x1.930f98p+21, 0x1.93754cp+21, 0x1.93a75cp+21, 
    0x1.9552b1999999ap+21, 0x1.967f49999999ap+21, 0x1.9823af3333333p+21, 
    0x1.99c378ccccccdp+21, 0x1.9bcbfe6666666p+21, 0x1.9c82fp+21
    )), class = "data.frame", row.names = c(NA, -122L))
