structure(list(period_id = c("2023M01", "2023M02", "2023M03", 
"2023M04", "2023M05", "2023M06", "2023M07", "2023M08", "2023M09", 
"2023M10", "2023M11", "2023M12", "2024M01", "2024M02", "2024M03", 
"2024M04", "2024M05", "2024M06", "2024M07", "2024M08", "2024M09", 
"2024M10", "2024M11", "2024M12", "2025M01", "2025M02"), value = c(0x1.0ad999999999ap+11, 
0x1.08ceb851eb852p+11, 0x1.10af5c28f5c29p+11, 0x1.13128f5c28f5cp+11, 
0x1.142947ae147aep+11, 0x1.195570a3d70a4p+11, 0x1.1560a3d70a3d7p+11, 
0x1.160851eb851ecp+11, 0x1.13ecccccccccdp+11, 0x1.17870a3d70a3dp+11, 
0x1.289851eb851ecp+11, 0x1.516147ae147aep+11, 0x1.20470a3d70a3dp+11, 
0x1.1cfb333333333p+11, 0x1.2117ae147ae14p+11, 0x1.24fc7ae147ae1p+11, 
0x1.24c8f5c28f5c3p+11, 0x1.27d947ae147aep+11, 0x1.2975c28f5c28fp+11, 
0x1.263851eb851ecp+11, 0x1.24e23d70a3d71p+11, 0x1.2a8b333333333p+11, 
0x1.3ad7ae147ae14p+11, 0x1.5e7f0a3d70a3dp+11, 0x1.340b333333333p+11, 
0x1.2fdfae147ae14p+11)), class = "data.frame", row.names = c(NA, 
-26L))
