structure(list(period_id = c("1995Q1", "1995Q2", "1995Q3", "1995Q4", 
"1996Q1", "1996Q2", "1996Q3", "1996Q4", "1997Q1", "1997Q2", "1997Q3", 
"1997Q4", "1998Q1", "1998Q2", "1998Q3", "1998Q4", "1999Q1", "1999Q2", 
"1999Q3", "1999Q4", "2000Q1", "2000Q2", "2000Q3", "2000Q4", "2001Q1", 
"2001Q2", "2001Q3", "2001Q4", "2002Q1", "2002Q2", "2002Q3", "2002Q4", 
"2003Q1", "2003Q2", "2003Q3", "2003Q4", "2004Q1", "2004Q2", "2004Q3", 
"2004Q4", "2005Q1", "2005Q2", "2005Q3", "2005Q4", "2006Q1", "2006Q2", 
"2006Q3", "2006Q4", "2007Q1", "2007Q2", "2007Q3", "2007Q4", "2008Q1", 
"2008Q2", "2008Q3", "2008Q4", "2009Q1", "2009Q2", "2009Q3", "2009Q4", 
"2010Q1", "2010Q2", "2010Q3", "2010Q4", "2011Q1", "2011Q2", "2011Q3", 
"2011Q4", "2012Q1", "2012Q2", "2012Q3", "2012Q4", "2013Q1", "2013Q2", 
"2013Q3", "2013Q4", "2014Q1", "2014Q2", "2014Q3", "2014Q4", "2015Q1", 
"2015Q2", "2015Q3", "2015Q4", "2016Q1", "2016Q2", "2016Q3", "2016Q4", 
"2017Q1", "2017Q2", "2017Q3", "2017Q4", "2018Q1", "2018Q2", "2018Q3", 
"2018Q4", "2019Q1", "2019Q2", "2019Q3", "2019Q4", "2020Q1", "2020Q2", 
"2020Q3", "2020Q4", "2021Q1", "2021Q2", "2021Q3", "2021Q4", "2022Q1", 
"2022Q2", "2022Q3", "2022Q4", "2023Q1", "2023Q2", "2023Q3", "2023Q4", 
"2024Q1", "2024Q2", "2024Q3", "2024Q4"), value = c(0x1.61bb333333333p+12, 
0x1.639p+12, 0x1.64be666666666p+12, 0x1.65d999999999ap+12, 0x1.68ab333333333p+12, 
0x1.6b4999999999ap+12, 0x1.7003333333333p+12, 0x1.756p+12, 0x1.78d4ccccccccdp+12, 
0x1.8028p+12, 0x1.834199999999ap+12, 0x1.8548p+12, 0x1.87acccccccccdp+12, 
0x1.89c199999999ap+12, 0x1.8cf8p+12, 0x1.9094ccccccccdp+12, 0x1.958e666666666p+12, 
0x1.a773333333333p+12, 0x1.9e46666666666p+12, 0x1.a42199999999ap+12, 
0x1.aa0b333333333p+12, 0x1.ae7999999999ap+12, 0x1.b31199999999ap+12, 
0x1.b5e3333333333p+12, 0x1.b88e666666666p+12, 0x1.bc2cccccccccdp+12, 
0x1.be96666666666p+12, 0x1.c104ccccccccdp+12, 0x1.c676666666666p+12, 
0x1.c7e4ccccccccdp+12, 0x1.cc1p+12, 0x1.d27e666666666p+12, 0x1.d2d199999999ap+12, 
0x1.d76199999999ap+12, 0x1.dc4999999999ap+12, 0x1.dfcb333333333p+12, 
0x1.e6bcccccccccdp+12, 0x1.ea3cccccccccdp+12, 0x1.ef2e666666666p+12, 
0x1.f2ap+12, 0x1.f70cccccccccdp+12, 0x1.fe5b333333333p+12, 0x1.01bf333333333p+13, 
0x1.0606666666666p+13, 0x1.0917333333333p+13, 0x1.0e5f333333333p+13, 
0x1.1312666666666p+13, 0x1.191b333333333p+13, 0x1.1e24p+13, 0x1.225a666666666p+13, 
0x1.2832666666666p+13, 0x1.2a44ccccccccdp+13, 0x1.2e58ccccccccdp+13, 
0x1.313b333333333p+13, 0x1.30c2666666666p+13, 0x1.2637333333333p+13, 
0x1.1724p+13, 0x1.14db333333333p+13, 0x1.157p+13, 0x1.1548p+13, 
0x1.156b333333333p+13, 0x1.18e2666666666p+13, 0x1.1973333333333p+13, 
0x1.1aa8ccccccccdp+13, 0x1.1cf8ccccccccdp+13, 0x1.1b08ccccccccdp+13, 
0x1.1adb333333333p+13, 0x1.1b36666666666p+13, 0x1.17f599999999ap+13, 
0x1.1366666666666p+13, 0x1.13d999999999ap+13, 0x1.0ee999999999ap+13, 
0x1.0fed99999999ap+13, 0x1.104f333333333p+13, 0x1.1074p+13, 0x1.15ef333333333p+13, 
0x1.15da666666666p+13, 0x1.1873333333333p+13, 0x1.1a1cccccccccdp+13, 
0x1.1a5599999999ap+13, 0x1.1c54p+13, 0x1.1e34p+13, 0x1.1fc2666666666p+13, 
0x1.201cccccccccdp+13, 0x1.2276666666666p+13, 0x1.2662666666666p+13, 
0x1.295p+13, 0x1.2bb4p+13, 0x1.3232666666666p+13, 0x1.35e8p+13, 
0x1.389e666666666p+13, 0x1.3ef199999999ap+13, 0x1.3ff4ccccccccdp+13, 
0x1.449999999999ap+13, 0x1.485b333333333p+13, 0x1.4a9a666666666p+13, 
0x1.4f93333333333p+13, 0x1.4ed8p+13, 0x1.5230ccccccccdp+13, 0x1.535a666666666p+13, 
0x1.47dcccccccccdp+13, 0x1.2a63333333333p+13, 0x1.4c5e666666666p+13, 
0x1.44aa666666666p+13, 0x1.53be666666666p+13, 0x1.57f0ccccccccdp+13, 
0x1.605cccccccccdp+13, 0x1.64ep+13, 0x1.651999999999ap+13, 0x1.674f333333333p+13, 
0x1.6704ccccccccdp+13, 0x1.6898ccccccccdp+13, 0x1.6b7199999999ap+13, 
0x1.6fd8p+13, 0x1.700d99999999ap+13, 0x1.72da666666666p+13, 0x1.72b599999999ap+13, 
0x1.7343333333333p+13, 0x1.74bcp+13, 0x1.76d4ccccccccdp+13)), class = "data.frame", row.names = c(NA, 
-120L))
