structure(list(period_id = c("2000Q1", "2000Q2", "2000Q3", "2000Q4", 
"2001Q1", "2001Q2", "2001Q3", "2001Q4", "2002Q1", "2002Q2", "2002Q3", 
"2002Q4", "2003Q1", "2003Q2", "2003Q3", "2003Q4", "2004Q1", "2004Q2", 
"2004Q3", "2004Q4", "2005Q1", "2005Q2", "2005Q3", "2005Q4", "2006Q1", 
"2006Q2", "2006Q3", "2006Q4", "2007Q1", "2007Q2", "2007Q3", "2007Q4", 
"2008Q1", "2008Q2", "2008Q3", "2008Q4", "2009Q1", "2009Q2", "2009Q3", 
"2009Q4", "2010Q1", "2010Q2", "2010Q3", "2010Q4", "2011Q1", "2011Q2", 
"2011Q3", "2011Q4", "2012Q1", "2012Q2", "2012Q3", "2012Q4", "2013Q1", 
"2013Q2", "2013Q3", "2013Q4", "2014Q1", "2014Q2", "2014Q3", "2014Q4", 
"2015Q1", "2015Q2", "2015Q3", "2015Q4", "2016Q1", "2016Q2", "2016Q3", 
"2016Q4", "2017Q1", "2017Q2", "2017Q3", "2017Q4", "2018Q1", "2018Q2", 
"2018Q3", "2018Q4", "2019Q1", "2019Q2", "2019Q3", "2019Q4", "2020Q1", 
"2020Q2", "2020Q3", "2020Q4", "2021Q1", "2021Q2", "2021Q3", "2021Q4", 
"2022Q1", "2022Q2", "2022Q3", "2022Q4", "2023Q1", "2023Q2", "2023Q3", 
"2023Q4", "2024Q1", "2024Q2", "2024Q3", "2024Q4", "2025Q1"), 
    value = c(0x1.4fd916872b021p+5, 0x1.5bccccccccccdp+5, 0x1.66ccccccccccdp+5, 
    0x1.73a5e353f7ceep+5, 0x1.83189374bc6a8p+5, 0x1.88e978d4fdf3bp+5, 
    0x1.95020c49ba5e3p+5, 0x1.9922d0e560419p+5, 0x1.99978d4fdf3b6p+5, 
    0x1.a2ba5e353f7cfp+5, 0x1.a376c8b439581p+5, 0x1.ae4dd2f1a9fbep+5, 
    0x1.b672b020c49bap+5, 0x1.c0916872b020cp+5, 0x1.cafdf3b645a1dp+5, 
    0x1.d2e353f7ced91p+5, 0x1.e03b645a1cac1p+5, 0x1.e874bc6a7ef9ep+5, 
    0x1.f424dd2f1a9fcp+5, 0x1.fb33333333333p+5, 0x1.fe5810624dd2fp+5, 
    0x1.01ac083126e98p+6, 0x1.0304189374bc7p+6, 0x1.0276c8b439581p+6, 
    0x1.0610624dd2f1bp+6, 0x1.0871a9fbe76c9p+6, 0x1.0a6872b020c4ap+6, 
    0x1.1015810624dd3p+6, 0x1.1173b645a1cacp+6, 0x1.13db22d0e5604p+6, 
    0x1.18e45a1cac083p+6, 0x1.1dc28f5c28f5cp+6, 0x1.2371a9fbe76c9p+6, 
    0x1.28ea7ef9db22dp+6, 0x1.3afef9db22d0ep+6, 0x1.3e3a5e353f7cfp+6, 
    0x1.3d989374bc6a8p+6, 0x1.3fae147ae147bp+6, 0x1.41ea7ef9db22dp+6, 
    0x1.3f73b645a1cacp+6, 0x1.41ccccccccccdp+6, 0x1.41c49ba5e353fp+6, 
    0x1.430d4fdf3b646p+6, 0x1.473645a1cac08p+6, 0x1.48926e978d4fep+6, 
    0x1.47428f5c28f5cp+6, 0x1.47ba5e353f7cfp+6, 0x1.4633333333333p+6, 
    0x1.45cbc6a7ef9dbp+6, 0x1.463d70a3d70a4p+6, 0x1.4128f5c28f5c3p+6, 
    0x1.3dea7ef9db22dp+6, 0x1.3b8b439581062p+6, 0x1.3b52f1a9fbe77p+6, 
    0x1.3e4dd2f1a9fbep+6, 0x1.4115810624dd3p+6, 0x1.42fdf3b645a1dp+6, 
    0x1.44ab020c49ba6p+6, 0x1.4746a7ef9db23p+6, 0x1.471999999999ap+6, 
    0x1.4984189374bc7p+6, 0x1.48b126e978d5p+6, 0x1.48947ae147ae1p+6, 
    0x1.4b10624dd2f1bp+6, 0x1.4bac083126e98p+6, 0x1.501eb851eb852p+6, 
    0x1.5234395810625p+6, 0x1.56d2f1a9fbe77p+6, 0x1.5b49ba5e353f8p+6, 
    0x1.5f428f5c28f5cp+6, 0x1.64353f7ced917p+6, 0x1.667df3b645a1dp+6, 
    0x1.66c28f5c28f5cp+6, 0x1.6a4083126e979p+6, 0x1.6e15810624dd3p+6, 
    0x1.70cfdf3b645a2p+6, 0x1.781eb851eb852p+6, 0x1.7aea7ef9db22dp+6, 
    0x1.8295810624dd3p+6, 0x1.885916872b021p+6, 0x1.8c3851eb851ecp+6, 
    0x1.92ad0e5604189p+6, 0x1.9472b020c49bap+6, 0x1.97d4fdf3b645ap+6, 
    0x1.b4449ba5e353fp+6, 0x1.9f0624dd2f1aap+6, 0x1.b533333333333p+6, 
    0x1.aab645a1cac08p+6, 0x1.b590624dd2f1bp+6, 0x1.a86147ae147aep+6, 
    0x1.c745a1cac0831p+6, 0x1.d0cac083126e9p+6, 0x1.d84189374bc6ap+6, 
    0x1.e30e560418937p+6, 0x1.e8b53f7ced917p+6, 0x1.003e76c8b4396p+7, 
    0x1.fd9ba5e353f7dp+6, 0x1.03883126e978dp+7, 0x1.fe74bc6a7ef9ep+6, 
    0x1.0f4ac083126e9p+7, 0x1.1eb4bc6a7ef9ep+7)), class = "data.frame", row.names = c(NA, 
-101L))
