structure(list(period_id = c("1999Q1", "1999Q2", "1999Q3", "1999Q4", 
"2000Q1", "2000Q2", "2000Q3", "2000Q4", "2001Q1", "2001Q2", "2001Q3", 
"2001Q4", "2002Q1", "2002Q2", "2002Q3", "2002Q4", "2003Q1", "2003Q2", 
"2003Q3", "2003Q4", "2004Q1", "2004Q2", "2004Q3", "2004Q4", "2005Q1", 
"2005Q2", "2005Q3", "2005Q4", "2006Q1", "2006Q2", "2006Q3", "2006Q4", 
"2007Q1", "2007Q2", "2007Q3", "2007Q4", "2008Q1", "2008Q2", "2008Q3", 
"2008Q4", "2009Q1", "2009Q2", "2009Q3", "2009Q4", "2010Q1", "2010Q2", 
"2010Q3", "2010Q4", "2011Q1", "2011Q2", "2011Q3", "2011Q4", "2012Q1", 
"2012Q2", "2012Q3", "2012Q4", "2013Q1", "2013Q2", "2013Q3", "2013Q4", 
"2014Q1", "2014Q2", "2014Q3", "2014Q4", "2015Q1", "2015Q2", "2015Q3", 
"2015Q4", "2016Q1", "2016Q2", "2016Q3", "2016Q4", "2017Q1", "2017Q2", 
"2017Q3", "2017Q4", "2018Q1", "2018Q2", "2018Q3", "2018Q4", "2019Q1", 
"2019Q2", "2019Q3", "2019Q4", "2020Q1", "2020Q2", "2020Q3", "2020Q4", 
"2021Q1", "2021Q2", "2021Q3", "2021Q4", "2022Q1", "2022Q2", "2022Q3", 
"2022Q4", "2023Q1", "2023Q2", "2023Q3", "2023Q4", "2024Q1", "2024Q2", 
"2024Q3", "2024Q4"), value = c(0x1.ace789e774eecp-4, 0x1.4f9db22d0e56p-3, 
0x1.46ac215b9a5a9p-2, 0x1.fac6045baf534p-3, 0x1.846f9b994e1a4p-4, 
0x1.2ff3ade225fa6p-3, 0x1.45186db50f40ep-3, 0x1.c736049ecb31cp-3, 
0x1.3f2170931012ap-1, 0x1.55d80e496edeep-1, 0x1.16494d50ebaaep-1, 
0x1.4fb213e3e293p+0, 0x1.e46e6d9be4cd7p-1, 0x1.37e9424e59296p+0, 
0x1.45131ec0b5675p+0, 0x1.3df7596851223p+1, 0x1.5fd71b0468449p-3, 
0x1.9fa871a3b14a9p-4, 0x1.676c050bd87b5p-3, 0x1.74e22a2c23748p-2, 
0x1.ba33bd9cae211p-3, 0x1.61d4b6a619daap-3, 0x1.50fb65668c261p-3, 
0x1.8f8f041461b6dp-2, 0x1.0cea28fe260b3p-3, 0x1.f9f98b71b8aap-4, 
0x1.d9253543aeab8p-4, 0x1.4864cb5bb385p-2, 0x1.74e4217d2849dp+0, 
0x1.b7e49b1fab96fp+0, 0x1.b0f8a4c1ebc84p+0, 0x1.d47e7c06e19b9p+0, 
0x1.d56b65a9a8049p+1, 0x1.0d412cf0f9d2cp+2, 0x1.15e0bd44998dp+2, 
0x1.1d0cae642bf98p+2, 0x1.5491d14e3bcd3p-1, 0x1.89697f1f9adp-1, 
0x1.84fd8f0c77dd8p-1, 0x1.73545c78a6dadp-1, 0x1.7263d816aceabp-2, 
0x1.a0e410b630a91p-2, 0x1.ab60285ec3dabp-2, 0x1.bc0485a0be511p-2, 
0x1.8acfb762d83c7p-3, 0x1.cadb402d16b98p-3, 0x1.cd245b291b824p-3, 
0x1.e836eb4e98138p-3, 0x1.554477ff151e7p-1, 0x1.67f25e56cd6c3p-1, 
0x1.5fa52ac753e7p-1, 0x1.6b9baa1511ep-1, 0x1.1cc857f3061c8p-2, 
0x1.1f12c27a63737p-2, 0x1.2f540895d0b74p-2, 0x1.25ed4a1ad6452p-2, 
0x1.1dee78183f91ep-2, 0x1.420e6299524cp-2, 0x1.59b23dd54da4dp-2, 
0x1.5cab3edd8b60fp-2, 0x1.c9cd3e0bd449ap-2, 0x1.02888b545c78ap-1, 
0x1.09d0c804103p-1, 0x1.111d9b1b79d91p-1, 0x1.d21d96e9bbf0ep-2, 
0x1.050614163779fp-1, 0x1.07d933e35c5b5p-1, 0x1.0e603d577963ap-1, 
0x1.057b41bfbdf09p-2, 0x1.22e44b6e935b9p-2, 0x1.1c22ab25b317fp-2, 
0x1.2a0f9096bb98cp-2, 0x1.18b97785729b3p-2, 0x1.33f290abb44e5p-2, 
0x1.38b6d86ec17ecp-2, 0x1.426fe718a86d7p-2, 0x1.060221426fe72p+0, 
0x1.1368dfbd6a594p+0, 0x1.1ea91d9b1b79ep+0, 0x1.220ed80a17b0fp+0, 
0x1.11bc98a222d51p-1, 0x1.20bbf50e34763p-1, 0x1.04e69f05ea24dp-1, 
0x1.68bc382a12f9p-1, 0x1.b5a31a4bdba0ap-2, 0x1.b376d5497310ap-2, 
0x1.cb3aeee957471p-2, 0x1.179314445aa2ep-1, 0x1.cf840181e03f7p-3, 
0x1.14d983947496bp-2, 0x1.31ca7d6733ebcp-2, 0x1.4a8c9b845564bp-2, 
0x1.747f13059641fp-2, 0x1.c117720c8cd64p-2, 0x1.d209edbf8b9bbp-2, 
0x1.0fdbd2fa0d77bp-1, 0x1.4de2ac322292p-2, 0x1.6cd423d9231c6p-2, 
0x1.7b662fdfc19c1p-2, 0x1.910d7be9856a3p-2, 0x1.1b384fd2a62aap-3, 
0x1.1eccc46950fc7p-3, 0x1.34488c60cbf2bp-3, 0x1.e2b3461309c8p-1
)), class = "data.frame", row.names = c(NA, -104L))
