structure(list(period_id = c("1999Q1", "1999Q2", "1999Q3", "1999Q4", 
"2000Q1", "2000Q2", "2000Q3", "2000Q4", "2001Q1", "2001Q2", "2001Q3", 
"2001Q4", "2002Q1", "2002Q2", "2002Q3", "2002Q4", "2003Q1", "2003Q2", 
"2003Q3", "2003Q4", "2004Q1", "2004Q2", "2004Q3", "2004Q4", "2005Q1", 
"2005Q2", "2005Q3", "2005Q4", "2006Q1", "2006Q2", "2006Q3", "2006Q4", 
"2007Q1", "2007Q2", "2007Q3", "2007Q4", "2008Q1", "2008Q2", "2008Q3", 
"2008Q4", "2009Q1", "2009Q2", "2009Q3", "2009Q4", "2010Q1", "2010Q2", 
"2010Q3", "2010Q4", "2011Q1", "2011Q2", "2011Q3", "2011Q4", "2012Q1", 
"2012Q2", "2012Q3", "2012Q4", "2013Q1", "2013Q2", "2013Q3", "2013Q4", 
"2014Q1", "2014Q2", "2014Q3", "2014Q4", "2015Q1", "2015Q2", "2015Q3", 
"2015Q4", "2016Q1", "2016Q2", "2016Q3", "2016Q4", "2017Q1", "2017Q2", 
"2017Q3", "2017Q4", "2018Q1", "2018Q2", "2018Q3", "2018Q4", "2019Q1", 
"2019Q2", "2019Q3", "2019Q4", "2020Q1", "2020Q2", "2020Q3", "2020Q4", 
"2021Q1", "2021Q2", "2021Q3", "2021Q4", "2022Q1", "2022Q2", "2022Q3", 
"2022Q4", "2023Q1", "2023Q2", "2023Q3", "2023Q4", "2024Q1", "2024Q2", 
"2024Q3", "2024Q4"), value = c(0x1.114b7b28954a8p+1, 0x1.1cae9ee45c359p+1, 
0x1.1cae9ee45c359p+1, 0x1.2811c2a023209p+1, 0x1.86cc89b0ee49fp+1, 
0x1.97150dae3e6c5p+1, 0x1.97150dae3e6c5p+1, 0x1.a75d91ab8e8eap+1, 
0x1.2f4e054690de1p+2, 0x1.3bf1455219a84p+2, 0x1.3bf1455219a84p+2, 
0x1.4894855da2728p+2, 0x1.7490f733a8a4p+0, 0x1.841700cd85597p+0, 
0x1.841700cd85597p+0, 0x1.939d0a67620efp+0, 0x1.de738e6d15ad1p+2, 
0x1.f2630a91537ap+2, 0x1.f2630a91537ap+2, 0x1.03294141e9af6p+3, 
0x1.4be820e629952p+3, 0x1.59bc77143393bp+3, 0x1.59bc77143393bp+3, 
0x1.6790cd423d923p+3, -0x1.2efd75e2046c7p+1, -0x1.3b9d55e6bc622p+1, 
-0x1.3b9d55e6bc622p+1, -0x1.483d3e4ef0282p+1, 0x1.d9209edbf8b9cp+2, 
0x1.e93d102bc72e2p+1, 0x1.e93d102bc72e2p+1, 0x1.e93d102bc72e2p+1, 
0x1.07ad31fcd24e1p+2, 0x1.2e7c17a89331ap+2, 0x1.382c1b10fd7e4p+2, 
0x1.403aa369fcf3ep+2, 0x1.e96e3d5fdcdf7p+3, 0x1.1aaf6837f7be1p+4, 
0x1.17821e1d2178fp+4, 0x1.0ad15df6555c5p+4, 0x1.2c799806f2629p+3, 
0x1.5232ca57a786cp+3, 0x1.5ab42aa9f7b5bp+3, 0x1.6834549b62c77p+3, 
0x1.14955714b9cb7p+4, 0x1.4172d7f950b95p+4, 0x1.430ceb356da01p+4, 
0x1.5603d9a95421cp+4, 0x1.2d7cbd556084ap+3, 0x1.3dfd3b29a1bap+3, 
0x1.36a7c17a89332p+3, 0x1.413947496aad2p+3, 0x1.5079357603926p+1, 
0x1.532e275ab7dc8p+1, 0x1.6662b27cbf6e4p+1, 0x1.5b4727dcbddbap+1, 
0x1.efeb13dfb0d52p+3, 0x1.1749320d9945bp+4, 0x1.2bc986fcdee35p+4, 
0x1.2e5d54da4ce81p+4, 0x1.0fc4c9c90c4dfp+2, 0x1.32f36694898f6p+2, 
0x1.3b98c7e28240bp+2, 0x1.444388ebcc6c5p+2, -0x1.fee043a2163fep+1, 
-0x1.1e16f86a09891p+2, -0x1.212f87ad080b6p+2, -0x1.28570c564f97fp+2, 
-0x1.10f1c75818c5dp+2, -0x1.2fa4c61d8622cp+2, -0x1.2897891e21533p+2, 
-0x1.372096787ce96p+2, 0x1.9681d7dbf488p+2, 0x1.bded3d859c8c9p+2, 
0x1.c4d44dca8e2e3p+2, 0x1.d2e892253111fp+2, 0x1.b504cf0739b02p+3, 
0x1.cb5f1e0828c37p+3, 0x1.de23422467be5p+3, 0x1.e3cde5d18090bp+3, 
0x1.f91c15097c808p+2, 0x1.0a6451b93037dp+3, 0x1.e16cacd184c27p+2, 
0x1.4cd24180d3cffp+3, 0x1.83a550870110ap+3, 0x1.81b892ee84ad8p+3, 
0x1.96c5ac471b478p+3, 0x1.ef46d1e108c3fp+3, 0x1.20775fb2edfe7p+1, 
0x1.5897a67a52ac7p+1, 0x1.7c9d6adf71ebp+1, 0x1.9b6e82949a565p+1, 
0x1.2de861e92923ep+4, 0x1.6bfd09e12a51ep+4, 0x1.79b9357603926p+4, 
0x1.b8ae946801712p+4, 0x1.49d5d1c3ac92ap+3, 0x1.686746cb966bep+3, 
0x1.76cbf6e3f78bcp+3, 0x1.8c30014f8b589p+3, 0x1.b9b59ddc1e796p+1, 
0x1.bf4ad362e9036p+1, 0x1.e0ccb3a2595bcp+1, 0x1.7868dfbd6a594p+4
)), class = "data.frame", row.names = c(NA, -104L))
