structure(list(period_id = c("1999Q1", "1999Q2", "1999Q3", "1999Q4", 
"2000Q1", "2000Q2", "2000Q3", "2000Q4", "2001Q1", "2001Q2", "2001Q3", 
"2001Q4", "2002Q1", "2002Q2", "2002Q3", "2002Q4", "2003Q1", "2003Q2", 
"2003Q3", "2003Q4", "2004Q1", "2004Q2", "2004Q3", "2004Q4", "2005Q1", 
"2005Q2", "2005Q3", "2005Q4", "2006Q1", "2006Q2", "2006Q3", "2006Q4", 
"2007Q1", "2007Q2", "2007Q3", "2007Q4", "2008Q1", "2008Q2", "2008Q3", 
"2008Q4", "2009Q1", "2009Q2", "2009Q3", "2009Q4", "2010Q1", "2010Q2", 
"2010Q3", "2010Q4", "2011Q1", "2011Q2", "2011Q3", "2011Q4", "2012Q1", 
"2012Q2", "2012Q3", "2012Q4", "2013Q1", "2013Q2", "2013Q3", "2013Q4", 
"2014Q1", "2014Q2", "2014Q3", "2014Q4", "2015Q1", "2015Q2", "2015Q3", 
"2015Q4", "2016Q1", "2016Q2", "2016Q3", "2016Q4", "2017Q1", "2017Q2", 
"2017Q3", "2017Q4", "2018Q1", "2018Q2", "2018Q3", "2018Q4", "2019Q1", 
"2019Q2", "2019Q3", "2019Q4", "2020Q1", "2020Q2", "2020Q3", "2020Q4", 
"2021Q1", "2021Q2", "2021Q3", "2021Q4", "2022Q1", "2022Q2", "2022Q3", 
"2022Q4", "2023Q1", "2023Q2", "2023Q3", "2023Q4", "2024Q1", "2024Q2", 
"2024Q3", "2024Q4"), value = c(NA, NA, 0x1.82dc0a17b0f6bp+8, 
0x1.9eb5857afea3ep+8, 0x1.64ca66a98244fp+8, 0x1.9052963dc486bp+8, 
0x1.8ec164c729f5ap+8, 0x1.bafd1f2dc2b0fp+8, 0x1.754c386d2ed78p+8, 
0x1.b09d40aaeafabp+8, 0x1.a62573860999ep+8, 0x1.e9af0bd017dafp+8, 
0x1.b7a79cf9a06a7p+8, 0x1.e98f7f8ca8199p+8, 0x1.f13be3b03e20dp+8, 
0x1.15822ee41919bp+9, 0x1.e6711cd1c7de5p+8, 0x1.05ce2f2f9874p+9, 
0x1.0da38f0c77dd8p+9, 0x1.278db3f20a73fp+9, 0x1.ddc5c8216c615p+8, 
0x1.2a5adaf4adbc6p+9, 0x1.298683126e979p+9, 0x1.40f0e93e1c9b4p+9, 
0x1.04ccb4f1e4b45p+9, 0x1.3e69eae5bc87ep+9, 0x1.331e74d9c6b05p+9, 
0x1.5dbd8ec0f8833p+9, 0x1.1e44da33bd9cbp+9, 0x1.52b626e547171p+9, 
0x1.516b923a29c78p+9, 0x1.6983f127f5e85p+9, 0x1.45e17143393abp+9, 
0x1.69db18eb89507p+9, 0x1.7592563ed0f62p+9, 0x1.9009d2d01c0cap+9, 
0x1.65c41b089a027p+9, 0x1.a5cdce7cd0353p+9, 0x1.9980ccf6be37ep+9, 
0x1.899de22e5de16p+9, 0x1.3fe77be9856a3p+9, 0x1.64f9ac57e23f2p+9, 
0x1.6f15313be22e6p+9, 0x1.7d05ef416bdb2p+9, 0x1.3d3e2dadb8349p+9, 
0x1.71636d655e28bp+9, 0x1.6f5ccbd987c63p+9, 0x1.98896cc5fbf83p+9, 
0x1.6ffae7a311e86p+9, 0x1.7ed69331a08cp+9, 0x1.672e8d4bad7d8p+9, 
0x1.83060913a4f87p+9, 0x1.696cbb98c7e28p+9, 0x1.5db150ebaade6p+9, 
0x1.6e29c1df3300ep+9, 0x1.6dc4037931444p+9, 0x1.478f532e7b3d9p+9, 
0x1.641445ed4a1adp+9, 0x1.9710e5bc87db3p+9, 0x1.afc6df37329c3p+9, 
0x1.603b7396d0918p+9, 0x1.872ff23465626p+9, 0x1.9470163fdd65ap+9, 
0x1.ac1a91a75cd0cp+9, 0x1.69135fd47bedbp+9, 0x1.99d5059641f64p+9, 
0x1.94f44df47f994p+9, 0x1.b1311f4f50a03p+9, 0x1.76c92d5e071c5p+9, 
0x1.a40b59ab6d00bp+9, 0x1.8dfa90b417ca2p+9, 0x1.c19e5e1c15098p+9, 
0x1.8e05c3bd59924p+9, 0x1.ab83aa9b499dp+9, 0x1.b762cca2db61cp+9, 
0x1.daee5cc426352p+9, 0x1.b73d3986338b4p+9, 0x1.c3cad61b2a27fp+9, 
0x1.e488d2a1f8e3bp+9, 0x1.f94ab50b0f27cp+9, 0x1.c96706cca2db6p+9, 
0x1.d3977bd8be729p+9, 0x1.f68151deefe5p+9, 0x1.14531e1d2178fp+10, 
0x1.812f9274e22a3p+9, 0x1.9396ee41919acp+9, 0x1.f41c67f90d9d7p+9, 
0x1.e09fff609dcf9p+9, 0x1.ca5574e65bea1p+9, 0x1.070d2c12ad81bp+10, 
0x1.12aa860999dcbp+10, 0x1.32e6d11be6e65p+10, 0x1.0e8f332f01755p+10, 
0x1.238916d2aa5c6p+10, 0x1.2ff17b3d8e001p+10, 0x1.38b4213a0c6b5p+10, 
0x1.259188f861a61p+10, 0x1.37487f3493858p+10, 0x1.42aade3fbbd7bp+10, 
0x1.6881239a38fbdp+10, 0x1.37adf77af6406p+10, 0x1.3cdfe3eaf6838p+10, 
0x1.5387f90539fbap+10, 0x1.6f03254e6e222p+10)), class = "data.frame", row.names = c(NA, 
-104L))
