structure(list(period_id = c("1995Q1", "1995Q2", "1995Q3", "1995Q4", 
"1996Q1", "1996Q2", "1996Q3", "1996Q4", "1997Q1", "1997Q2", "1997Q3", 
"1997Q4", "1998Q1", "1998Q2", "1998Q3", "1998Q4", "1999Q1", "1999Q2", 
"1999Q3", "1999Q4", "2000Q1", "2000Q2", "2000Q3", "2000Q4", "2001Q1", 
"2001Q2", "2001Q3", "2001Q4", "2002Q1", "2002Q2", "2002Q3", "2002Q4", 
"2003Q1", "2003Q2", "2003Q3", "2003Q4", "2004Q1", "2004Q2", "2004Q3", 
"2004Q4", "2005Q1", "2005Q2", "2005Q3", "2005Q4", "2006Q1", "2006Q2", 
"2006Q3", "2006Q4", "2007Q1", "2007Q2", "2007Q3", "2007Q4", "2008Q1", 
"2008Q2", "2008Q3", "2008Q4", "2009Q1", "2009Q2", "2009Q3", "2009Q4", 
"2010Q1", "2010Q2", "2010Q3", "2010Q4", "2011Q1", "2011Q2", "2011Q3", 
"2011Q4", "2012Q1", "2012Q2", "2012Q3", "2012Q4", "2013Q1", "2013Q2", 
"2013Q3", "2013Q4", "2014Q1", "2014Q2", "2014Q3", "2014Q4", "2015Q1", 
"2015Q2", "2015Q3", "2015Q4", "2016Q1", "2016Q2", "2016Q3", "2016Q4", 
"2017Q1", "2017Q2", "2017Q3", "2017Q4", "2018Q1", "2018Q2", "2018Q3", 
"2018Q4", "2019Q1", "2019Q2", "2019Q3", "2019Q4", "2020Q1", "2020Q2", 
"2020Q3", "2020Q4", "2021Q1", "2021Q2", "2021Q3", "2021Q4", "2022Q1", 
"2022Q2", "2022Q3", "2022Q4", "2023Q1", "2023Q2", "2023Q3", "2023Q4", 
"2024Q1", "2024Q2", "2024Q3", "2024Q4", "2025Q1"), value = c(NA, 
NA, NA, NA, 0x1.6577691212514p+8, 0x1.7856a26e54717p+8, 0x1.6fc7035bd512fp+8, 
0x1.660cb3c3e74bp+8, 0x1.76d6dd26b723fp+8, 0x1.a00fc536d655ep+8, 
0x1.b01f39192641bp+8, 0x1.af3d5a4acf313p+8, 0x1.d60a75ff609ddp+8, 
0x1.ca3fc7e6b3feap+8, 0x1.e724a1ad6451cp+8, 0x1.f76a8ef77f28p+8, 
0x1.0a1ebaade657cp+9, 0x1.3a8676d117b53p+9, 0x1.0338583e8576dp+9, 
0x1.137fc1a47a9e3p+9, 0x1.1f8ec9fb6134dp+9, 0x1.155f6dd26b724p+9, 
0x1.204f2324c8366p+9, 0x1.24a1cb70ac3a8p+9, 0x1.2e5735d249e45p+9, 
0x1.30a9c49774257p+9, 0x1.43cdf737da61ep+9, 0x1.2d58bccf28c7ap+9, 
0x1.29f49c0229a5fp+9, 0x1.29b83c297bfa5p+9, 0x1.2a889e55c0fcbp+9, 
0x1.42ae44c7b02d6p+9, 0x1.39009774256bdp+9, 0x1.4aaa866a11ec9p+9, 
0x1.5468109d0635ap+9, 0x1.5d1cb588e368fp+9, 0x1.6f91b163baba8p+9, 
0x1.6b36ebaade658p+9, 0x1.74477603925bbp+9, 0x1.6c3da93293d1p+9, 
0x1.60c2d87724fa9p+9, 0x1.6d7ccc814d728p+9, 0x1.7baa5a038194cp+9, 
0x1.a6d511e85fd05p+9, 0x1.ab3c5caafbc1bp+9, 0x1.b00a3d46b26cp+9, 
0x1.e003ce39b456bp+9, 0x1.fd39a122fad6dp+9, 0x1.dfebf1e0828c3p+9, 
0x1.fa4cba51a005cp+9, 0x1.fb60c54bcf0b7p+9, 0x1.ee4e55fbb517ap+9, 
0x1.ff696d7625205p+9, 0x1.1434a0168b5ccp+10, 0x1.099e995aaf79p+10, 
0x1.c1ef34267839dp+9, 0x1.6a544ba94bbe4p+9, 0x1.5dfd281fd9ba2p+9, 
0x1.679f20f2beceep+9, 0x1.530bdfc9ff92fp+9, 0x1.1a5621101b003p+9, 
0x1.35547a63736cep+9, 0x1.3ba7a5ebb773ap+9, 0x1.5ee20d1b71759p+9, 
0x1.6233fc5cdd50bp+9, 0x1.68df7edc7ef17p+9, 0x1.707ce3ac0c62ep+9, 
0x1.5f2d69984a0e4p+9, 0x1.4b8b19934efccp+9, 0x1.3e86b89d6adf7p+9, 
0x1.392307d912557p+9, 0x1.2fe4ec41dd1a2p+9, 0x1.84fc39713ad5cp+9, 
0x1.714901a79fecap+9, 0x1.58328e9b38d61p+9, 0x1.55f1ff583a53cp+9, 
0x1.58c3ffcdab192p+9, 0x1.4e279c62a1b5cp+9, 0x1.517eabc515486p+9, 
0x1.4c277de939eaep+9, 0x1.51c9d8e864021p+9, 0x1.56be67a52ac75p+9, 
0x1.6441e5d18090bp+9, 0x1.6d94052d666aap+9, 0x1.6decf73c0c1fdp+9, 
0x1.7b39e85fd04a3p+9, 0x1.83410a2446306p+9, 0x1.8f00091c08744p+9, 
0x1.9be39c17225b7p+9, 0x1.a99df2ecf2064p+9, 0x1.b2ef573eab368p+9, 
0x1.c5e5a048e043ap+9, 0x1.d50f111f0c34cp+9, 0x1.e112373f316e3p+9, 
0x1.e79fbe4cd7492p+9, 0x1.f028ab8a5ce5bp+9, 0x1.ea57d0d0678cp+9, 
0x1.e708840e1719fp+9, 0x1.eb7cbb98c7e28p+9, 0x1.e3682e2b8c75cp+9, 
0x1.9eb261b6d43dp+9, 0x1.7841eb9e492bcp+9, 0x1.c07936262cba7p+9, 
0x1.cc88fdc9c4da9p+9, 0x1.eb59814940bbbp+9, 0x1.002532f44912ap+10, 
0x1.03f63358f2e06p+10, 0x1.105377e1b8ed2p+10, 0x1.0f08c53b0813dp+10, 
0x1.0fdcaa9717df2p+10, 0x1.149d4998d046p+10, 0x1.0dcbe1c15097dp+10, 
0x1.115b77e1b8ed2p+10, 0x1.0e901569f4906p+10, 0x1.0adeca4b124d1p+10, 
0x1.0f3f355cd91efp+10, 0x1.08cf18e325d4ap+10, 0x1.0a10d70e6f2e9p+10, 
0x1.060e407cc7d1cp+10, 0x1.fd893a3ec02f3p+9, 0x1.00094e5d5b24fp+10
)), class = "data.frame", row.names = c(NA, -121L))
