structure(list(period_id = c("1995Q1", "1995Q2", "1995Q3", "1995Q4", 
"1996Q1", "1996Q2", "1996Q3", "1996Q4", "1997Q1", "1997Q2", "1997Q3", 
"1997Q4", "1998Q1", "1998Q2", "1998Q3", "1998Q4", "1999Q1", "1999Q2", 
"1999Q3", "1999Q4", "2000Q1", "2000Q2", "2000Q3", "2000Q4", "2001Q1", 
"2001Q2", "2001Q3", "2001Q4", "2002Q1", "2002Q2", "2002Q3", "2002Q4", 
"2003Q1", "2003Q2", "2003Q3", "2003Q4", "2004Q1", "2004Q2", "2004Q3", 
"2004Q4", "2005Q1", "2005Q2", "2005Q3", "2005Q4", "2006Q1", "2006Q2", 
"2006Q3", "2006Q4", "2007Q1", "2007Q2", "2007Q3", "2007Q4", "2008Q1", 
"2008Q2", "2008Q3", "2008Q4", "2009Q1", "2009Q2", "2009Q3", "2009Q4", 
"2010Q1", "2010Q2", "2010Q3", "2010Q4", "2011Q1", "2011Q2", "2011Q3", 
"2011Q4", "2012Q1", "2012Q2", "2012Q3", "2012Q4", "2013Q1", "2013Q2", 
"2013Q3", "2013Q4", "2014Q1", "2014Q2", "2014Q3", "2014Q4", "2015Q1", 
"2015Q2", "2015Q3", "2015Q4", "2016Q1", "2016Q2", "2016Q3", "2016Q4", 
"2017Q1", "2017Q2", "2017Q3", "2017Q4", "2018Q1", "2018Q2", "2018Q3", 
"2018Q4", "2019Q1", "2019Q2", "2019Q3", "2019Q4", "2020Q1", "2020Q2", 
"2020Q3", "2020Q4", "2021Q1", "2021Q2", "2021Q3", "2021Q4", "2022Q1", 
"2022Q2", "2022Q3", "2022Q4", "2023Q1", "2023Q2", "2023Q3", "2023Q4", 
"2024Q1", "2024Q2", "2024Q3", "2024Q4"), value = c(0x1.20c6173333333p+21, 
0x1.230060ccccccdp+21, 0x1.23da373333333p+21, 0x1.248f633333333p+21, 
0x1.257c94p+21, 0x1.27c4acccccccdp+21, 0x1.2915966666666p+21, 
0x1.2a76d66666666p+21, 0x1.2bbefp+21, 0x1.2f5048p+21, 0x1.318904ccccccdp+21, 
0x1.34b0e33333333p+21, 0x1.36fa7cp+21, 0x1.38318b3333333p+21, 
0x1.3a14ep+21, 0x1.3b22a4p+21, 0x1.3e2a4e6666666p+21, 0x1.3fc4fa6666666p+21, 
0x1.43e185999999ap+21, 0x1.4751d26666666p+21, 0x1.4b705d999999ap+21, 
0x1.4eb6f8p+21, 0x1.50d9a5999999ap+21, 0x1.5293dcp+21, 0x1.55eeda6666666p+21, 
0x1.561115999999ap+21, 0x1.56f6d5999999ap+21, 0x1.570a11999999ap+21, 
0x1.57d900ccccccdp+21, 0x1.599f09999999ap+21, 0x1.5b21566666666p+21, 
0x1.5bd7c66666666p+21, 0x1.5b46e4p+21, 0x1.5b9ad9999999ap+21, 
0x1.5dec126666666p+21, 0x1.6035773333333p+21, 0x1.629a0e6666666p+21, 
0x1.64eabe6666666p+21, 0x1.65fa4e6666666p+21, 0x1.67b83p+21, 
0x1.68b389999999ap+21, 0x1.6b3000ccccccdp+21, 0x1.6e1240ccccccdp+21, 
0x1.70bd4cp+21, 0x1.746e6d999999ap+21, 0x1.78f1fa6666666p+21, 
0x1.7b37233333333p+21, 0x1.7f2e7d999999ap+21, 0x1.82406p+21, 
0x1.84ce08ccccccdp+21, 0x1.86af31999999ap+21, 0x1.88ff1d999999ap+21, 
0x1.8b72d8p+21, 0x1.89fc066666666p+21, 0x1.88198b3333333p+21, 
0x1.8174366666666p+21, 0x1.760a6cp+21, 0x1.75f2f4p+21, 0x1.77620cp+21, 
0x1.792db8p+21, 0x1.7a7bf4ccccccdp+21, 0x1.7e4975999999ap+21, 
0x1.801749999999ap+21, 0x1.827de33333333p+21, 0x1.8630c0ccccccdp+21, 
0x1.86a59a6666666p+21, 0x1.86f4bcccccccdp+21, 0x1.85cda8ccccccdp+21, 
0x1.85256cccccccdp+21, 0x1.83d449999999ap+21, 0x1.834afb3333333p+21, 
0x1.81cb85999999ap+21, 0x1.809e80ccccccdp+21, 0x1.8313b4p+21, 
0x1.8496fe6666666p+21, 0x1.85dce33333333p+21, 0x1.878024p+21, 
0x1.88a284ccccccdp+21, 0x1.8aca88ccccccdp+21, 0x1.8c8ab5999999ap+21, 
0x1.8fb604ccccccdp+21, 0x1.91d1726666666p+21, 0x1.938a1cp+21, 
0x1.95aba73333333p+21, 0x1.97b12f3333333p+21, 0x1.98fc373333333p+21, 
0x1.9af3ae6666666p+21, 0x1.9dfbfcp+21, 0x1.a184133333333p+21, 
0x1.a4d48b3333333p+21, 0x1.a7ee04ccccccdp+21, 0x1.ab60366666666p+21, 
0x1.ac1455999999ap+21, 0x1.ae86fcccccccdp+21, 0x1.af4234ccccccdp+21, 
0x1.b1fe633333333p+21, 0x1.b5067b3333333p+21, 0x1.b6f750ccccccdp+21, 
0x1.b7eb4a6666666p+21, 0x1.b87a733333333p+21, 0x1.ab6bbcp+21, 
0x1.7d7315999999ap+21, 0x1.a6c39d999999ap+21, 0x1.a8ee1cp+21, 
0x1.ac44b8p+21, 0x1.b5b24e6666666p+21, 0x1.bd132a6666666p+21, 
0x1.c1845b3333333p+21, 0x1.c41924p+21, 0x1.c796ed999999ap+21, 
0x1.c9f6166666666p+21, 0x1.c91958ccccccdp+21, 0x1.c9a7b5999999ap+21, 
0x1.c9e7ae6666666p+21, 0x1.ca944f3333333p+21, 0x1.caca1p+21, 
0x1.cc5ecb3333333p+21, 0x1.cd89b66666666p+21, 0x1.cf74d66666666p+21, 
0x1.d1286d999999ap+21)), class = "data.frame", row.names = c(NA, 
-120L))
