structure(list(period_id = c("1995Q1", "1995Q2", "1995Q3", "1995Q4", 
"1996Q1", "1996Q2", "1996Q3", "1996Q4", "1997Q1", "1997Q2", "1997Q3", 
"1997Q4", "1998Q1", "1998Q2", "1998Q3", "1998Q4", "1999Q1", "1999Q2", 
"1999Q3", "1999Q4", "2000Q1", "2000Q2", "2000Q3", "2000Q4", "2001Q1", 
"2001Q2", "2001Q3", "2001Q4", "2002Q1", "2002Q2", "2002Q3", "2002Q4", 
"2003Q1", "2003Q2", "2003Q3", "2003Q4", "2004Q1", "2004Q2", "2004Q3", 
"2004Q4", "2005Q1", "2005Q2", "2005Q3", "2005Q4", "2006Q1", "2006Q2", 
"2006Q3", "2006Q4", "2007Q1", "2007Q2", "2007Q3", "2007Q4", "2008Q1", 
"2008Q2", "2008Q3", "2008Q4", "2009Q1", "2009Q2", "2009Q3", "2009Q4", 
"2010Q1", "2010Q2", "2010Q3", "2010Q4", "2011Q1", "2011Q2", "2011Q3", 
"2011Q4", "2012Q1", "2012Q2", "2012Q3", "2012Q4", "2013Q1", "2013Q2", 
"2013Q3", "2013Q4", "2014Q1", "2014Q2", "2014Q3", "2014Q4", "2015Q1", 
"2015Q2", "2015Q3", "2015Q4", "2016Q1", "2016Q2", "2016Q3", "2016Q4", 
"2017Q1", "2017Q2", "2017Q3", "2017Q4", "2018Q1", "2018Q2", "2018Q3", 
"2018Q4", "2019Q1", "2019Q2", "2019Q3", "2019Q4", "2020Q1", "2020Q2", 
"2020Q3", "2020Q4", "2021Q1", "2021Q2", "2021Q3", "2021Q4", "2022Q1", 
"2022Q2", "2022Q3", "2022Q4", "2023Q1", "2023Q2", "2023Q3", "2023Q4", 
"2024Q1", "2024Q2", "2024Q3", "2024Q4"), value = c(NA, NA, NA, 
NA, 0x1.6577691212514p+8, 0x1.7856a26e54717p+8, 0x1.6fc7035bd512fp+8, 
0x1.660cb3c3e74bp+8, 0x1.76d6dd26b723fp+8, 0x1.a00fc536d655ep+8, 
0x1.b01f39192641bp+8, 0x1.af3d5a4acf313p+8, 0x1.d60a75ff609ddp+8, 
0x1.ca3fc7e6b3feap+8, 0x1.e724a1ad6451cp+8, 0x1.f76a8ef77f28p+8, 
0x1.0a1ebaade657cp+9, 0x1.3a8676d117b53p+9, 0x1.0338583e8576dp+9, 
0x1.137fc1a47a9e3p+9, 0x1.1f8ec9fb6134dp+9, 0x1.155f6dd26b724p+9, 
0x1.204f2324c8366p+9, 0x1.24a1cb70ac3a8p+9, 0x1.2e5735d249e45p+9, 
0x1.30a9c49774257p+9, 0x1.43cdf737da61ep+9, 0x1.2d58bccf28c7ap+9, 
0x1.29f49c0229a5fp+9, 0x1.29b83c297bfa5p+9, 0x1.2a889e55c0fcbp+9, 
0x1.42ae44c7b02d6p+9, 0x1.39009774256bdp+9, 0x1.4aaa866a11ec9p+9, 
0x1.5468109d0635ap+9, 0x1.5d1cb588e368fp+9, 0x1.6f91b163baba8p+9, 
0x1.6b36ebaade658p+9, 0x1.74477603925bbp+9, 0x1.6c3da93293d1p+9, 
0x1.60c2d87724fa9p+9, 0x1.6d7ccc814d728p+9, 0x1.7baa5a038194cp+9, 
0x1.a6d511e85fd05p+9, 0x1.ab3c5caafbc1bp+9, 0x1.b00a3d46b26cp+9, 
0x1.e003ce39b456bp+9, 0x1.fd39a122fad6dp+9, 0x1.dfebf1e0828c3p+9, 
0x1.fa4cba51a005cp+9, 0x1.fb60c54bcf0b7p+9, 0x1.ee4e55fbb517ap+9, 
0x1.ff696d7625205p+9, 0x1.1434a0168b5ccp+10, 0x1.099e995aaf79p+10, 
0x1.c1ef34267839dp+9, 0x1.6a544ba94bbe4p+9, 0x1.5dfd281fd9ba2p+9, 
0x1.679f20f2beceep+9, 0x1.530bdfc9ff92fp+9, 0x1.1a929a0275254p+9, 
0x1.351cf7e3d1cc1p+9, 0x1.3be1986b9c305p+9, 0x1.5eb08405b39e2p+9, 
0x1.627b3a4f8726dp+9, 0x1.68d0f10a99b6fp+9, 0x1.7079f687b139dp+9, 
0x1.5f4523cc8de2bp+9, 0x1.4b79969e3c969p+9, 0x1.3ea4267839cd8p+9, 
0x1.39156a0dbad3ap+9, 0x1.2fe7c6c11a112p+9, 0x1.8512bad7d7c2dp+9, 
0x1.7149ea9a3d2d8p+9, 0x1.5825d7d3910c3p+9, 0x1.5625c725c3deep+9, 
0x1.58712830a0b1cp+9, 0x1.4ea394af4f0d8p+9, 0x1.51033d102bc73p+9, 
0x1.4c9e6eb0b7c35p+9, 0x1.5170a73f748a1p+9, 0x1.57027296f6513p+9, 
0x1.6430011d3671bp+9, 0x1.6d86a704bc276p+9, 0x1.6e26b2d905c03p+9, 
0x1.7af50fe8ab4fap+9, 0x1.839a8d8665e03p+9, 0x1.8ea9ca07f66e8p+9, 
0x1.9c4d5feda6613p+9, 0x1.a940c1a8ac5c1p+9, 0x1.b3546c5d206c8p+9, 
0x1.c58bc7ffde721p+9, 0x1.d56f18c9fb613p+9, 0x1.e0dbd86a8fc0dp+9, 
0x1.e7c6ec0724b77p+9, 0x1.f0211c3ac929bp+9, 0x1.ea4982e44b6e9p+9, 
0x1.e76cba7b9170dp+9, 0x1.eaf3a1cac0831p+9, 0x1.e3f413db7f173p+9, 
0x1.9e44eb356da01p+9, 0x1.78d162b6ae7d5p+9, 0x1.bfe174cd3176ap+9, 
0x1.cce625a682b63p+9, 0x1.eb3d4046412cfp+9, 0x1.003f256ffc116p+10, 
0x1.03ebc6088d6d4p+10, 0x1.103d17e34b945p+10, 0x1.0f2ae8ff327aap+10, 
0x1.10082f901083ep+10, 0x1.1453e9ea14057p+10, 0x1.0dcff6ad70e6fp+10, 
0x1.1195fbbd7b203p+10, 0x1.0eacfe82517e7p+10, 0x1.0ab2e9142b303p+10, 
0x1.0eba189374bc7p+10, 0x1.09be2ce032db2p+10, 0x1.09f390b417ca2p+10, 
0x1.05f91db0142f6p+10, 0x1.fb12bfdb4cc25p+9)), class = "data.frame", row.names = c(NA, 
-120L))
