structure(list(period_id = c("1995Q1", "1995Q2", "1995Q3", "1995Q4", 
"1996Q1", "1996Q2", "1996Q3", "1996Q4", "1997Q1", "1997Q2", "1997Q3", 
"1997Q4", "1998Q1", "1998Q2", "1998Q3", "1998Q4", "1999Q1", "1999Q2", 
"1999Q3", "1999Q4", "2000Q1", "2000Q2", "2000Q3", "2000Q4", "2001Q1", 
"2001Q2", "2001Q3", "2001Q4", "2002Q1", "2002Q2", "2002Q3", "2002Q4", 
"2003Q1", "2003Q2", "2003Q3", "2003Q4", "2004Q1", "2004Q2", "2004Q3", 
"2004Q4", "2005Q1", "2005Q2", "2005Q3", "2005Q4", "2006Q1", "2006Q2", 
"2006Q3", "2006Q4", "2007Q1", "2007Q2", "2007Q3", "2007Q4", "2008Q1", 
"2008Q2", "2008Q3", "2008Q4", "2009Q1", "2009Q2", "2009Q3", "2009Q4", 
"2010Q1", "2010Q2", "2010Q3", "2010Q4", "2011Q1", "2011Q2", "2011Q3", 
"2011Q4", "2012Q1", "2012Q2", "2012Q3", "2012Q4", "2013Q1", "2013Q2", 
"2013Q3", "2013Q4", "2014Q1", "2014Q2", "2014Q3", "2014Q4", "2015Q1", 
"2015Q2", "2015Q3", "2015Q4", "2016Q1", "2016Q2", "2016Q3", "2016Q4", 
"2017Q1", "2017Q2", "2017Q3", "2017Q4", "2018Q1", "2018Q2", "2018Q3", 
"2018Q4", "2019Q1", "2019Q2", "2019Q3", "2019Q4", "2020Q1", "2020Q2", 
"2020Q3", "2020Q4", "2021Q1", "2021Q2", "2021Q3", "2021Q4", "2022Q1", 
"2022Q2", "2022Q3", "2022Q4", "2023Q1", "2023Q2", "2023Q3", "2023Q4", 
"2024Q1", "2024Q2", "2024Q3"), value = c(NA, NA, NA, NA, 0x1.6577691212514p+8, 
0x1.7856a26e54717p+8, 0x1.6fc7035bd512fp+8, 0x1.660cb3c3e74bp+8, 
0x1.76d6dd26b723fp+8, 0x1.a00fc536d655ep+8, 0x1.b01f39192641bp+8, 
0x1.af3d5a4acf313p+8, 0x1.d60a75ff609ddp+8, 0x1.ca3fc7e6b3feap+8, 
0x1.e724a1ad6451cp+8, 0x1.f76a8ef77f28p+8, 0x1.0a1ebaade657cp+9, 
0x1.3a8676d117b53p+9, 0x1.0338583e8576dp+9, 0x1.137fc1a47a9e3p+9, 
0x1.1f8ec9fb6134dp+9, 0x1.155f6dd26b724p+9, 0x1.204f2324c8366p+9, 
0x1.24a1cb70ac3a8p+9, 0x1.2e5735d249e45p+9, 0x1.30a9c49774257p+9, 
0x1.43cdf737da61ep+9, 0x1.2d58bccf28c7ap+9, 0x1.29f49c0229a5fp+9, 
0x1.29b83c297bfa5p+9, 0x1.2a889e55c0fcbp+9, 0x1.42ae44c7b02d6p+9, 
0x1.39009774256bdp+9, 0x1.4aaa866a11ec9p+9, 0x1.5468109d0635ap+9, 
0x1.5d1cb588e368fp+9, 0x1.6f91b163baba8p+9, 0x1.6b36ebaade658p+9, 
0x1.74477603925bbp+9, 0x1.6c3da93293d1p+9, 0x1.60c2d87724fa9p+9, 
0x1.6d7ccc814d728p+9, 0x1.7baa5a038194cp+9, 0x1.a6d511e85fd05p+9, 
0x1.ab3c5caafbc1bp+9, 0x1.b00a3d46b26cp+9, 0x1.e003ce39b456bp+9, 
0x1.fd39a122fad6dp+9, 0x1.dfebf1e0828c3p+9, 0x1.fa4cba51a005cp+9, 
0x1.fb60c54bcf0b7p+9, 0x1.ee4e55fbb517ap+9, 0x1.ff696d7625205p+9, 
0x1.1434a0168b5ccp+10, 0x1.099e995aaf79p+10, 0x1.c1ef34267839dp+9, 
0x1.6a544ba94bbe4p+9, 0x1.5dfd281fd9ba2p+9, 0x1.679f20f2beceep+9, 
0x1.530bdfc9ff92fp+9, 0x1.1a324e160d888p+9, 0x1.359185d744f5dp+9, 
0x1.3b71deacc9214p+9, 0x1.5eed08cc575cp+9, 0x1.62200ef99806fp+9, 
0x1.69631ce28ed5fp+9, 0x1.7024d306a2b17p+9, 0x1.5f30f8e7ddca5p+9, 
0x1.4bc56e696a26ep+9, 0x1.3e84b70ac3a86p+9, 0x1.38fac0e7bc3c6p+9, 
0x1.2fe31f1cfbb95p+9, 0x1.8552c0ad03d9bp+9, 0x1.70e697fa5d28dp+9, 
0x1.589919695d91bp+9, 0x1.55a70d0678cp+9, 0x1.590a9813879c4p+9, 
0x1.4dfd0cdc8754fp+9, 0x1.51d584901d191p+9, 0x1.4bbe07fed2029p+9, 
0x1.522612513b5bfp+9, 0x1.5692ad362e903p+9, 0x1.6465645a1cac1p+9, 
0x1.6d823e3193f6cp+9, 0x1.6df96f6d76252p+9, 0x1.7b7309741d085p+9, 
0x1.82dfdec5f394bp+9, 0x1.8f81804534bd7p+9, 0x1.9b67112fd32c6p+9, 
0x1.aa1d6a400fba9p+9, 0x1.b29554e2b063ep+9, 0x1.c648e4217d285p+9, 
0x1.d4a47dfe32a06p+9, 0x1.e1744b9884c6ap+9, 0x1.e7b764840e172p+9, 
0x1.efe99c0ebedfap+9, 0x1.ea9aa6b93ccd1p+9, 0x1.e6cbac1d29dc7p+9, 
0x1.ec0bb8c32a8cap+9, 0x1.e2d11e8e60807p+9, 0x1.9f23e6256366dp+9, 
0x1.77e1f57b41bfcp+9, 0x1.c124ffd1dcd7p+9, 0x1.cc0f0f51ac9bp+9, 
0x1.eb61e1f3a57ebp+9, 0x1.000320d9945b7p+10, 0x1.04a1981beb181p+10, 
0x1.0fbe7724fa8b5p+10, 0x1.0f0ab5807fed2p+10, 0x1.0fe359ea57215p+10, 
0x1.156327fa1a0cfp+10, 0x1.0d2b3a7115161p+10, 0x1.10facd423d923p+10, 
0x1.0e915269595ffp+10, 0x1.0cc8d16fc9bc7p+10, 0x1.0d4ab57c4e2f3p+10, 
0x1.0c1402539756dp+10, 0x1.0c86441355476p+10, 0x1.07f8b7f5a5333p+10
)), class = "data.frame", row.names = c(NA, -119L))
