structure(list(period_id = c("1995Q1", "1995Q2", "1995Q3", "1995Q4", 
"1996Q1", "1996Q2", "1996Q3", "1996Q4", "1997Q1", "1997Q2", "1997Q3", 
"1997Q4", "1998Q1", "1998Q2", "1998Q3", "1998Q4", "1999Q1", "1999Q2", 
"1999Q3", "1999Q4", "2000Q1", "2000Q2", "2000Q3", "2000Q4", "2001Q1", 
"2001Q2", "2001Q3", "2001Q4", "2002Q1", "2002Q2", "2002Q3", "2002Q4", 
"2003Q1", "2003Q2", "2003Q3", "2003Q4", "2004Q1", "2004Q2", "2004Q3", 
"2004Q4", "2005Q1", "2005Q2", "2005Q3", "2005Q4", "2006Q1", "2006Q2", 
"2006Q3", "2006Q4", "2007Q1", "2007Q2", "2007Q3", "2007Q4", "2008Q1", 
"2008Q2", "2008Q3", "2008Q4", "2009Q1", "2009Q2", "2009Q3", "2009Q4", 
"2010Q1", "2010Q2", "2010Q3", "2010Q4", "2011Q1", "2011Q2", "2011Q3", 
"2011Q4", "2012Q1", "2012Q2", "2012Q3", "2012Q4", "2013Q1", "2013Q2", 
"2013Q3", "2013Q4", "2014Q1", "2014Q2", "2014Q3", "2014Q4", "2015Q1", 
"2015Q2", "2015Q3", "2015Q4", "2016Q1", "2016Q2", "2016Q3", "2016Q4", 
"2017Q1", "2017Q2", "2017Q3", "2017Q4", "2018Q1", "2018Q2", "2018Q3", 
"2018Q4", "2019Q1", "2019Q2", "2019Q3", "2019Q4", "2020Q1", "2020Q2", 
"2020Q3", "2020Q4", "2021Q1", "2021Q2", "2021Q3", "2021Q4", "2022Q1", 
"2022Q2", "2022Q3", "2022Q4", "2023Q1", "2023Q2", "2023Q3", "2023Q4", 
"2024Q1", "2024Q2", "2024Q3", "2024Q4", "2025Q1", "2025Q2"), 
    value = c(0x1.8f9fcea6c1a05p+8, 0x1.9a01aa2e3c537p+8, 0x1.a7890e8858ff7p+8, 
    0x1.b2ffd8383ad9fp+8, 0x1.bdfad41b75a75p+8, 0x1.cf1e1682f9442p+8, 
    0x1.db95e83e425afp+8, 0x1.f05e10385c67ep+8, 0x1.0cd05b63d3e4fp+9, 
    0x1.23af649d388a9p+9, 0x1.2743c66d373bp+9, 0x1.28155a858793ep+9, 
    0x1.2e7871476af8ap+9, 0x1.33ffa8bd230bap+9, 0x1.38754bf0995abp+9, 
    0x1.3ea21d755bccbp+9, 0x1.438ef2b66b617p+9, 0x1.62c803254e6e2p+9, 
    0x1.4ee9afea3df6ep+9, 0x1.583dcc964628p+9, 0x1.62eaaef2c7326p+9, 
    0x1.6d4b6b54e2b06p+9, 0x1.7aa06ad2dcb14p+9, 0x1.864e60e51d25bp+9, 
    0x1.96de6eeb7026p+9, 0x1.a116ee7c49fd8p+9, 0x1.ad8c4d5d80e49p+9, 
    0x1.bc6d40d4dc65cp+9, 0x1.c474e8533b107p+9, 0x1.d5c7af20ea5b5p+9, 
    0x1.e2409d5a187a5p+9, 0x1.eb950813cab82p+9, 0x1.f9ec5d206c871p+9, 
    0x1.0418edb7281fep+10, 0x1.0807164840e17p+10, 0x1.0f62bcb1cc964p+10, 
    0x1.15a8e5c91d14ep+10, 0x1.143ea18bd6627p+10, 0x1.1da4b40b34e77p+10, 
    0x1.2346828c36da8p+10, 0x1.25226bd2b6f1ap+10, 0x1.3005f30e7ff58p+10, 
    0x1.35c5027525461p+10, 0x1.3b3ad712a0ec7p+10, 0x1.43443e0370cddp+10, 
    0x1.4c7dd0bb6ed67p+10, 0x1.53b89ccfaeff6p+10, 0x1.5f3b8c586876ep+10, 
    0x1.6f67fb2aae297p+10, 0x1.7ae0262025397p+10, 0x1.8463fcfc3f812p+10, 
    0x1.930501eeed89p+10, 0x1.9b57c3d25247dp+10, 0x1.a352a91d9b1b8p+10, 
    0x1.afa4116a8b8f1p+10, 0x1.ab86b8c32a8cap+10, 0x1.909297edc7ef1p+10, 
    0x1.8db099bf5946cp+10, 0x1.879d3e0bd449ap+10, 0x1.8acea30db6a1fp+10, 
    0x1.813aaeee95747p+10, 0x1.862599567dbb1p+10, 0x1.8928e2003ab86p+10, 
    0x1.8b01acd9e83e4p+10, 0x1.92f63037d6302p+10, 0x1.927d4bba12b5ep+10, 
    0x1.9080c5479d4d8p+10, 0x1.8d709ce8d972dp+10, 0x1.8afc1a9fbe76dp+10, 
    0x1.8190aad601ffbp+10, 0x1.814197d49d7bap+10, 0x1.7dd9ee2c98e54p+10, 
    0x1.7be1cf91a32b1p+10, 0x1.875dcdd50a88fp+10, 0x1.881aee49f5169p+10, 
    0x1.910442aed1394p+10, 0x1.93a51e68a0d35p+10, 0x1.901e11dbca969p+10, 
    0x1.967ec2656abdep+10, 0x1.96526e08f2171p+10, 0x1.9f3de924f227dp+10, 
    0x1.a69ab945308bcp+10, 0x1.aba21eeed8905p+10, 0x1.b0b9c17225b75p+10, 
    0x1.b5d0e0828c36ep+10, 0x1.bdddc892ab68dp+10, 0x1.c456dbe3c1052p+10, 
    0x1.d130a6223e187p+10, 0x1.daa275a74c09cp+10, 0x1.dfe4474d9c6bp+10, 
    0x1.e9ba5ebfa8f7ep+10, 0x1.ef4bbbfd71b04p+10, 0x1.f9263de1e2de8p+10, 
    0x1.034e6b56fb8f5p+11, 0x1.077e8da3c2118p+11, 0x1.0c9cb4aec8d5cp+11, 
    0x1.0dd3a643cc07bp+11, 0x1.119f15faa8a83p+11, 0x1.14c28c79f6662p+11, 
    0x1.14f9d716d2aa6p+11, 0x1.044ff405f6bap+11, 0x1.b9c262cfd8f0cp+10, 
    0x1.0a4f7a1e3eaf7p+11, 0x1.f2f51c36976bcp+10, 0x1.074e93708aac9p+11, 
    0x1.101057a786c22p+11, 0x1.2971b25f633cep+11, 0x1.2f42d96638434p+11, 
    0x1.321ec87768167p+11, 0x1.38e1b2f23033ap+11, 0x1.44e9cad14a0a1p+11, 
    0x1.4b5c021d10b2p+11, 0x1.5adbcd24e160ep+11, 0x1.622011361dc94p+11, 
    0x1.644820d349be9p+11, 0x1.6a5abae03b3eap+11, 0x1.6c0d35cbff477p+11, 
    0x1.6d8767cd03537p+11, 0x1.70f5217f4128cp+11, 0x1.720815831f03dp+11, 
    0x1.74335fdcdf698p+11, 0x1.78af51611ba3dp+11)), class = "data.frame", row.names = c(NA, 
-122L))
