structure(list(period_id = c("1995Q1", "1995Q2", "1995Q3", "1995Q4", 
"1996Q1", "1996Q2", "1996Q3", "1996Q4", "1997Q1", "1997Q2", "1997Q3", 
"1997Q4", "1998Q1", "1998Q2", "1998Q3", "1998Q4", "1999Q1", "1999Q2", 
"1999Q3", "1999Q4", "2000Q1", "2000Q2", "2000Q3", "2000Q4", "2001Q1", 
"2001Q2", "2001Q3", "2001Q4", "2002Q1", "2002Q2", "2002Q3", "2002Q4", 
"2003Q1", "2003Q2", "2003Q3", "2003Q4", "2004Q1", "2004Q2", "2004Q3", 
"2004Q4", "2005Q1", "2005Q2", "2005Q3", "2005Q4", "2006Q1", "2006Q2", 
"2006Q3", "2006Q4", "2007Q1", "2007Q2", "2007Q3", "2007Q4", "2008Q1", 
"2008Q2", "2008Q3", "2008Q4", "2009Q1", "2009Q2", "2009Q3", "2009Q4", 
"2010Q1", "2010Q2", "2010Q3", "2010Q4", "2011Q1", "2011Q2", "2011Q3", 
"2011Q4", "2012Q1", "2012Q2", "2012Q3", "2012Q4", "2013Q1", "2013Q2", 
"2013Q3", "2013Q4", "2014Q1", "2014Q2", "2014Q3", "2014Q4", "2015Q1", 
"2015Q2", "2015Q3", "2015Q4", "2016Q1", "2016Q2", "2016Q3", "2016Q4", 
"2017Q1", "2017Q2", "2017Q3", "2017Q4", "2018Q1", "2018Q2", "2018Q3", 
"2018Q4", "2019Q1", "2019Q2", "2019Q3", "2019Q4", "2020Q1", "2020Q2", 
"2020Q3", "2020Q4", "2021Q1", "2021Q2", "2021Q3", "2021Q4", "2022Q1", 
"2022Q2", "2022Q3", "2022Q4", "2023Q1", "2023Q2", "2023Q3", "2023Q4", 
"2024Q1", "2024Q2", "2024Q3", "2024Q4", "2025Q1", "2025Q2"), 
    value = c(NA, NA, NA, NA, 0x1.6577691212514p+8, 0x1.7856a26e54717p+8, 
    0x1.6fc7035bd512fp+8, 0x1.660cb3c3e74bp+8, 0x1.76d6dd26b723fp+8, 
    0x1.a00fc536d655ep+8, 0x1.b01f39192641bp+8, 0x1.af3d5a4acf313p+8, 
    0x1.d60a75ff609ddp+8, 0x1.ca3fc7e6b3feap+8, 0x1.e724a1ad6451cp+8, 
    0x1.f76a8ef77f28p+8, 0x1.0a1ebaade657cp+9, 0x1.3a8676d117b53p+9, 
    0x1.0338583e8576dp+9, 0x1.137fc1a47a9e3p+9, 0x1.1f8ec9fb6134dp+9, 
    0x1.155f6dd26b724p+9, 0x1.204f2324c8366p+9, 0x1.24a1cb70ac3a8p+9, 
    0x1.2e5735d249e45p+9, 0x1.30a9c49774257p+9, 0x1.43cdf737da61ep+9, 
    0x1.2d58bccf28c7ap+9, 0x1.29f49c0229a5fp+9, 0x1.29b83c297bfa5p+9, 
    0x1.2a889e55c0fcbp+9, 0x1.42ae44c7b02d6p+9, 0x1.39009774256bdp+9, 
    0x1.4aaa866a11ec9p+9, 0x1.5468109d0635ap+9, 0x1.5d1cb588e368fp+9, 
    0x1.6f91b163baba8p+9, 0x1.6b36ebaade658p+9, 0x1.74477603925bbp+9, 
    0x1.6c3da93293d1p+9, 0x1.60c2d87724fa9p+9, 0x1.6d7ccc814d728p+9, 
    0x1.7baa5a038194cp+9, 0x1.a6d511e85fd05p+9, 0x1.ab3c5caafbc1bp+9, 
    0x1.b00a3d46b26cp+9, 0x1.e003ce39b456bp+9, 0x1.fd39a122fad6dp+9, 
    0x1.dfebf1e0828c3p+9, 0x1.fa4cba51a005cp+9, 0x1.fb60c54bcf0b7p+9, 
    0x1.ee4e55fbb517ap+9, 0x1.ff696d7625205p+9, 0x1.1434a0168b5ccp+10, 
    0x1.099e995aaf79p+10, 0x1.c1ef34267839dp+9, 0x1.6a544ba94bbe4p+9, 
    0x1.5dfd281fd9ba2p+9, 0x1.679f20f2beceep+9, 0x1.530bdfc9ff92fp+9, 
    0x1.1a74a808c825ap+9, 0x1.3526d7d7c2ca1p+9, 0x1.3be0cd855970bp+9, 
    0x1.5ebc9fa54c554p+9, 0x1.625afeb4a6656p+9, 0x1.68c61aef6f8fp+9, 
    0x1.708c976bc1fp+9, 0x1.5f454c0160525p+9, 0x1.4b69b823c85c2p+9, 
    0x1.3e9c90795f677p+9, 0x1.391be89225311p+9, 0x1.2ff7ad6451b93p+9, 
    0x1.84eaac7da1ec5p+9, 0x1.715197353b4b3p+9, 0x1.5821739f340d5p+9, 
    0x1.562ddb9841aacp+9, 0x1.586dc382a12f9p+9, 0x1.4e8e70b8cfbfcp+9, 
    0x1.511341d8e864p+9, 0x1.4c9460fe47992p+9, 0x1.5174107b78466p+9, 
    0x1.56f75a31a4bdcp+9, 0x1.642f6616b54e3p+9, 0x1.6d8b82a9930bep+9, 
    0x1.6e19ec460ed81p+9, 0x1.7af7ed0f62739p+9, 0x1.83928f7db6e5p+9, 
    0x1.8eaf94face67dp+9, 0x1.9c4355043e532p+9, 0x1.a93cc26139p+9, 
    0x1.b34cfb00bcbe6p+9, 0x1.c5992f23033a4p+9, 0x1.d562ef3d3a1d3p+9, 
    0x1.e0cb9da9c9928p+9, 0x1.e7c2a7ef9db23p+9, 0x1.f03b42bb6673p+9, 
    0x1.ea4260c38f367p+9, 0x1.e7337e34b9453p+9, 0x1.eb130fe047d3dp+9, 
    0x1.e401db3397ddp+9, 0x1.9e631aa821f2ap+9, 0x1.786e5c3dee782p+9, 
    0x1.c0161e71044f2p+9, 0x1.cd045ab3aabcdp+9, 0x1.eb4706f694467p+9, 
    0x1.001104ab606b8p+10, 0x1.03e916872b021p+10, 0x1.10765104d551dp+10, 
    0x1.0f225b5b70692p+10, 0x1.0fbb9d55e6bc6p+10, 0x1.1460699418506p+10, 
    0x1.0e26734f82f51p+10, 0x1.11928a6117721p+10, 0x1.0e1bfa05143bfp+10, 
    0x1.0ab670a3d70a4p+10, 0x1.0f913779e9d0fp+10, 0x1.09aa1c75818c6p+10, 
    0x1.08bcf090f733bp+10, 0x1.0615599ed7c7p+10, 0x1.fda0374794eap+9, 
    0x1.01655e0b4e11ep+10, 0x1.049a1f212d773p+10)), class = "data.frame", row.names = c(NA, 
-122L))
