structure(list(period_id = c("2000", "2001", "2002", "2003", 
"2004", "2005", "2006", "2007", "2008", "2009", "2010", "2011", 
"2012", "2013", "2014", "2015", "2016", "2017", "2018", "2019", 
"2020", "2021", "2022"), value = c(0x1.2f4b0010c6f7ap+10, 0x1.1c7bf7b5aea31p+10, 
0x1.32e6ee41919acp+10, 0x1.7348198aeb80fp+10, 0x1.8da4182235b4fp+10, 
0x1.8ae64477ff152p+10, 0x1.e1155668c2614p+10, 0x1.28096fed63455p+11, 
0x1.4d8b445aa2e3cp+11, 0x1.981741a261bf3p+10, 0x1.301bb6c7a7c9ep+10, 
0x1.2a10a5b9628ccp+10, 0x1.b33393682730cp+9, 0x1.a527d9c27e953p+9, 
0x1.cbc5fb0d51f82p+9, 0x1.067f72fba01efp+10, 0x1.388ca24cc6823p+10, 
0x1.56d7c219eb639p+10, 0x1.775bf48c2e771p+10, 0x1.5c58807bbb624p+10, 
0x1.63d72231832fdp+10, 0x1.87372263d816bp+10, 0x1.ea2812018a43cp+10
)), class = "data.frame", row.names = c(NA, -23L))
