structure(list(period_id = c("2000", "2001", "2002", "2003", 
"2004", "2005", "2006", "2007", "2008", "2009", "2010", "2011", 
"2012", "2013", "2014", "2015", "2016", "2017", "2018", "2019", 
"2020", "2021", "2022"), value = c(0x1.0d0d7674d1633p+10, 0x1.4ad2d08d4bad8p+10, 
0x1.387388094e5d6p+10, 0x1.87caa337a80dp+10, 0x1.ab79d5410f94dp+10, 
0x1.aca80a4a05dd9p+10, 0x1.c890a355043e5p+10, 0x1.cae48a50507a7p+10, 
0x1.eb516fc158fb4p+10, 0x1.708988c1db014p+10, 0x1.5e869e518f3edp+10, 
0x1.9456d041cc533p+10, 0x1.802589c1b5419p+10, 0x1.90272d1287c2p+10, 
0x1.9ea5900c521dep+10, 0x1.a47005ff1d81fp+10, 0x1.c4b65f41aef7p+10, 
0x1.010e90129cbabp+11, 0x1.2259f90539fbap+11, 0x1.2ed5b879c4114p+11, 
0x1.041f64430b179p+11, 0x1.32a13e07a28bbp+11, 0x1.6574da48b6523p+11
)), class = "data.frame", row.names = c(NA, -23L))
