structure(list(period_id = c("1995Q1", "1995Q2", "1995Q3", "1995Q4", 
"1996Q1", "1996Q2", "1996Q3", "1996Q4", "1997Q1", "1997Q2", "1997Q3", 
"1997Q4", "1998Q1", "1998Q2", "1998Q3", "1998Q4", "1999Q1", "1999Q2", 
"1999Q3", "1999Q4", "2000Q1", "2000Q2", "2000Q3", "2000Q4", "2001Q1", 
"2001Q2", "2001Q3", "2001Q4", "2002Q1", "2002Q2", "2002Q3", "2002Q4", 
"2003Q1", "2003Q2", "2003Q3", "2003Q4", "2004Q1", "2004Q2", "2004Q3", 
"2004Q4", "2005Q1", "2005Q2", "2005Q3", "2005Q4", "2006Q1", "2006Q2", 
"2006Q3", "2006Q4", "2007Q1", "2007Q2", "2007Q3", "2007Q4", "2008Q1", 
"2008Q2", "2008Q3", "2008Q4", "2009Q1", "2009Q2", "2009Q3", "2009Q4", 
"2010Q1", "2010Q2", "2010Q3", "2010Q4", "2011Q1", "2011Q2", "2011Q3", 
"2011Q4", "2012Q1", "2012Q2", "2012Q3", "2012Q4", "2013Q1", "2013Q2", 
"2013Q3", "2013Q4", "2014Q1", "2014Q2", "2014Q3", "2014Q4", "2015Q1", 
"2015Q2", "2015Q3", "2015Q4", "2016Q1", "2016Q2", "2016Q3", "2016Q4", 
"2017Q1", "2017Q2", "2017Q3", "2017Q4", "2018Q1", "2018Q2", "2018Q3", 
"2018Q4", "2019Q1", "2019Q2", "2019Q3", "2019Q4", "2020Q1", "2020Q2", 
"2020Q3", "2020Q4", "2021Q1", "2021Q2", "2021Q3", "2021Q4", "2022Q1", 
"2022Q2", "2022Q3", "2022Q4", "2023Q1", "2023Q2", "2023Q3", "2023Q4", 
"2024Q1", "2024Q2", "2024Q3"), value = c(NA, NA, NA, NA, 0x1.d6fe5881a1555p+7, 
0x1.0746038194c01p+8, 0x1.0c736922d948ep+8, 0x1.4d79b71758e22p+8, 
0x1.ed6b150dae3e7p+7, 0x1.12f7ab21815ap+8, 0x1.0baabb44e50c6p+8, 
0x1.66a52e40852b5p+8, 0x1.fdebc3c5bd0e1p+7, 0x1.2f36bf01322f2p+8, 
0x1.20cc203e63e8ep+8, 0x1.65ea0f4d7add1p+8, 0x1.1afa7589efd87p+8, 
0x1.457bfde7210bfp+8, 0x1.32b671ef30a4ep+8, 0x1.78a0815e39714p+8, 
0x1.21f725f633ce6p+8, 0x1.4a4a9ee45c359p+8, 0x1.33ea8155d5f57p+8, 
0x1.7ac8d0fe8ab5p+8, 0x1.339c38d1d8a55p+8, 0x1.61f64851a8694p+8, 
0x1.59001b003686ap+8, 0x1.9d23c5bd0e12fp+8, 0x1.37e0d2d44dca9p+8, 
0x1.672d60b6f9fcbp+8, 0x1.5d17bd6a593a3p+8, 0x1.a290b34e7685ap+8, 
0x1.3b6e6f9335d25p+8, 0x1.73efd8cf398e9p+8, 0x1.67afcc5b8dc55p+8, 
0x1.abe227e0ef998p+8, 0x1.3e492b3cc4ac7p+8, 0x1.715aca3619978p+8, 
0x1.65cb81f969e3dp+8, 0x1.ae55052934acbp+8, 0x1.4686fbe33acd6p+8, 
0x1.7d0ed02cd39dap+8, 0x1.764fa9d1f6018p+8, 0x1.b8c99d7774abap+8, 
0x1.4a7c0ebedfa44p+8, 0x1.7972541d8e864p+8, 0x1.750ad0f627393p+8, 
0x1.b113922962cfep+8, 0x1.56dc9784ec637p+8, 0x1.aad1fc2a8869cp+8, 
0x1.b031b09a671efp+8, 0x1.dfea6afcce1c6p+8, 0x1.5c0c167a95c85p+8, 
0x1.a0fb35f3d7d39p+8, 0x1.a9ddf8b157258p+8, 0x1.d992f47b677f7p+8, 
0x1.6361a1db877abp+8, 0x1.adb7b4c3c18b5p+8, 0x1.b7fd9d0203e64p+8, 
0x1.ee3ceb9a176dep+8, 0x1.785434f3fd934p+8, 0x1.c7ad2e514c22fp+8, 
0x1.dcdb558a76102p+8, 0x1.031e0852b4d8cp+9, 0x1.b1cac79702e66p+8, 
0x1.d4566b8305d96p+8, 0x1.e7901797cc3ap+8, 0x1.e333cee9dd7edp+8, 
0x1.beb3064ece9a3p+8, 0x1.c49c153bd1676p+8, 0x1.e30122424a277p+8, 
0x1.c57b9a49c2c1bp+8, 0x1.837802afdda8cp+8, 0x1.aa0859641f645p+8, 
0x1.c2f83a2163fddp+8, 0x1.bce3e1eb4202ep+8, 0x1.93c83a322af57p+8, 
0x1.c18be1eb4202ep+8, 0x1.deafe835dedf2p+8, 0x1.c42cbf6e3f78cp+8, 
0x1.92c586db50f41p+8, 0x1.bb47296f6512bp+8, 0x1.db26a14057082p+8, 
0x1.d189e9c0229a6p+8, 0x1.bffafef7c243ep+8, 0x1.f7c682c6ef3d4p+8, 
0x1.10efab430f495p+9, 0x1.0aed8194c016p+9, 0x1.f1842656abde4p+8, 
0x1.0f967125dd096p+9, 0x1.1b37bb59ddc1ep+9, 0x1.0c085015c2092p+9, 
0x1.fc5abda0dfdfp+8, 0x1.13e7132f87ad1p+9, 0x1.20e2bc9cd3e0cp+9, 
0x1.2246ababead4fp+9, 0x1.116c8c8abd5dcp+9, 0x1.38b342aa9f7b6p+9, 
0x1.422011b1d92b8p+9, 0x1.3bbb9ba1b1961p+9, 0x1.e054520d130ep+8, 
0x1.f80282a5614ep+8, 0x1.46870f16f4385p+9, 0x1.b444dd72367e4p+8, 
0x1.03f9b18548a9cp+9, 0x1.4b3c9c347e8cdp+9, 0x1.6038b2f23033ap+9, 
0x1.5f7791cd1c7dep+9, 0x1.3005c99285a92p+9, 0x1.77fc167a95c85p+9, 
0x1.72c9f9acffa7fp+9, 0x1.64ef5f3519bd4p+9, 0x1.279cdb61bb06p+9, 
0x1.4e2832e3821afp+9, 0x1.452374256bca5p+9, 0x1.619b79bfdf7e8p+9, 
0x1.2e28e3c536d65p+9, 0x1.4fa0d99cbee8p+9, 0x1.5ed1fa0945f9ep+9
)), class = "data.frame", row.names = c(NA, -119L))
