structure(list(period_id = c("1995Q1", "1995Q2", "1995Q3", "1995Q4", 
"1996Q1", "1996Q2", "1996Q3", "1996Q4", "1997Q1", "1997Q2", "1997Q3", 
"1997Q4", "1998Q1", "1998Q2", "1998Q3", "1998Q4", "1999Q1", "1999Q2", 
"1999Q3", "1999Q4", "2000Q1", "2000Q2", "2000Q3", "2000Q4", "2001Q1", 
"2001Q2", "2001Q3", "2001Q4", "2002Q1", "2002Q2", "2002Q3", "2002Q4", 
"2003Q1", "2003Q2", "2003Q3", "2003Q4", "2004Q1", "2004Q2", "2004Q3", 
"2004Q4", "2005Q1", "2005Q2", "2005Q3", "2005Q4", "2006Q1", "2006Q2", 
"2006Q3", "2006Q4", "2007Q1", "2007Q2", "2007Q3", "2007Q4", "2008Q1", 
"2008Q2", "2008Q3", "2008Q4", "2009Q1", "2009Q2", "2009Q3", "2009Q4", 
"2010Q1", "2010Q2", "2010Q3", "2010Q4", "2011Q1", "2011Q2", "2011Q3", 
"2011Q4", "2012Q1", "2012Q2", "2012Q3", "2012Q4", "2013Q1", "2013Q2", 
"2013Q3", "2013Q4", "2014Q1", "2014Q2", "2014Q3", "2014Q4", "2015Q1", 
"2015Q2", "2015Q3", "2015Q4", "2016Q1", "2016Q2", "2016Q3", "2016Q4", 
"2017Q1", "2017Q2", "2017Q3", "2017Q4", "2018Q1", "2018Q2", "2018Q3", 
"2018Q4", "2019Q1", "2019Q2", "2019Q3", "2019Q4", "2020Q1", "2020Q2", 
"2020Q3", "2020Q4", "2021Q1", "2021Q2", "2021Q3", "2021Q4", "2022Q1", 
"2022Q2", "2022Q3", "2022Q4", "2023Q1", "2023Q2", "2023Q3", "2023Q4", 
"2024Q1", "2024Q2", "2024Q3", "2024Q4", "2025Q1"), value = c(0x1.61bb333333333p+12, 
0x1.639p+12, 0x1.64be666666666p+12, 0x1.65d999999999ap+12, 0x1.68ab333333333p+12, 
0x1.6b4999999999ap+12, 0x1.7003333333333p+12, 0x1.756p+12, 0x1.78d4ccccccccdp+12, 
0x1.8028p+12, 0x1.834199999999ap+12, 0x1.8548p+12, 0x1.87acccccccccdp+12, 
0x1.89c199999999ap+12, 0x1.8cf8p+12, 0x1.9094ccccccccdp+12, 0x1.958e666666666p+12, 
0x1.a773333333333p+12, 0x1.9e46666666666p+12, 0x1.a42199999999ap+12, 
0x1.aa0b333333333p+12, 0x1.ae7999999999ap+12, 0x1.b31199999999ap+12, 
0x1.b5e3333333333p+12, 0x1.b88e666666666p+12, 0x1.bc2cccccccccdp+12, 
0x1.be96666666666p+12, 0x1.c104ccccccccdp+12, 0x1.c676666666666p+12, 
0x1.c7e4ccccccccdp+12, 0x1.cc1p+12, 0x1.d27e666666666p+12, 0x1.d2d199999999ap+12, 
0x1.d76199999999ap+12, 0x1.dc4999999999ap+12, 0x1.dfcb333333333p+12, 
0x1.e6bcccccccccdp+12, 0x1.ea3cccccccccdp+12, 0x1.ef2e666666666p+12, 
0x1.f2ap+12, 0x1.f70cccccccccdp+12, 0x1.fe5b333333333p+12, 0x1.01bf333333333p+13, 
0x1.0606666666666p+13, 0x1.0917333333333p+13, 0x1.0e5f333333333p+13, 
0x1.1312666666666p+13, 0x1.191b333333333p+13, 0x1.1e24p+13, 0x1.225a666666666p+13, 
0x1.2832666666666p+13, 0x1.2a44ccccccccdp+13, 0x1.2e58ccccccccdp+13, 
0x1.313b333333333p+13, 0x1.30c2666666666p+13, 0x1.2637333333333p+13, 
0x1.1724p+13, 0x1.14db333333333p+13, 0x1.157p+13, 0x1.1548p+13, 
0x1.152cccccccccdp+13, 0x1.18ecp+13, 0x1.198cp+13, 0x1.1ae4p+13, 
0x1.1c7599999999ap+13, 0x1.1b3cccccccccdp+13, 0x1.1af6666666666p+13, 
0x1.1b1a666666666p+13, 0x1.19ef333333333p+13, 0x1.132b333333333p+13, 
0x1.13b7333333333p+13, 0x1.0ed3333333333p+13, 0x1.0f0cccccccccdp+13, 
0x1.103cccccccccdp+13, 0x1.1060ccccccccdp+13, 0x1.15bcp+13, 0x1.1564ccccccccdp+13, 
0x1.185cccccccccdp+13, 0x1.1a07333333333p+13, 0x1.1a52666666666p+13, 
0x1.1bbb333333333p+13, 0x1.1e34ccccccccdp+13, 0x1.200cp+13, 0x1.2097333333333p+13, 
0x1.243f333333333p+13, 0x1.26cb333333333p+13, 0x1.2967333333333p+13, 
0x1.2b93333333333p+13, 0x1.31af333333333p+13, 0x1.35bf333333333p+13, 
0x1.3853333333333p+13, 0x1.3e78p+13, 0x1.3f6f333333333p+13, 0x1.441d99999999ap+13, 
0x1.47fe666666666p+13, 0x1.4a48p+13, 0x1.4ee0ccccccccdp+13, 0x1.4e9a666666666p+13, 
0x1.5228p+13, 0x1.52f199999999ap+13, 0x1.4ad6666666666p+13, 0x1.2a1f333333333p+13, 
0x1.4cb3333333333p+13, 0x1.451999999999ap+13, 0x1.534a666666666p+13, 
0x1.57e6666666666p+13, 0x1.609a666666666p+13, 0x1.654f333333333p+13, 
0x1.64dcccccccccdp+13, 0x1.676999999999ap+13, 0x1.66f8p+13, 0x1.683cccccccccdp+13, 
0x1.6ae3333333333p+13, 0x1.6ffp+13, 0x1.6fb4ccccccccdp+13, 0x1.720cp+13, 
0x1.757199999999ap+13, 0x1.73b2666666666p+13, 0x1.7482666666666p+13, 
0x1.75a7333333333p+13, 0x1.728d99999999ap+13)), class = "data.frame", row.names = c(NA, 
-121L))
