structure(list(period_id = c("2005M01", "2005M02", "2005M03", 
"2005M04", "2005M05", "2005M06", "2005M07", "2005M08", "2005M09", 
"2005M10", "2005M11", "2005M12", "2006M01", "2006M02", "2006M03", 
"2006M04", "2006M05", "2006M06", "2006M07", "2006M08", "2006M09", 
"2006M10", "2006M11", "2006M12", "2007M01", "2007M02", "2007M03", 
"2007M04", "2007M05", "2007M06", "2007M07", "2007M08", "2007M09", 
"2007M10", "2007M11", "2007M12", "2008M01", "2008M02", "2008M03", 
"2008M04", "2008M05", "2008M06", "2008M07", "2008M08", "2008M09", 
"2008M10", "2008M11", "2008M12", "2009M01", "2009M02", "2009M03", 
"2009M04", "2009M05", "2009M06", "2009M07", "2009M08", "2009M09", 
"2009M10", "2009M11", "2009M12", "2010M01", "2010M02", "2010M03", 
"2010M04", "2010M05", "2010M06", "2010M07", "2010M08", "2010M09", 
"2010M10", "2010M11", "2010M12", "2011M01", "2011M02", "2011M03", 
"2011M04", "2011M05", "2011M06", "2011M07", "2011M08", "2011M09", 
"2011M10", "2011M11", "2011M12", "2012M01", "2012M02", "2012M03", 
"2012M04", "2012M05", "2012M06", "2012M07", "2012M08", "2012M09", 
"2012M10", "2012M11", "2012M12", "2013M01", "2013M02", "2013M03", 
"2013M04", "2013M05", "2013M06", "2013M07", "2013M08", "2013M09", 
"2013M10", "2013M11", "2013M12", "2014M01", "2014M02", "2014M03", 
"2014M04", "2014M05", "2014M06", "2014M07", "2014M08", "2014M09", 
"2014M10", "2014M11", "2014M12", "2015M01", "2015M02", "2015M03", 
"2015M04", "2015M05", "2015M06", "2015M07", "2015M08", "2015M09", 
"2015M10"), value = c(0x1.47c51eb851eb8p+10, 0x1.444a3d70a3d71p+10, 
0x1.4a2c28f5c28f6p+10, 0x1.48a28f5c28f5cp+10, 0x1.4c7f5c28f5c29p+10, 
0x1.500ae147ae148p+10, 0x1.50a70a3d70a3dp+10, 0x1.5788f5c28f5c3p+10, 
0x1.5523333333333p+10, 0x1.583b851eb851fp+10, 0x1.7bd0a3d70a3d7p+10, 
0x1.5ee1eb851eb85p+10, 0x1.56fb851eb851fp+10, 0x1.54c1eb851eb85p+10, 
0x1.58a6666666666p+10, 0x1.572a3d70a3d71p+10, 0x1.5b40a3d70a3d7p+10, 
0x1.5c73d70a3d70ap+10, 0x1.5d4f5c28f5c29p+10, 0x1.6190a3d70a3d7p+10, 
0x1.60a3d70a3d70ap+10, 0x1.65bae147ae148p+10, 0x1.8bb0a3d70a3d7p+10, 
0x1.6e47ae147ae14p+10, 0x1.6c28f5c28f5c3p+10, 0x1.67470a3d70a3dp+10, 
0x1.6f1e147ae147bp+10, 0x1.6c9p+10, 0x1.762e147ae147bp+10, 0x1.733f5c28f5c29p+10, 
0x1.781999999999ap+10, 0x1.7811eb851eb85p+10, 0x1.753a3d70a3d71p+10, 
0x1.7fba3d70a3d71p+10, 0x1.b09c28f5c28f6p+10, 0x1.87ef5c28f5c29p+10, 
0x1.8167ae147ae14p+10, 0x1.89e0a3d70a3d7p+10, 0x1.8b90a3d70a3d7p+10, 
0x1.8a1b851eb851fp+10, 0x1.90c0a3d70a3d7p+10, 0x1.93351eb851eb8p+10, 
0x1.94db851eb851fp+10, 0x1.b033333333333p+10, 0x1.a66999999999ap+10, 
0x1.afa0a3d70a3d7p+10, 0x1.d585c28f5c28fp+10, 0x1.b853333333333p+10, 
0x1.b266666666666p+10, 0x1.a9e999999999ap+10, 0x1.b1070a3d70a3dp+10, 
0x1.b3dcccccccccdp+10, 0x1.b1dp+10, 0x1.b53f5c28f5c29p+10, 0x1.acfe147ae147bp+10, 
0x1.ae83333333333p+10, 0x1.b177ae147ae14p+10, 0x1.b36999999999ap+10, 
0x1.d131eb851eb85p+10, 0x1.bcea3d70a3d71p+10, 0x1.b2b3333333333p+10, 
0x1.ae15c28f5c28fp+10, 0x1.b0b7ae147ae14p+10, 0x1.b3aeb851eb852p+10, 
0x1.b67p+10, 0x1.b8470a3d70a3dp+10, 0x1.b3747ae147ae1p+10, 0x1.b5a6666666666p+10, 
0x1.b71851eb851ecp+10, 0x1.b597ae147ae14p+10, 0x1.d93cccccccccdp+10, 
0x1.bfccccccccccdp+10, 0x1.b79eb851eb852p+10, 0x1.b2a147ae147aep+10, 
0x1.b683333333333p+10, 0x1.b727ae147ae14p+10, 0x1.bd670a3d70a3dp+10, 
0x1.bf05c28f5c28fp+10, 0x1.bc6ae147ae148p+10, 0x1.bbb28f5c28f5cp+10, 
0x1.b87999999999ap+10, 0x1.ba651eb851eb8p+10, 0x1.d2ec28f5c28f6p+10, 
0x1.c4f999999999ap+10, 0x1.bfcd70a3d70a4p+10, 0x1.bcb51eb851eb8p+10, 
0x1.ba9p+10, 0x1.bc35c28f5c28fp+10, 0x1.bf847ae147ae1p+10, 0x1.b4f8f5c28f5c3p+10, 
0x1.af7p+10, 0x1.b0d8f5c28f5c3p+10, 0x1.b1a0a3d70a3d7p+10, 0x1.b14eb851eb852p+10, 
0x1.bff51eb851eb8p+10, 0x1.bdb7ae147ae14p+10, 0x1.b683333333333p+10, 
0x1.aea851eb851ecp+10, 0x1.b2151eb851eb8p+10, 0x1.b2f1eb851eb85p+10, 
0x1.b7b851eb851ecp+10, 0x1.b0f28f5c28f5cp+10, 0x1.b0ea3d70a3d71p+10, 
0x1.ae0a3d70a3d71p+10, 0x1.acd999999999ap+10, 0x1.b3ba3d70a3d71p+10, 
0x1.bac8f5c28f5c3p+10, 0x1.b9247ae147ae1p+10, 0x1.b37c28f5c28f6p+10, 
0x1.b0a851eb851ecp+10, 0x1.af65c28f5c28fp+10, 0x1.b6d7ae147ae14p+10, 
0x1.b838f5c28f5c3p+10, 0x1.b6fc28f5c28f6p+10, 0x1.b583d70a3d70ap+10, 
0x1.b5cd70a3d70a4p+10, 0x1.b5a3d70a3d70ap+10, 0x1.bb5147ae147aep+10, 
0x1.c427ae147ae14p+10, 0x1.bddd70a3d70a4p+10, 0x1.bc78f5c28f5c3p+10, 
0x1.b07ae147ae148p+10, 0x1.b78999999999ap+10, 0x1.bb851eb851eb8p+10, 
0x1.bca999999999ap+10, 0x1.bb7147ae147aep+10, 0x1.bb6f5c28f5c29p+10, 
0x1.b7bc28f5c28f6p+10, 0x1.b6451eb851eb8p+10, 0x1.ba9999999999ap+10
)), class = "data.frame", row.names = c(NA, -130L))
