structure(list(period_id = c("2007Q1", "2007Q2", "2007Q3", "2007Q4", 
"2008Q1", "2008Q2", "2008Q3", "2008Q4", "2009Q1", "2009Q2", "2009Q3", 
"2009Q4", "2010Q1", "2010Q2", "2010Q3", "2010Q4", "2011Q1", "2011Q2", 
"2011Q3", "2011Q4", "2012Q1", "2012Q2", "2012Q3", "2012Q4", "2013Q1", 
"2013Q2", "2013Q3", "2013Q4", "2014Q1", "2014Q2", "2014Q3", "2014Q4", 
"2015Q1", "2015Q2", "2015Q3", "2015Q4", "2016Q1", "2016Q2", "2016Q3", 
"2016Q4", "2017Q1", "2017Q2", "2017Q3", "2017Q4", "2018Q1", "2018Q2", 
"2018Q3", "2018Q4", "2019Q1", "2019Q2", "2019Q3", "2019Q4", "2020Q1", 
"2020Q2", "2020Q3", "2020Q4", "2021Q1", "2021Q2", "2021Q3", "2021Q4", 
"2022Q1", "2022Q2", "2022Q3", "2022Q4", "2023Q1", "2023Q2", "2023Q3", 
"2023Q4", "2024Q1", "2024Q2", "2024Q3", "2024Q4"), value = c(0x1.cea3d70a3d70ap+6, 
0x1.d87ae147ae148p+6, 0x1.e851eb851eb85p+6, 0x1.fe147ae147ae1p+6, 
0x1.02a3d70a3d70ap+7, 0x1.0228f5c28f5c3p+7, 0x1.070a3d70a3d71p+7, 
0x1.fd3d70a3d70a4p+6, 0x1.dd7ae147ae148p+6, 0x1.d3b851eb851ecp+6, 
0x1.cbccccccccccdp+6, 0x1.d3e147ae147aep+6, 0x1.d5a3d70a3d70ap+6, 
0x1.d851eb851eb85p+6, 0x1.d21eb851eb852p+6, 0x1.d333333333333p+6, 
0x1.e8f5c28f5c28fp+6, 0x1.e78f5c28f5c29p+6, 0x1.dc0a3d70a3d71p+6, 
0x1.d99999999999ap+6, 0x1.c666666666666p+6, 0x1.cba3d70a3d70ap+6, 
0x1.bf9999999999ap+6, 0x1.afccccccccccdp+6, 0x1.b2e147ae147aep+6, 
0x1.b666666666666p+6, 0x1.9d33333333333p+6, 0x1.9ce147ae147aep+6, 
0x1.960a3d70a3d71p+6, 0x1.8b5c28f5c28f6p+6, 0x1.87147ae147ae1p+6, 
0x1.8ac28f5c28f5cp+6, 0x1.9070a3d70a3d7p+6, 0x1.99851eb851eb8p+6, 
0x1.8b147ae147ae1p+6, 0x1.8af5c28f5c28fp+6, 0x1.93c28f5c28f5cp+6, 
0x1.9b5c28f5c28f6p+6, 0x1.9ec28f5c28f5cp+6, 0x1.a628f5c28f5c3p+6, 
0x1.aeb851eb851ecp+6, 0x1.bd51eb851eb85p+6, 0x1.c0ae147ae147bp+6, 
0x1.cfd70a3d70a3dp+6, 0x1.d828f5c28f5c3p+6, 0x1.dfb851eb851ecp+6, 
0x1.eaae147ae147bp+6, 0x1.f633333333333p+6, 0x1.fbeb851eb851fp+6, 
0x1.01a8f5c28f5c3p+7, 0x1.06a8f5c28f5c3p+7, 0x1.073d70a3d70a4p+7, 
0x1.09fae147ae148p+7, 0x1.0f1eb851eb852p+7, 0x1.0f4cccccccccdp+7, 
0x1.14dc28f5c28f6p+7, 0x1.1d4cccccccccdp+7, 0x1.2a6b851eb851fp+7, 
0x1.324cccccccccdp+7, 0x1.40851eb851eb8p+7, 0x1.4ddc28f5c28f6p+7, 
0x1.58dc28f5c28f6p+7, 0x1.60ccccccccccdp+7, 0x1.65a8f5c28f5c3p+7, 
0x1.6beb851eb851fp+7, 0x1.72c7ae147ae14p+7, 0x1.74a8f5c28f5c3p+7, 
0x1.7e6147ae147aep+7, 0x1.82f5c28f5c28fp+7, 0x1.8b7ae147ae148p+7, 
0x1.9223d70a3d70ap+7, 0x1.9eb851eb851ecp+7)), class = "data.frame", row.names = c(NA, 
-72L))
