structure(list(period_id = c("1995Q1", "1995Q2", "1995Q3", "1995Q4", 
"1996Q1", "1996Q2", "1996Q3", "1996Q4", "1997Q1", "1997Q2", "1997Q3", 
"1997Q4", "1998Q1", "1998Q2", "1998Q3", "1998Q4", "1999Q1", "1999Q2", 
"1999Q3", "1999Q4", "2000Q1", "2000Q2", "2000Q3", "2000Q4", "2001Q1", 
"2001Q2", "2001Q3", "2001Q4", "2002Q1", "2002Q2", "2002Q3", "2002Q4", 
"2003Q1", "2003Q2", "2003Q3", "2003Q4", "2004Q1", "2004Q2", "2004Q3", 
"2004Q4", "2005Q1", "2005Q2", "2005Q3", "2005Q4", "2006Q1", "2006Q2", 
"2006Q3", "2006Q4", "2007Q1", "2007Q2", "2007Q3", "2007Q4", "2008Q1", 
"2008Q2", "2008Q3", "2008Q4", "2009Q1", "2009Q2", "2009Q3", "2009Q4", 
"2010Q1", "2010Q2", "2010Q3", "2010Q4", "2011Q1", "2011Q2", "2011Q3", 
"2011Q4", "2012Q1", "2012Q2", "2012Q3", "2012Q4", "2013Q1", "2013Q2", 
"2013Q3", "2013Q4", "2014Q1", "2014Q2", "2014Q3", "2014Q4", "2015Q1", 
"2015Q2", "2015Q3", "2015Q4", "2016Q1", "2016Q2", "2016Q3", "2016Q4", 
"2017Q1", "2017Q2", "2017Q3", "2017Q4", "2018Q1", "2018Q2", "2018Q3", 
"2018Q4", "2019Q1", "2019Q2", "2019Q3", "2019Q4", "2020Q1", "2020Q2", 
"2020Q3", "2020Q4", "2021Q1", "2021Q2", "2021Q3", "2021Q4", "2022Q1", 
"2022Q2", "2022Q3", "2022Q4", "2023Q1", "2023Q2", "2023Q3", "2023Q4", 
"2024Q1", "2024Q2", "2024Q3", "2024Q4"), value = c(NA, NA, NA, 
NA, 0x1.d7bea8f3a9b07p+9, 0x1.dc0b5d5f56a7bp+9, 0x1.e22d2135daad6p+9, 
0x1.e9a7ce9e5e248p+9, 0x1.f1e3bf26f1dc5p+9, 0x1.06d8bda0dfdfp+10, 
0x1.069911dbca969p+10, 0x1.051b03254e6e2p+10, 0x1.049a1b36bd2b7p+10, 
0x1.07d285b18548bp+10, 0x1.0a842adc4c9c9p+10, 0x1.0e0a54e6e221dp+10, 
0x1.1025ebf22c01ep+10, 0x1.2413ababead4fp+10, 0x1.15ac5ad96a6ap+10, 
0x1.1a6b882278d0dp+10, 0x1.11315069a4df4p+10, 0x1.1726aa64c2f83p+10, 
0x1.1cb83f78bbd38p+10, 0x1.2118e81cb46bbp+10, 0x1.27146f86a0989p+10, 
0x1.2b5ea24cc6823p+10, 0x1.2f3ccfa26a22bp+10, 0x1.32f73122b7bafp+10, 
0x1.3786542e557dep+10, 0x1.3b270ac7da1ecp+10, 0x1.3def542a23cp+10, 
0x1.4067b71327243p+10, 0x1.423434ce3de61p+10, 0x1.449b696e58a33p+10, 
0x1.47abbb16c1e36p+10, 0x1.4abcd99cbee8p+10, 0x1.4cfe04102ff8fp+10, 
0x1.4f7675536933ap+10, 0x1.52d637867f0aap+10, 0x1.56a019008206p+10, 
0x1.59ede0a84be4p+10, 0x1.600c7e4de3b8ap+10, 0x1.66318dde7a744p+10, 
0x1.6b5f4dd72367ep+10, 0x1.732e3dc486ad3p+10, 0x1.78fb35158b828p+10, 
0x1.7e7fb1465e892p+10, 0x1.86b2p+10, 0x1.8ddfa7bd48cb5p+10, 0x1.9435fc69728a6p+10, 
0x1.9a03d35653c9bp+10, 0x1.9e0215831f03dp+10, 0x1.a1cd8787485e4p+10, 
0x1.a408cad9ad85ep+10, 0x1.a5b3d362e9036p+10, 0x1.a5a7f5dbb9cfap+10, 
0x1.813e4f00ef135p+10, 0x1.80fc2eb1c432dp+10, 0x1.80aaca793576p+10, 
0x1.831d6e3f78bbdp+10, 0x1.7ffa26351defp+10, 0x1.868bcc2507208p+10, 
0x1.8a9107f66e86cp+10, 0x1.896c432441febp+10, 0x1.90efb53d640eap+10, 
0x1.8c11134ce3de6p+10, 0x1.8940f7ced9168p+10, 0x1.8f01595bbbe88p+10, 
0x1.851f810e8859p+10, 0x1.7b0e097c80842p+10, 0x1.78c446bf01323p+10, 
0x1.742ab845564b6p+10, 0x1.738eaa044ae86p+10, 0x1.7b3f4cb9ecf64p+10, 
0x1.7da516bdb1a6dp+10, 0x1.8445ee3d5fdcep+10, 0x1.86381c10d7beap+10, 
0x1.87ae582dbe7f3p+10, 0x1.8c6bbe0157eedp+10, 0x1.8ecaebf65dbfdp+10, 
0x1.9676892ee84adp+10, 0x1.9cf16451b9303p+10, 0x1.a2ebcdc8754f3p+10, 
0x1.a73e3c18b502bp+10, 0x1.abe5352eb5f5fp+10, 0x1.b38538da3c212p+10, 
0x1.b95a21187e7cp+10, 0x1.c6840e94ee393p+10, 0x1.d30497353b4b3p+10, 
0x1.d67722856605fp+10, 0x1.dfd5413db7f17p+10, 0x1.e2aa67c6b8b69p+10, 
0x1.e5bfcd141a693p+10, 0x1.f17a9c304cceep+10, 0x1.f70cdc55000c9p+10, 
0x1.fe59a7ef9db23p+10, 0x1.0366a79bbadc1p+11, 0x1.027dd08d4bad8p+11, 
0x1.034aaa821f299p+11, 0x1.003cf1c53f39dp+11, 0x1.fa2cf29d40eep+10, 
0x1.af81db1a6d699p+10, 0x1.0247efe2e6ea8p+11, 0x1.c8614f6598e11p+10, 
0x1.eaa2960fa15dbp+10, 0x1.f871d2bb23572p+10, 0x1.14c18bf3bea92p+11, 
0x1.19adf9b994e1ap+11, 0x1.1477653a81dc1p+11, 0x1.0d8153dea465ap+11, 
0x1.0c406a0ba1f4bp+11, 0x1.0836436da87ap+11, 0x1.0c4e895f2452cp+11, 
0x1.103c5b9841aacp+11, 0x1.0d2147496aad2p+11, 0x1.0e6d23f24d8fdp+11, 
0x1.0ed643c7d5edp+11, 0x1.0f14b964a59cp+11, 0x1.10837a0f9096cp+11, 
0x1.109a2a00192a7p+11)), class = "data.frame", row.names = c(NA, 
-120L))
