structure(list(period_id = c("2010M01", "2010M02", "2010M03", 
"2010M04", "2010M05", "2010M06", "2010M07", "2010M08", "2010M09", 
"2010M10", "2010M11", "2010M12", "2011M01", "2011M02", "2011M03", 
"2011M04", "2011M05", "2011M06", "2011M07", "2011M08", "2011M09", 
"2011M10", "2011M11", "2011M12", "2012M01", "2012M02", "2012M03", 
"2012M04", "2012M05", "2012M06", "2012M07", "2012M08", "2012M09", 
"2012M10", "2012M11", "2012M12", "2013M01", "2013M02", "2013M03", 
"2013M04", "2013M05", "2013M06", "2013M07", "2013M08", "2013M09", 
"2013M10", "2013M11", "2013M12", "2014M01", "2014M02", "2014M03", 
"2014M04", "2014M05", "2014M06", "2014M07", "2014M08", "2014M09", 
"2014M10", "2014M11", "2014M12", "2015M01", "2015M02", "2015M03", 
"2015M04", "2015M05", "2015M06", "2015M07", "2015M08", "2015M09", 
"2015M10", "2015M11", "2015M12", "2016M01", "2016M02", "2016M03", 
"2016M04", "2016M05", "2016M06", "2016M07", "2016M08", "2016M09", 
"2016M10", "2016M11", "2016M12", "2017M01", "2017M02", "2017M03", 
"2017M04", "2017M05", "2017M06", "2017M07", "2017M08", "2017M09", 
"2017M10", "2017M11", "2017M12", "2018M01", "2018M02", "2018M03", 
"2018M04", "2018M05", "2018M06", "2018M07", "2018M08", "2018M09", 
"2018M10", "2018M11", "2018M12", "2019M01", "2019M02", "2019M03", 
"2019M04", "2019M05", "2019M06", "2019M07", "2019M08", "2019M09", 
"2019M10", "2019M11", "2019M12", "2020M01", "2020M02", "2020M03", 
"2020M04", "2020M05", "2020M06", "2020M07", "2020M08", "2020M09", 
"2020M10", "2020M11", "2020M12", "2021M01", "2021M02", "2021M03", 
"2021M04", "2021M05", "2021M06", "2021M07", "2021M08", "2021M09", 
"2021M10", "2021M11", "2021M12", "2022M01", "2022M02", "2022M03", 
"2022M04", "2022M05", "2022M06", "2022M07", "2022M08", "2022M09", 
"2022M10", "2022M11", "2022M12", "2023M01", "2023M02", "2023M03", 
"2023M04", "2023M05", "2023M06", "2023M07", "2023M08", "2023M09", 
"2023M10", "2023M11", "2023M12", "2024M01", "2024M02", "2024M03", 
"2024M04", "2024M05", "2024M06", "2024M07", "2024M08", "2024M09", 
"2024M10", "2024M11", "2024M12", "2025M01", "2025M02", "2025M03", 
"2025M04", "2025M05"), value = c(0x1.2f33333333333p+6, 0x1.3733333333333p+6, 
0x1.34p+6, 0x1.36p+6, 0x1.3eccccccccccdp+6, 0x1.379999999999ap+6, 
0x1.3933333333333p+6, 0x1.3a66666666666p+6, 0x1.4466666666666p+6, 
0x1.4466666666666p+6, 0x1.3c66666666666p+6, 0x1.3333333333333p+6, 
0x1.36p+6, 0x1.4666666666666p+6, 0x1.3c66666666666p+6, 0x1.3ep+6, 
0x1.3d33333333333p+6, 0x1.3733333333333p+6, 0x1.3f9999999999ap+6, 
0x1.3c66666666666p+6, 0x1.40ccccccccccdp+6, 0x1.3cccccccccccdp+6, 
0x1.4133333333333p+6, 0x1.4466666666666p+6, 0x1.32ccccccccccdp+6, 
0x1.3e66666666666p+6, 0x1.339999999999ap+6, 0x1.3133333333333p+6, 
0x1.3866666666666p+6, 0x1.3ap+6, 0x1.3133333333333p+6, 0x1.3666666666666p+6, 
0x1.2b9999999999ap+6, 0x1.30ccccccccccdp+6, 0x1.319999999999ap+6, 
0x1.399999999999ap+6, 0x1.34ccccccccccdp+6, 0x1.379999999999ap+6, 
0x1.339999999999ap+6, 0x1.3d9999999999ap+6, 0x1.2066666666666p+6, 
0x1.3eccccccccccdp+6, 0x1.0f9999999999ap+6, 0x1.16ccccccccccdp+6, 
0x1.58p+6, 0x1.2ap+6, 0x1.3p+6, 0x1.3f9999999999ap+6, 0x1.22p+6, 
0x1.1accccccccccdp+6, 0x1.239999999999ap+6, 0x1.2733333333333p+6, 
0x1.1eccccccccccdp+6, 0x1.2733333333333p+6, 0x1.2b33333333333p+6, 
0x1.2ep+6, 0x1.2eccccccccccdp+6, 0x1.2866666666666p+6, 0x1.1f9999999999ap+6, 
0x1.1cp+6, 0x1.2666666666666p+6, 0x1.2266666666666p+6, 0x1.2accccccccccdp+6, 
0x1.279999999999ap+6, 0x1.2d33333333333p+6, 0x1.2ap+6, 0x1.2ep+6, 
0x1.2a66666666666p+6, 0x1.2eccccccccccdp+6, 0x1.3533333333333p+6, 
0x1.3133333333333p+6, 0x1.24ccccccccccdp+6, 0x1.42ccccccccccdp+6, 
0x1.3cp+6, 0x1.3a66666666666p+6, 0x1.3b33333333333p+6, 0x1.3866666666666p+6, 
0x1.34ccccccccccdp+6, 0x1.34ccccccccccdp+6, 0x1.3e66666666666p+6, 
0x1.32p+6, 0x1.3333333333333p+6, 0x1.3f9999999999ap+6, 0x1.3866666666666p+6, 
0x1.339999999999ap+6, 0x1.32p+6, 0x1.3533333333333p+6, 0x1.3066666666666p+6, 
0x1.3ep+6, 0x1.3666666666666p+6, 0x1.3466666666666p+6, 0x1.3066666666666p+6, 
0x1.3p+6, 0x1.3866666666666p+6, 0x1.3d9999999999ap+6, 0x1.56p+6, 
0x1.559999999999ap+6, 0x1.46ccccccccccdp+6, 0x1.48p+6, 0x1.6f9999999999ap+6, 
0x1.6cp+6, 0x1.64p+6, 0x1.539999999999ap+6, 0x1.66p+6, 0x1.639999999999ap+6, 
0x1.6e66666666666p+6, 0x1.699999999999ap+6, 0x1.76ccccccccccdp+6, 
0x1.70ccccccccccdp+6, 0x1.6533333333333p+6, 0x1.6d9999999999ap+6, 
0x1.7733333333333p+6, 0x1.62ccccccccccdp+6, 0x1.6f33333333333p+6, 
0x1.84p+6, 0x1.7f33333333333p+6, 0x1.82ccccccccccdp+6, 0x1.8133333333333p+6, 
0x1.779999999999ap+6, 0x1.7f33333333333p+6, 0x1.739999999999ap+6, 
0x1.82p+6, 0x1.4a66666666666p+6, 0x1.2933333333333p+6, 0x1.42ccccccccccdp+6, 
0x1.6p+6, 0x1.9533333333333p+6, 0x1.7933333333333p+6, 0x1.72ccccccccccdp+6, 
0x1.7066666666666p+6, 0x1.72ccccccccccdp+6, 0x1.7accccccccccdp+6, 
0x1.7eccccccccccdp+6, 0x1.8d33333333333p+6, 0x1.8accccccccccdp+6, 
0x1.879999999999ap+6, 0x1.88ccccccccccdp+6, 0x1.96p+6, 0x1.8e66666666666p+6, 
0x1.7accccccccccdp+6, 0x1.9733333333333p+6, 0x1.8cccccccccccdp+6, 
0x1.9eccccccccccdp+6, 0x1.8d33333333333p+6, 0x1.a733333333333p+6, 
0x1.a733333333333p+6, 0x1.aa66666666666p+6, 0x1.b333333333333p+6, 
0x1.c866666666666p+6, 0x1.bcp+6, 0x1.bd9999999999ap+6, 0x1.ba66666666666p+6, 
0x1.bcccccccccccdp+6, 0x1.bc66666666666p+6, 0x1.ba66666666666p+6, 
0x1.bap+6, 0x1.ba66666666666p+6, 0x1.ccccccccccccdp+6, 0x1.d266666666666p+6, 
0x1.c99999999999ap+6, 0x1.c4ccccccccccdp+6, 0x1.c79999999999ap+6, 
0x1.c733333333333p+6, 0x1.dcp+6, 0x1.ccccccccccccdp+6, 0x1.dp+6, 
0x1.cd33333333333p+6, 0x1.d8ccccccccccdp+6, 0x1.e666666666666p+6, 
0x1.ceccccccccccdp+6, 0x1.d866666666666p+6, 0x1.d066666666666p+6, 
0x1.c333333333333p+6, 0x1.bd33333333333p+6, 0x1.c4ccccccccccdp+6, 
0x1.bap+6, 0x1.c133333333333p+6, 0x1.c79999999999ap+6, 0x1.d6ccccccccccdp+6, 
0x1.dcp+6, 0x1.e066666666666p+6, 0x1.d733333333333p+6, 0x1.d59999999999ap+6, 
0x1.cf33333333333p+6, 0x1.c933333333333p+6)), class = "data.frame", row.names = c(NA, 
-185L))
