structure(list(period_id = c("1999Q1", "1999Q2", "1999Q3", "1999Q4", 
"2000Q1", "2000Q2", "2000Q3", "2000Q4", "2001Q1", "2001Q2", "2001Q3", 
"2001Q4", "2002Q1", "2002Q2", "2002Q3", "2002Q4", "2003Q1", "2003Q2", 
"2003Q3", "2003Q4", "2004Q1", "2004Q2", "2004Q3", "2004Q4", "2005Q1", 
"2005Q2", "2005Q3", "2005Q4", "2006Q1", "2006Q2", "2006Q3", "2006Q4", 
"2007Q1", "2007Q2", "2007Q3", "2007Q4", "2008Q1", "2008Q2", "2008Q3", 
"2008Q4", "2009Q1", "2009Q2", "2009Q3", "2009Q4", "2010Q1", "2010Q2", 
"2010Q3", "2010Q4", "2011Q1", "2011Q2", "2011Q3", "2011Q4", "2012Q1", 
"2012Q2", "2012Q3", "2012Q4", "2013Q1", "2013Q2", "2013Q3", "2013Q4", 
"2014Q1", "2014Q2", "2014Q3", "2014Q4", "2015Q1", "2015Q2", "2015Q3", 
"2015Q4", "2016Q1", "2016Q2", "2016Q3", "2016Q4", "2017Q1", "2017Q2", 
"2017Q3", "2017Q4", "2018Q1", "2018Q2", "2018Q3", "2018Q4", "2019Q1", 
"2019Q2", "2019Q3", "2019Q4", "2020Q1", "2020Q2", "2020Q3", "2020Q4", 
"2021Q1", "2021Q2", "2021Q3", "2021Q4", "2022Q1", "2022Q2", "2022Q3", 
"2022Q4", "2023Q1", "2023Q2", "2023Q3", "2023Q4", "2024Q1", "2024Q2", 
"2024Q3", "2024Q4"), value = c(0x1.339c54b48d3aep+9, 0x1.3a89c5e6ff7ep+9, 
0x1.3c666b93ccd1p+9, 0x1.5aeb162281345p+9, 0x1.4984eb9a176dep+9, 
0x1.5f081672324c8p+9, 0x1.6599eeed8904fp+9, 0x1.84ec9db65ecc4p+9, 
0x1.837d4df8b1572p+9, 0x1.8d24bead4f59p+9, 0x1.912a8a1dfb939p+9, 
0x1.b209700cd8559p+9, 0x1.ad2ceba27ae9bp+9, 0x1.b5d4f9b13165dp+9, 
0x1.bd305a0be5109p+9, 0x1.e00b7c6fbd274p+9, 0x1.d3528893b7d85p+9, 
0x1.da9d7e23f24d9p+9, 0x1.ded840a6b93cdp+9, 0x1.00dc0870110a1p+10, 
0x1.f59d4f26aec07p+9, 0x1.fce4f5e41d4b7p+9, 0x1.030546d3f9e7cp+10, 
0x1.1a3a8344c37e7p+10, 0x1.0e335ec3dab5cp+10, 0x1.0f685dc400757p+10, 
0x1.137f860999dcbp+10, 0x1.2a41ed8d36b4cp+10, 0x1.1a6b0dae3e6c5p+10, 
0x1.20ed508f648c7p+10, 0x1.22807eae5bc88p+10, 0x1.3d218ed1bf7adp+10, 
0x1.2f3a381d7dbf5p+10, 0x1.385a04c05921p+10, 0x1.3c02a7fc32ebep+10, 
0x1.5bd1221426fe7p+10, 0x1.516580e8c8abdp+10, 0x1.5a1d5d95dd4c7p+10, 
0x1.6004c87db2b34p+10, 0x1.78fdcf52b90a8p+10, 0x1.63046c093d966p+10, 
0x1.62131fa333765p+10, 0x1.607bffac1d29ep+10, 0x1.7205769a91106p+10, 
0x1.65806965f5276p+10, 0x1.69c8341e14bep+10, 0x1.68dcf2cf95d4fp+10, 
0x1.7d6b39085f4a1p+10, 0x1.6ae7d0b73d189p+10, 0x1.6ff084a9478c8p+10, 
0x1.6a66b8c32a8cap+10, 0x1.79d47bd05af6cp+10, 0x1.75c0fe43675dep+10, 
0x1.75651355475a3p+10, 0x1.64880795f676fp+10, 0x1.68fb35dedf1e1p+10, 
0x1.65202e4d1a65p+10, 0x1.66f80539fba45p+10, 0x1.62a0da72a7bd5p+10, 
0x1.7271c53b0813dp+10, 0x1.6e8a30d73860ap+10, 0x1.6668e0c176577p+10, 
0x1.6d3ac2224edf6p+10, 0x1.77ac0008637bdp+10, 0x1.740b7d49d7ba6p+10, 
0x1.784c75a31a4bep+10, 0x1.7770adeebb342p+10, 0x1.9191976790321p+10, 
0x1.7d09391d57ffap+10, 0x1.946d94317acc5p+10, 0x1.7c6972085b185p+10, 
0x1.a280797cc3ap+10, 0x1.a1d547496aad2p+10, 0x1.93965cc857f3p+10, 
0x1.a1faaa21a719bp+10, 0x1.bf5585e80bed7p+10, 0x1.b37ee4d5d80e5p+10, 
0x1.bbe208a697aeep+10, 0x1.bbb95c4eb56fcp+10, 0x1.de8d6ed677708p+10, 
0x1.d51c93ccd0fe9p+10, 0x1.dc3c7839cd812p+10, 0x1.dbad0446b69dbp+10, 
0x1.fdbc0f27bb2ffp+10, 0x1.f44eb5dcc63f1p+10, 0x1.e50bf80dc3372p+10, 
0x1.f73e8f7db6e5p+10, 0x1.08738d7be9857p+11, 0x1.0cdef5771001dp+11, 
0x1.121195e5aff2ap+11, 0x1.08e6c15b1422dp+11, 0x1.1c979b584b1abp+11, 
0x1.19762c083126fp+11, 0x1.1dcbaba7b9171p+11, 0x1.1d636a76965f5p+11, 
0x1.3718e7381d7dcp+11, 0x1.352f976ff3adep+11, 0x1.3972129888f86p+11, 
0x1.39409dadfb507p+11, 0x1.505e2784a9479p+11, 0x1.6116de1e2de87p+11, 
0x1.644ae4bec679dp+11, 0x1.653d7cf80dc33p+11, 0x1.7c40b6b096356p+11
)), class = "data.frame", row.names = c(NA, -104L))
