structure(list(period_id = c("1980Q1", "1980Q2", "1980Q3", "1980Q4", 
"1981Q1", "1981Q2", "1981Q3", "1981Q4", "1982Q1", "1982Q2", "1982Q3", 
"1982Q4", "1983Q1", "1983Q2", "1983Q3", "1983Q4", "1984Q1", "1984Q2", 
"1984Q3", "1984Q4", "1985Q1", "1985Q2", "1985Q3", "1985Q4", "1986Q1", 
"1986Q2", "1986Q3", "1986Q4", "1987Q1", "1987Q2", "1987Q3", "1987Q4", 
"1988Q1", "1988Q2", "1988Q3", "1988Q4", "1989Q1", "1989Q2", "1989Q3", 
"1989Q4", "1990Q1", "1990Q2", "1990Q3", "1990Q4", "1991Q1", "1991Q2", 
"1991Q3", "1991Q4", "1992Q1", "1992Q2", "1992Q3", "1992Q4", "1993Q1", 
"1993Q2", "1993Q3", "1993Q4", "1994Q1", "1994Q2", "1994Q3", "1994Q4", 
"1995Q1", "1995Q2", "1995Q3", "1995Q4", "1996Q1", "1996Q2", "1996Q3", 
"1996Q4", "1997Q1", "1997Q2", "1997Q3", "1997Q4", "1998Q1", "1998Q2", 
"1998Q3", "1998Q4", "1999Q1", "1999Q2", "1999Q3", "1999Q4", "2000Q1", 
"2000Q2", "2000Q3", "2000Q4", "2001Q1", "2001Q2", "2001Q3", "2001Q4", 
"2002Q1", "2002Q2", "2002Q3", "2002Q4", "2003Q1", "2003Q2", "2003Q3", 
"2003Q4", "2004Q1", "2004Q2", "2004Q3", "2004Q4", "2005Q1", "2005Q2", 
"2005Q3", "2005Q4", "2006Q1", "2006Q2", "2006Q3", "2006Q4", "2007Q1", 
"2007Q2", "2007Q3", "2007Q4", "2008Q1", "2008Q2", "2008Q3", "2008Q4", 
"2009Q1", "2009Q2", "2009Q3", "2009Q4", "2010Q1", "2010Q2", "2010Q3", 
"2010Q4", "2011Q1", "2011Q2", "2011Q3", "2011Q4", "2012Q1", "2012Q2", 
"2012Q3", "2012Q4", "2013Q1", "2013Q2", "2013Q3", "2013Q4", "2014Q1", 
"2014Q2", "2014Q3", "2014Q4", "2015Q1", "2015Q2", "2015Q3", "2015Q4", 
"2016Q1", "2016Q2", "2016Q3", "2016Q4", "2017Q1", "2017Q2", "2017Q3", 
"2017Q4", "2018Q1", "2018Q2", "2018Q3", "2018Q4", "2019Q1", "2019Q2", 
"2019Q3", "2019Q4", "2020Q1", "2020Q2", "2020Q3", "2020Q4", "2021Q1", 
"2021Q2", "2021Q3", "2021Q4", "2022Q1", "2022Q2", "2022Q3", "2022Q4", 
"2023Q1", "2023Q2", "2023Q3", "2023Q4", "2024Q1", "2024Q2", "2024Q3", 
"2024Q4", "2025Q1"), value = c(0x1.0dd5a66666666p+18, 0x1.0ba939999999ap+18, 
0x1.0c10d33333333p+18, 0x1.0ba5acccccccdp+18, 0x1.0ca4666666666p+18, 
0x1.0eac6p+18, 0x1.107db9999999ap+18, 0x1.1222533333333p+18, 
0x1.14352p+18, 0x1.162a333333333p+18, 0x1.1600c66666666p+18, 
0x1.17aae66666666p+18, 0x1.18be2p+18, 0x1.18e56cccccccdp+18, 
0x1.1958ep+18, 0x1.1b1919999999ap+18, 0x1.1c5bccccccccdp+18, 
0x1.1db64cccccccdp+18, 0x1.1f8f2p+18, 0x1.1f4b4cccccccdp+18, 
0x1.2003acccccccdp+18, 0x1.2268ecccccccdp+18, 0x1.24124cccccccdp+18, 
0x1.258becccccccdp+18, 0x1.26740cccccccdp+18, 0x1.29af266666666p+18, 
0x1.2b4cc66666666p+18, 0x1.2bac79999999ap+18, 0x1.2beba66666666p+18, 
0x1.3062a66666666p+18, 0x1.326ec66666666p+18, 0x1.36f3b33333333p+18, 
0x1.3af1d9999999ap+18, 0x1.3db3733333333p+18, 0x1.41b8b33333333p+18, 
0x1.446019999999ap+18, 0x1.4898533333333p+18, 0x1.4c42d33333333p+18, 
0x1.5001333333333p+18, 0x1.5482cp+18, 0x1.553b466666666p+18, 
0x1.571099999999ap+18, 0x1.594b466666666p+18, 0x1.5920d9999999ap+18, 
0x1.5a094cccccccdp+18, 0x1.5b50733333333p+18, 0x1.5cb8e66666666p+18, 
0x1.5e67b33333333p+18, 0x1.60e9466666666p+18, 0x1.614eb9999999ap+18, 
0x1.60e6b9999999ap+18, 0x1.60f7d9999999ap+18, 0x1.5f0facccccccdp+18, 
0x1.5f13ecccccccdp+18, 0x1.5f82066666666p+18, 0x1.606eccccccccdp+18, 
0x1.62d3266666666p+18, 0x1.6662ap+18, 0x1.699f533333333p+18, 
0x1.6d07f9999999ap+18, 0x1.6ec18cccccccdp+18, 0x1.71292cccccccdp+18, 
0x1.71bcep+18, 0x1.719779999999ap+18, 0x1.74292cccccccdp+18, 
0x1.74e0e66666666p+18, 0x1.76516p+18, 0x1.77c1f9999999ap+18, 
0x1.795cap+18, 0x1.7d5299999999ap+18, 0x1.811d466666666p+18, 
0x1.84eb866666666p+18, 0x1.88a5d33333333p+18, 0x1.8b75ap+18, 
0x1.8d814p+18, 0x1.903aep+18, 0x1.92fbd33333333p+18, 0x1.9598ccccccccdp+18, 
0x1.9b92466666666p+18, 0x1.a1668p+18, 0x1.a5a2b9999999ap+18, 
0x1.aa1c2cccccccdp+18, 0x1.ad718cccccccdp+18, 0x1.afd2d9999999ap+18, 
0x1.b25739999999ap+18, 0x1.b28a2p+18, 0x1.b4cd733333333p+18, 
0x1.b2e399999999ap+18, 0x1.b569ep+18, 0x1.b79b466666666p+18, 
0x1.b949b33333333p+18, 0x1.b9bd6cccccccdp+18, 0x1.bb10ccccccccdp+18, 
0x1.b93a266666666p+18, 0x1.bdd54cccccccdp+18, 0x1.bf6d333333333p+18, 
0x1.c436b9999999ap+18, 0x1.c633p+18, 0x1.c7eaf9999999ap+18, 0x1.cbfeb9999999ap+18, 
0x1.cd29p+18, 0x1.ce5e933333333p+18, 0x1.d1e659999999ap+18, 0x1.d522933333333p+18, 
0x1.d90c59999999ap+18, 0x1.dec9b9999999ap+18, 0x1.df4aecccccccdp+18, 
0x1.e1ddf9999999ap+18, 0x1.e70519999999ap+18, 0x1.ea25933333333p+18, 
0x1.eb954p+18, 0x1.ebce666666666p+18, 0x1.f00b666666666p+18, 
0x1.eca18cccccccdp+18, 0x1.eb862cccccccdp+18, 0x1.e58a2cccccccdp+18, 
0x1.dc01533333333p+18, 0x1.dcd1733333333p+18, 0x1.ddabb9999999ap+18, 
0x1.e184ccccccccdp+18, 0x1.e2a4466666666p+18, 0x1.e50e6cccccccdp+18, 
0x1.e846733333333p+18, 0x1.eb49d33333333p+18, 0x1.f1a8a66666666p+18, 
0x1.f1a419999999ap+18, 0x1.f369d33333333p+18, 0x1.f4ee133333333p+18, 
0x1.f50decccccccdp+18, 0x1.f2ec666666666p+18, 0x1.f409666666666p+18, 
0x1.f40e333333333p+18, 0x1.f4760cccccccdp+18, 0x1.f8d7666666666p+18, 
0x1.f8b8266666666p+18, 0x1.fc54533333333p+18, 0x1.fbe1p+18, 0x1.fca859999999ap+18, 
0x1.ffb7a66666666p+18, 0x1.feaef33333333p+18, 0x1.00ccc66666666p+19, 
0x1.00ea49999999ap+19, 0x1.019bdcccccccdp+19, 0x1.02301p+19, 
0x1.0340ecccccccdp+19, 0x1.029bc33333333p+19, 0x1.02e96p+19, 
0x1.04447cccccccdp+19, 0x1.060c49999999ap+19, 0x1.0860b9999999ap+19, 
0x1.0a52866666666p+19, 0x1.0bfd49999999ap+19, 0x1.0bc63cccccccdp+19, 
0x1.0c53433333333p+19, 0x1.0da1c33333333p+19, 0x1.0fd3ccccccccdp+19, 
0x1.121179999999ap+19, 0x1.13ab066666666p+19, 0x1.13c77p+19, 
0x1.12666p+19, 0x1.045b366666666p+19, 0x1.c8b5666666666p+18, 
0x1.07fef66666666p+19, 0x1.07b22cccccccdp+19, 0x1.08ae633333333p+19, 
0x1.0c26e33333333p+19, 0x1.13a8d33333333p+19, 0x1.15503p+19, 
0x1.14e3ap+19, 0x1.1611d66666666p+19, 0x1.177379999999ap+19, 
0x1.17e77cccccccdp+19, 0x1.17ac033333333p+19, 0x1.19b939999999ap+19, 
0x1.1a117cccccccdp+19, 0x1.1b420cccccccdp+19, 0x1.1b9d166666666p+19, 
0x1.1c8a7cccccccdp+19, 0x1.1dcabp+19, 0x1.1d9cc9999999ap+19, 
0x1.1df9c66666666p+19)), class = "data.frame", row.names = c(NA, 
-181L))
