structure(list(period_id = c("1995Q1", "1995Q2", "1995Q3", "1995Q4", 
"1996Q1", "1996Q2", "1996Q3", "1996Q4", "1997Q1", "1997Q2", "1997Q3", 
"1997Q4", "1998Q1", "1998Q2", "1998Q3", "1998Q4", "1999Q1", "1999Q2", 
"1999Q3", "1999Q4", "2000Q1", "2000Q2", "2000Q3", "2000Q4", "2001Q1", 
"2001Q2", "2001Q3", "2001Q4", "2002Q1", "2002Q2", "2002Q3", "2002Q4", 
"2003Q1", "2003Q2", "2003Q3", "2003Q4", "2004Q1", "2004Q2", "2004Q3", 
"2004Q4", "2005Q1", "2005Q2", "2005Q3", "2005Q4", "2006Q1", "2006Q2", 
"2006Q3", "2006Q4", "2007Q1", "2007Q2", "2007Q3", "2007Q4", "2008Q1", 
"2008Q2", "2008Q3", "2008Q4", "2009Q1", "2009Q2", "2009Q3", "2009Q4", 
"2010Q1", "2010Q2", "2010Q3", "2010Q4", "2011Q1", "2011Q2", "2011Q3", 
"2011Q4", "2012Q1", "2012Q2", "2012Q3", "2012Q4", "2013Q1", "2013Q2", 
"2013Q3", "2013Q4", "2014Q1", "2014Q2", "2014Q3", "2014Q4", "2015Q1", 
"2015Q2", "2015Q3", "2015Q4", "2016Q1", "2016Q2", "2016Q3", "2016Q4", 
"2017Q1", "2017Q2", "2017Q3", "2017Q4", "2018Q1", "2018Q2", "2018Q3", 
"2018Q4", "2019Q1", "2019Q2", "2019Q3", "2019Q4", "2020Q1", "2020Q2", 
"2020Q3", "2020Q4", "2021Q1", "2021Q2", "2021Q3", "2021Q4", "2022Q1", 
"2022Q2", "2022Q3", "2022Q4", "2023Q1", "2023Q2", "2023Q3", "2023Q4", 
"2024Q1", "2024Q2", "2024Q3"), value = c(0x1.c825bd9cae211p+9, 
0x1.c6b936c58eeafp+9, 0x1.a8ae4df47f994p+9, 0x1.d9f7f2cb6417p+9, 
0x1.e754f893faf42p+9, 0x1.10a36a11ec919p+10, 0x1.004c3cbc48f11p+10, 
0x1.148b03c07ee0bp+10, 0x1.0ff498d8a979ep+10, 0x1.414793e5fb72p+10, 
0x1.37219d40ee06ep+10, 0x1.5dbf6412cf0fap+10, 0x1.539b1f4f50a03p+10, 
0x1.6b3590c4dec1cp+10, 0x1.591787ca643ccp+10, 0x1.74873996fa82fp+10, 
0x1.52fed0a24463p+10, 0x1.70ef9bf162ae5p+10, 0x1.72405004fb118p+10, 
0x1.a2e0ce95faa8bp+10, 0x1.ac5ee45c358bp+10, 0x1.dd1be6cd29132p+10, 
0x1.d448883fd5022p+10, 0x1.04d8e71476af9p+11, 0x1.0b57baa369fcfp+11, 
0x1.18e1135979182p+11, 0x1.0c656f3b213e4p+11, 0x1.17b7bf8b9baa1p+11, 
0x1.23957f1950332p+11, 0x1.3c68592d98bf8p+11, 0x1.32efea7ce0fc3p+11, 
0x1.3ead292a30553p+11, 0x1.3a61cb2d905cp+11, 0x1.49ab45308bb9p+11, 
0x1.43b0cbd76ee74p+11, 0x1.549a1f8e3ac0cp+11, 0x1.55eef76a2f48cp+11, 
0x1.83d6d01e2584fp+11, 0x1.8469986983516p+11, 0x1.9ccd31593e5fbp+11, 
0x1.90a63111f0c35p+11, 0x1.c3e129b6b2af1p+11, 0x1.b6a0c185058dep+11, 
0x1.d67c13ab430f5p+11, 0x1.eb95edaec4a41p+11, 0x1.08e7c755ffe6dp+12, 
0x1.006265fd8adacp+12, 0x1.18f6de8a2ec29p+12, 0x1.24e15691a75cdp+12, 
0x1.353002699c7bdp+12, 0x1.312bb7dd872f3p+12, 0x1.38987c9cd3e0cp+12, 
0x1.3bb06052502efp+12, 0x1.4ebbfaacd9e84p+12, 0x1.3aa2dea35936p+12, 
0x1.1ed63f7164c73p+12, 0x1.edb8a48f96e16p+11, 0x1.fc96bb7952d23p+11, 
0x1.f2fdd3d20f2bfp+11, 0x1.0acd8e1d6494dp+12, 0x1.0a124d3ae685ep+12, 
0x1.28e6e00b02928p+12, 0x1.2595d3d20f2bfp+12, 0x1.33dbf04ff4342p+12, 
0x1.41502fba01eefp+12, 0x1.537b5798d8a98p+12, 0x1.43e1ae7e62dc7p+12, 
0x1.4a7593f5b5fa2p+12, 0x1.49e18f25a251p+12, 0x1.54c04327674d1p+12, 
0x1.43b45c432ca58p+12, 0x1.4e2b075d56f33p+12, 0x1.4c5c411b1d92bp+12, 
0x1.59c4c87a8d64dp+12, 0x1.4ca1038f36695p+12, 0x1.567ed531550cap+12, 
0x1.5897a162f166ep+12, 0x1.6425af75d9a0fp+12, 0x1.6397d15ce9e5ep+12, 
0x1.74659072085b2p+12, 0x1.6de19e8d5411p+12, 0x1.79a577fae3609p+12, 
0x1.7167ca7f8012ep+12, 0x1.7fc90f190d174p+12, 0x1.79b7f32df505dp+12, 
0x1.8e082261bf37cp+12, 0x1.7d14c7bbb6241p+12, 0x1.8e61e90795f67p+12, 
0x1.abd1ee4c0df59p+12, 0x1.bbd641f31f46fp+12, 0x1.b60dbeea209abp+12, 
0x1.cf8e9996744b3p+12, 0x1.d355c24b33dbp+12, 0x1.eb24b7a5f41afp+12, 
0x1.d808acfc829dp+12, 0x1.eef6276ea4229p+12, 0x1.f2c7685985ad5p+12, 
0x1.031f078854cdbp+13, 0x1.e93c45a1cac08p+12, 0x1.edad1158b828p+12, 
0x1.ea80d09bf9c63p+12, 0x1.91738192a7371p+12, 0x1.cbfdbc80841eep+12, 
0x1.f3716c7863befp+12, 0x1.025cb1de69ad4p+13, 0x1.1377ac093d966p+13, 
0x1.08c774fc610f1p+13, 0x1.2f1a684f8f8a5p+13, 0x1.356147c4199fep+13, 
0x1.53cab4e0114d3p+13, 0x1.50353851eb852p+13, 0x1.515ca5ec3dab6p+13, 
0x1.5473b3abc947p+13, 0x1.51a02200c0f02p+13, 0x1.28efe188b1141p+13, 
0x1.3f5d0198f1d3fp+13, 0x1.4509d3f5b5fa2p+13, 0x1.4e88ee978d4fep+13, 
0x1.45a2a78fabda1p+13)), class = "data.frame", row.names = c(NA, 
-119L))
