structure(list(period_id = c("1995Q1", "1995Q2", "1995Q3", "1995Q4", 
"1996Q1", "1996Q2", "1996Q3", "1996Q4", "1997Q1", "1997Q2", "1997Q3", 
"1997Q4", "1998Q1", "1998Q2", "1998Q3", "1998Q4", "1999Q1", "1999Q2", 
"1999Q3", "1999Q4", "2000Q1", "2000Q2", "2000Q3", "2000Q4", "2001Q1", 
"2001Q2", "2001Q3", "2001Q4", "2002Q1", "2002Q2", "2002Q3", "2002Q4", 
"2003Q1", "2003Q2", "2003Q3", "2003Q4", "2004Q1", "2004Q2", "2004Q3", 
"2004Q4", "2005Q1", "2005Q2", "2005Q3", "2005Q4", "2006Q1", "2006Q2", 
"2006Q3", "2006Q4", "2007Q1", "2007Q2", "2007Q3", "2007Q4", "2008Q1", 
"2008Q2", "2008Q3", "2008Q4", "2009Q1", "2009Q2", "2009Q3", "2009Q4", 
"2010Q1", "2010Q2", "2010Q3", "2010Q4", "2011Q1", "2011Q2", "2011Q3", 
"2011Q4", "2012Q1", "2012Q2", "2012Q3", "2012Q4", "2013Q1", "2013Q2", 
"2013Q3", "2013Q4", "2014Q1", "2014Q2", "2014Q3", "2014Q4", "2015Q1", 
"2015Q2", "2015Q3", "2015Q4", "2016Q1", "2016Q2", "2016Q3", "2016Q4", 
"2017Q1", "2017Q2", "2017Q3", "2017Q4", "2018Q1", "2018Q2", "2018Q3", 
"2018Q4", "2019Q1", "2019Q2", "2019Q3", "2019Q4", "2020Q1", "2020Q2", 
"2020Q3", "2020Q4", "2021Q1", "2021Q2", "2021Q3", "2021Q4", "2022Q1", 
"2022Q2", "2022Q3", "2022Q4", "2023Q1", "2023Q2", "2023Q3", "2023Q4", 
"2024Q1", "2024Q2", "2024Q3", "2024Q4", "2025Q1", "2025Q2"), 
    value = c(NA, NA, NA, NA, 0x1.7d9f3cab81f97p+10, 0x1.7f7debb341e15p+10, 
    0x1.819bf8a4c1ebdp+10, 0x1.866877af64064p+10, 0x1.8904fdc5931cap+10, 
    0x1.8c1cb05faebc4p+10, 0x1.905ab97fe8ee7p+10, 0x1.8daafec56d5dp+10, 
    0x1.8cd3ecbfb15b5p+10, 0x1.88173343fa2adp+10, 0x1.89188c9b84556p+10, 
    0x1.8e8ef0a1be2b5p+10, 0x1.941ce3e6c4c59p+10, 0x1.9cc172606fac6p+10, 
    0x1.9e0ff4c6e6d9cp+10, 0x1.9f8bfee2c98e5p+10, 0x1.a496e81450efep+10, 
    0x1.a4ecb39e279ddp+10, 0x1.a60875c8d9f9p+10, 0x1.a7f998b2e9ccbp+10, 
    0x1.aa460995aaf79p+10, 0x1.aed253825e13bp+10, 0x1.b2918f7121ab5p+10, 
    0x1.b7932f8bdec5fp+10, 0x1.b21c5ef62f9cap+10, 0x1.b08fcb46bacf7p+10, 
    0x1.b36c44d87725p+10, 0x1.b45860c38f367p+10, 0x1.baedb167ec786p+10, 
    0x1.beed8b8f14db6p+10, 0x1.bef5221c8a7a4p+10, 0x1.bffd5143bf727p+10, 
    0x1.bf0907faa044bp+10, 0x1.c27f454de7ea6p+10, 0x1.c53118c9fb613p+10, 
    0x1.c813d3f9e7b81p+10, 0x1.cc4450d6b228ep+10, 0x1.ccf51fafc8bp+10, 
    0x1.cd90886df82b2p+10, 0x1.ccfac0053e2d6p+10, 0x1.c9231b2e59afap+10, 
    0x1.c8bcb7ed41b76p+10, 0x1.c810d2b2bfdb5p+10, 0x1.c9c80f98fa377p+10, 
    0x1.d2912220bc383p+10, 0x1.d75d48a159818p+10, 0x1.ddd3746cb966cp+10, 
    0x1.dffaa0dfdef85p+10, 0x1.e2c9fb9bed30fp+10, 0x1.e65d394317accp+10, 
    0x1.ea565c1c6088dp+10, 0x1.f0dde68e3ef28p+10, 0x1.f76873f316e37p+10, 
    0x1.fd93fc9bc7714p+10, 0x1.011a358298cc1p+11, 0x1.0374616d6dc1ap+11, 
    0x1.0094e1847f562p+11, 0x1.02ec8da7f3cf7p+11, 0x1.020b59fd36f7ep+11, 
    0x1.027f11f926c7fp+11, 0x1.fe6c2bb23571dp+10, 0x1.006e47219221p+11, 
    0x1.00b52dff822bcp+11, 0x1.ff0de2da554b9p+10, 0x1.017b10fb65669p+11, 
    0x1.f8918be7296f6p+10, 0x1.f4c7f301eabbdp+10, 0x1.ea05102ff8ec1p+10, 
    0x1.e345b4677b396p+10, 0x1.dc4fa54c55433p+10, 0x1.dad0003eea20ap+10, 
    0x1.dc809bd4067cfp+10, 0x1.e21d75e6362a6p+10, 0x1.dd3b0c73abc94p+10, 
    0x1.db2c3a6ce3583p+10, 0x1.db412fa93af75p+10, 0x1.de8ad50a88fp+10, 
    0x1.e029a3161a1dcp+10, 0x1.e17ec07aaef2cp+10, 0x1.e4aad1fe64f55p+10, 
    0x1.eb0b9a2834d27p+10, 0x1.ec00fc6540cc8p+10, 0x1.f05571de69ad4p+10, 
    0x1.e886589acbc8cp+10, 0x1.e9f264e054691p+10, 0x1.edc09ce4a7b4ep+10, 
    0x1.e99c14b167ec8p+10, 0x1.ec4ebc3c5bd0ep+10, 0x1.ec9eb09a671efp+10, 
    0x1.f105dcdf69878p+10, 0x1.f7dc210be9425p+10, 0x1.05bb880f98fa3p+11, 
    0x1.05167416bdb1ap+11, 0x1.0b04159e62563p+11, 0x1.0bd562eb1c433p+11, 
    0x1.07cdbfd71b047p+11, 0x1.0481b6c58eeafp+11, 0x1.dc817c1bda512p+10, 
    0x1.0603786a09891p+11, 0x1.e25931832fcadp+10, 0x1.0101dd052934bp+11, 
    0x1.02c0db7cfe586p+11, 0x1.0d615c1c6088dp+11, 0x1.0a9e3a237cdcdp+11, 
    0x1.1e25186983516p+11, 0x1.211a6950fc71dp+11, 0x1.1cc493be22e5ep+11, 
    0x1.15613608d0892p+11, 0x1.13b915ee136e7p+11, 0x1.0f6f4163779eap+11, 
    0x1.0d15bfbdf090fp+11, 0x1.13fc5c5b4aa97p+11, 0x1.135ff52fc2657p+11, 
    0x1.0d35e26d4801fp+11, 0x1.0d1a0adcd2d45p+11, 0x1.11537d6b65a9bp+11, 
    0x1.0d4c315d701dap+11, 0x1.1175ffa5d28dp+11)), class = "data.frame", row.names = c(NA, 
-122L))
