structure(list(period_id = c("1995Q1", "1995Q2", "1995Q3", "1995Q4", 
"1996Q1", "1996Q2", "1996Q3", "1996Q4", "1997Q1", "1997Q2", "1997Q3", 
"1997Q4", "1998Q1", "1998Q2", "1998Q3", "1998Q4", "1999Q1", "1999Q2", 
"1999Q3", "1999Q4", "2000Q1", "2000Q2", "2000Q3", "2000Q4", "2001Q1", 
"2001Q2", "2001Q3", "2001Q4", "2002Q1", "2002Q2", "2002Q3", "2002Q4", 
"2003Q1", "2003Q2", "2003Q3", "2003Q4", "2004Q1", "2004Q2", "2004Q3", 
"2004Q4", "2005Q1", "2005Q2", "2005Q3", "2005Q4", "2006Q1", "2006Q2", 
"2006Q3", "2006Q4", "2007Q1", "2007Q2", "2007Q3", "2007Q4", "2008Q1", 
"2008Q2", "2008Q3", "2008Q4", "2009Q1", "2009Q2", "2009Q3", "2009Q4", 
"2010Q1", "2010Q2", "2010Q3", "2010Q4", "2011Q1", "2011Q2", "2011Q3", 
"2011Q4", "2012Q1", "2012Q2", "2012Q3", "2012Q4", "2013Q1", "2013Q2", 
"2013Q3", "2013Q4", "2014Q1", "2014Q2", "2014Q3", "2014Q4", "2015Q1", 
"2015Q2", "2015Q3", "2015Q4", "2016Q1", "2016Q2", "2016Q3", "2016Q4", 
"2017Q1", "2017Q2", "2017Q3", "2017Q4", "2018Q1", "2018Q2", "2018Q3", 
"2018Q4", "2019Q1", "2019Q2", "2019Q3", "2019Q4", "2020Q1", "2020Q2", 
"2020Q3", "2020Q4", "2021Q1", "2021Q2", "2021Q3", "2021Q4", "2022Q1", 
"2022Q2", "2022Q3", "2022Q4", "2023Q1", "2023Q2", "2023Q3", "2023Q4", 
"2024Q1", "2024Q2", "2024Q3", "2024Q4"), value = c(NA, NA, NA, 
NA, 0x1.7d9f3cab81f97p+10, 0x1.7f7debb341e15p+10, 0x1.819bf8a4c1ebdp+10, 
0x1.866877af64064p+10, 0x1.8904fdc5931cap+10, 0x1.8c1cb05faebc4p+10, 
0x1.905ab97fe8ee7p+10, 0x1.8daafec56d5dp+10, 0x1.8cd3ecbfb15b5p+10, 
0x1.88173343fa2adp+10, 0x1.89188c9b84556p+10, 0x1.8e8ef0a1be2b5p+10, 
0x1.941ce3e6c4c59p+10, 0x1.9cc172606fac6p+10, 0x1.9e0ff4c6e6d9cp+10, 
0x1.9f8bfee2c98e5p+10, 0x1.a496e81450efep+10, 0x1.a4ecb39e279ddp+10, 
0x1.a60875c8d9f9p+10, 0x1.a7f998b2e9ccbp+10, 0x1.aa460995aaf79p+10, 
0x1.aed253825e13bp+10, 0x1.b2918f7121ab5p+10, 0x1.b7932f8bdec5fp+10, 
0x1.b21c5ef62f9cap+10, 0x1.b08fcb46bacf7p+10, 0x1.b36c44d87725p+10, 
0x1.b45860c38f367p+10, 0x1.baedb167ec786p+10, 0x1.beed8b8f14db6p+10, 
0x1.bef5221c8a7a4p+10, 0x1.bffd5143bf727p+10, 0x1.bf0907faa044bp+10, 
0x1.c27f454de7ea6p+10, 0x1.c53118c9fb613p+10, 0x1.c813d3f9e7b81p+10, 
0x1.cc4450d6b228ep+10, 0x1.ccf51fafc8bp+10, 0x1.cd90886df82b2p+10, 
0x1.ccfac0053e2d6p+10, 0x1.c9231b2e59afap+10, 0x1.c8bcb7ed41b76p+10, 
0x1.c810d2b2bfdb5p+10, 0x1.c9c80f98fa377p+10, 0x1.d2912220bc383p+10, 
0x1.d75d48a159818p+10, 0x1.ddd3746cb966cp+10, 0x1.dffaa0dfdef85p+10, 
0x1.e2c9fb9bed30fp+10, 0x1.e65d394317accp+10, 0x1.ea565c1c6088dp+10, 
0x1.f0dde68e3ef28p+10, 0x1.f76873f316e37p+10, 0x1.fd93fc9bc7714p+10, 
0x1.011a358298cc1p+11, 0x1.0374616d6dc1ap+11, 0x1.00634efaa4767p+11, 
0x1.02fc8b6d86ec1p+11, 0x1.020a4b70ac3a8p+11, 0x1.02833bfd71b04p+11, 
0x1.fdebfe2e6ea85p+10, 0x1.006b03f0bae8ap+11, 0x1.00ac219652bd4p+11, 
0x1.fef9c422036p+10, 0x1.0172cf5d35654p+11, 0x1.f86419c9d5a18p+10, 
0x1.f4b01a79fec9ap+10, 0x1.e9d0f62b6ae7dp+10, 0x1.e370cc5fbf834p+10, 
0x1.dc0b6e47dc37ap+10, 0x1.da97f40e5a35dp+10, 0x1.dc4029a5ebb77p+10, 
0x1.e26e37c1376d5p+10, 0x1.dd1755de58e65p+10, 0x1.daedd5bee3d6p+10, 
0x1.dae8fa11a975bp+10, 0x1.deb623fee2c99p+10, 0x1.e02084901d191p+10, 
0x1.e162e0e30446bp+10, 0x1.e451c2d278078p+10, 0x1.eaee92ea52ef9p+10, 
0x1.ec1416b97fe8fp+10, 0x1.f0636c6de7642p+10, 0x1.e85774927913fp+10, 
0x1.e9718ec52a412p+10, 0x1.edd355bccaf71p+10, 0x1.e9b4f1c75818cp+10, 
0x1.ec8d5da272863p+10, 0x1.ebb132b990afep+10, 0x1.f0fc1d4f9c1f8p+10, 
0x1.f80e6e9ff0cbbp+10, 0x1.06101e57d9dbbp+11, 0x1.0457c15b1422dp+11, 
0x1.0afe3efd00714p+11, 0x1.0c2a5466f501ap+11, 0x1.0847351372a39p+11, 
0x1.036841a6937d2p+11, 0x1.dc4230c23fab1p+10, 0x1.0696f39085f4ap+11, 
0x1.e3cbcb70ac3a8p+10, 0x1.fe9756d19decep+10, 0x1.02948ecb74dep+11, 
0x1.0e716d330941dp+11, 0x1.0bf6625a682b6p+11, 0x1.1b82052f7f499p+11, 
0x1.20b2b8bcdfefcp+11, 0x1.1dbe13e3e293p+11, 0x1.1713a2ab25b31p+11, 
0x1.11618409e55c1p+11, 0x1.0f32bc664d3bfp+11, 0x1.0da63dc054ef4p+11, 
0x1.15c35d54da4cfp+11, 0x1.10d08c7c0f451p+11, 0x1.0d3b6f39085f5p+11, 
0x1.0dc80867ad8e4p+11, 0x1.135aafbc1acdep+11)), class = "data.frame", row.names = c(NA, 
-120L))
