structure(list(period_id = c("2000M01", "2000M02", "2000M03", 
"2000M04", "2000M05", "2000M06", "2000M07", "2000M08", "2000M09", 
"2000M10", "2000M11", "2000M12", "2001M01", "2001M02", "2001M03", 
"2001M04", "2001M05", "2001M06", "2001M07", "2001M08", "2001M09", 
"2001M10", "2001M11", "2001M12", "2002M01", "2002M02", "2002M03", 
"2002M04", "2002M05", "2002M06", "2002M07", "2002M08", "2002M09", 
"2002M10", "2002M11", "2002M12", "2003M01", "2003M02", "2003M03", 
"2003M04", "2003M05", "2003M06", "2003M07", "2003M08", "2003M09", 
"2003M10", "2003M11", "2003M12", "2004M01", "2004M02", "2004M03", 
"2004M04", "2004M05", "2004M06", "2004M07", "2004M08", "2004M09", 
"2004M10", "2004M11", "2004M12", "2005M01", "2005M02", "2005M03", 
"2005M04", "2005M05", "2005M06", "2005M07", "2005M08", "2005M09", 
"2005M10", "2005M11", "2005M12", "2006M01", "2006M02", "2006M03", 
"2006M04", "2006M05", "2006M06", "2006M07", "2006M08", "2006M09", 
"2006M10", "2006M11", "2006M12", "2007M01", "2007M02", "2007M03", 
"2007M04", "2007M05", "2007M06", "2007M07", "2007M08", "2007M09", 
"2007M10", "2007M11", "2007M12", "2008M01", "2008M02", "2008M03", 
"2008M04", "2008M05", "2008M06", "2008M07", "2008M08", "2008M09", 
"2008M10", "2008M11", "2008M12", "2009M01", "2009M02", "2009M03", 
"2009M04", "2009M05", "2009M06", "2009M07", "2009M08", "2009M09", 
"2009M10", "2009M11", "2009M12", "2010M01", "2010M02", "2010M03", 
"2010M04", "2010M05", "2010M06", "2010M07", "2010M08", "2010M09", 
"2010M10", "2010M11", "2010M12", "2011M01", "2011M02", "2011M03", 
"2011M04", "2011M05", "2011M06", "2011M07", "2011M08", "2011M09", 
"2011M10", "2011M11", "2011M12", "2012M01", "2012M02", "2012M03", 
"2012M04", "2012M05", "2012M06", "2012M07", "2012M08", "2012M09", 
"2012M10", "2012M11", "2012M12", "2013M01", "2013M02", "2013M03", 
"2013M04", "2013M05", "2013M06", "2013M07", "2013M08", "2013M09", 
"2013M10", "2013M11", "2013M12", "2014M01", "2014M02", "2014M03", 
"2014M04", "2014M05", "2014M06", "2014M07", "2014M08", "2014M09", 
"2014M10", "2014M11", "2014M12", "2015M01", "2015M02", "2015M03", 
"2015M04", "2015M05", "2015M06", "2015M07", "2015M08", "2015M09", 
"2015M10", "2015M11", "2015M12", "2016M01", "2016M02", "2016M03", 
"2016M04", "2016M05", "2016M06", "2016M07", "2016M08", "2016M09", 
"2016M10", "2016M11", "2016M12", "2017M01", "2017M02", "2017M03", 
"2017M04", "2017M05", "2017M06", "2017M07", "2017M08", "2017M09", 
"2017M10", "2017M11", "2017M12", "2018M01", "2018M02", "2018M03", 
"2018M04", "2018M05", "2018M06", "2018M07", "2018M08", "2018M09", 
"2018M10", "2018M11", "2018M12", "2019M01", "2019M02", "2019M03", 
"2019M04", "2019M05", "2019M06", "2019M07", "2019M08", "2019M09", 
"2019M10", "2019M11", "2019M12", "2020M01", "2020M02", "2020M03", 
"2020M04", "2020M05", "2020M06", "2020M07", "2020M08", "2020M09", 
"2020M10", "2020M11", "2020M12", "2021M01", "2021M02", "2021M03", 
"2021M04", "2021M05", "2021M06", "2021M07", "2021M08", "2021M09", 
"2021M10", "2021M11", "2021M12", "2022M01", "2022M02", "2022M03", 
"2022M04", "2022M05", "2022M06", "2022M07", "2022M08", "2022M09", 
"2022M10", "2022M11", "2022M12", "2023M01", "2023M02", "2023M03", 
"2023M04", "2023M05", "2023M06", "2023M07", "2023M08", "2023M09", 
"2023M10", "2023M11", "2023M12", "2024M01", "2024M02", "2024M03", 
"2024M04", "2024M05", "2024M06", "2024M07", "2024M08", "2024M09", 
"2024M10", "2024M11", "2024M12", "2025M01", "2025M02", "2025M03", 
"2025M04", "2025M05"), value = c(0x1.8469d008bbeddp+19, 0x1.8503d0926b294p+19, 
0x1.85924a8fb48e1p+19, 0x1.85ff7a522fb3ep+19, 0x1.8681501ddbf75p+19, 
0x1.86fb9649edaddp+19, 0x1.874842aa77e81p+19, 0x1.87b016a5e27e5p+19, 
0x1.883762d026e67p+19, 0x1.876fff3ebc173p+19, 0x1.882710fd8c46cp+19, 
0x1.88a8d7513844ap+19, 0x1.88d06ae372688p+19, 0x1.88fb7882540e8p+19, 
0x1.8935629745466p+19, 0x1.89b37ad2969d3p+19, 0x1.89ca8680fd0a5p+19, 
0x1.89e1ec36e9704p+19, 0x1.8a2ce7a5a7bdep+19, 0x1.8a3eb98b53e07p+19, 
0x1.8a1c89cdd23d4p+19, 0x1.8a04d84391e9ep+19, 0x1.8a11126d53483p+19, 
0x1.8a49c2a0fa1fp+19, 0x1.8a99e4d855e9cp+19, 0x1.8ab668b3e2fc4p+19, 
0x1.8aa4a8320aa1ap+19, 0x1.8a7be5f5a1bf8p+19, 0x1.8a9ffa5b01622p+19, 
0x1.8ab775b74b7a7p+19, 0x1.8ab17d9c83346p+19, 0x1.8acec6f1fe5bdp+19, 
0x1.8afa8e1f1a868p+19, 0x1.8b376c414ed4dp+19, 0x1.8b4a7e8e9cff9p+19, 
0x1.8b828d63ab26ap+19, 0x1.85f6bd293715p+19, 0x1.861e46b44aedcp+19, 
0x1.8638eae7f615fp+19, 0x1.8773b4b7d7088p+19, 0x1.8744e10cbe4b4p+19, 
0x1.874572c196e5dp+19, 0x1.87a0be09b66f9p+19, 0x1.87bbd79e126e6p+19, 
0x1.86e3ace121a4ep+19, 0x1.87fc4a9c25014p+19, 0x1.884b73572107ap+19, 
0x1.8861d629ed619p+19, 0x1.88bac8207e834p+19, 0x1.88f76dd53a89fp+19, 
0x1.89795f02b858cp+19, 0x1.89a78c8a3cde1p+19, 0x1.89e53f7128069p+19, 
0x1.8a1a112993a82p+19, 0x1.8a273dfbfc5dcp+19, 0x1.8a81822fcde7cp+19, 
0x1.8aec132575ad2p+19, 0x1.8b3d6da156b3bp+19, 0x1.8b66c3bf0e756p+19, 
0x1.8b90f487df6cp+19, 0x1.8ba5887ee4b6fp+19, 0x1.8bf2c812a8e85p+19, 
0x1.8c0545ef88e6p+19, 0x1.8c6ecf5fd16edp+19, 0x1.8cb17f2b98891p+19, 
0x1.8cce7c2d13ba5p+19, 0x1.8d1f68fb18f7cp+19, 0x1.8d57d97023f42p+19, 
0x1.8da0662a8d5a2p+19, 0x1.8db9124bed603p+19, 0x1.8e09cdacef69ep+19, 
0x1.8e6a16b3bba4p+19, 0x1.8f14da34d7e38p+19, 0x1.8f65118ae5422p+19, 
0x1.90044a2df04cdp+19, 0x1.908d5df79adbp+19, 0x1.914ac7b079cfap+19, 
0x1.9246efa7687b6p+19, 0x1.92ec8164d46cap+19, 0x1.93b54df4807f9p+19, 
0x1.947dcb01cc363p+19, 0x1.957582656ed2ap+19, 0x1.967dafc49b0c5p+19, 
0x1.975f8323d79abp+19, 0x1.9b945ddf85e76p+19, 0x1.9ca45b41662a9p+19, 
0x1.9db9a05db9647p+19, 0x1.9eb8c0a2d0c41p+19, 0x1.9fb077c3b1bep+19, 
0x1.a096b106078dep+19, 0x1.a1757d938089fp+19, 0x1.a2506fd014c42p+19, 
0x1.a312fdcf8facbp+19, 0x1.a42b50856a58fp+19, 0x1.a53907692f599p+19, 
0x1.a644399e0c357p+19, 0x1.a9fc4c8253a44p+19, 0x1.ab2c12e34ede2p+19, 
0x1.ac04ece9a7f03p+19, 0x1.acba9c6a7dcb1p+19, 0x1.ad65b6f25321cp+19, 
0x1.add535ef2a3c3p+19, 0x1.ae088fae35f13p+19, 0x1.ae24817e51609p+19, 
0x1.ae85dcbe704a9p+19, 0x1.ae4c54c77d5bep+19, 0x1.ad8c8c88243cep+19, 
0x1.acbc0f6f34178p+19, 0x1.ab7b29ac3e9ep+19, 0x1.a9d5ac3537311p+19, 
0x1.a83cffa389616p+19, 0x1.a671ff4ce0e0dp+19, 0x1.a4f0a516731d7p+19, 
0x1.a37db3ff0877p+19, 0x1.a28d55ff07c88p+19, 0x1.a17e8c06ae2cdp+19, 
0x1.a003d80c73443p+19, 0x1.9d6a67a688a8cp+19, 0x1.9d149f0806c21p+19, 
0x1.9cacca6319636p+19, 0x1.9ab385b3556bep+19, 0x1.9a41bf9e3d83dp+19, 
0x1.99cd1d310aa36p+19, 0x1.9983ccc5bbeffp+19, 0x1.98c6aab18fca6p+19, 
0x1.98643267be65ep+19, 0x1.97f274211281bp+19, 0x1.9746a34dc3644p+19, 
0x1.96f5be4572c3fp+19, 0x1.963f9341217a7p+19, 0x1.958f6fcd6dc09p+19, 
0x1.9103f5c4711dap+19, 0x1.942646241c934p+19, 0x1.93dc3c11f811cp+19, 
0x1.9361220a54de9p+19, 0x1.933ca5c695e1bp+19, 0x1.932d4f8ee88p+19, 
0x1.92d28aeaec276p+19, 0x1.9224a202ed998p+19, 0x1.91d9c74bcd349p+19, 
0x1.9164bc8067224p+19, 0x1.91003a5ca1e24p+19, 0x1.90a5c5435ee4ep+19, 
0x1.903869e1b478dp+19, 0x1.8fa7f7ace54c8p+19, 0x1.8f2a3eea53cccp+19, 
0x1.8ed8558165024p+19, 0x1.8e1c211efa4b5p+19, 0x1.8d217521e6fadp+19, 
0x1.8c2fa93c104edp+19, 0x1.8b372dd13212bp+19, 0x1.8a6d33393968fp+19, 
0x1.89677559e1453p+19, 0x1.8865e1dad628ap+19, 0x1.877e223ef618p+19, 
0x1.845d8aa21dffap+19, 0x1.84953ffddbab1p+19, 0x1.845086fbe4223p+19, 
0x1.83bf2257bdf16p+19, 0x1.837341f90b965p+19, 0x1.835a22276df9fp+19, 
0x1.833c84295531fp+19, 0x1.832a8fe1cae59p+19, 0x1.82fdd3095d89ap+19, 
0x1.82e4f9ed07581p+19, 0x1.83404265a65dbp+19, 0x1.835bffb719c2dp+19, 
0x1.8351e6269ea29p+19, 0x1.816b2f37752bfp+19, 0x1.81e1c17bf2703p+19, 
0x1.82779fa1cec0ep+19, 0x1.851f102919b4p+19, 0x1.85ad527c2b8bcp+19, 
0x1.85fe8c83b3a24p+19, 0x1.86a4018e75c7p+19, 0x1.86e9f55a793d8p+19, 
0x1.87548b40f6b8bp+19, 0x1.87421237ac1bdp+19, 0x1.878a23ad0b952p+19, 
0x1.87eb9534258f4p+19, 0x1.88303f6737c24p+19, 0x1.88bbddf72daep+19, 
0x1.890cf81d4460ap+19, 0x1.87cbcee73cd8bp+19, 0x1.87ebeab38d262p+19, 
0x1.8865c8ddc8708p+19, 0x1.88d305d153821p+19, 0x1.894bb16d897c2p+19, 
0x1.89ca01c113b08p+19, 0x1.8913f1e2e9bbp+19, 0x1.89a3984c2108fp+19, 
0x1.8a08006723346p+19, 0x1.8a505a4d565a3p+19, 0x1.8b28e4720ca95p+19, 
