structure(list(period_id = c("1995Q1", "1995Q2", "1995Q3", "1995Q4", 
"1996Q1", "1996Q2", "1996Q3", "1996Q4", "1997Q1", "1997Q2", "1997Q3", 
"1997Q4", "1998Q1", "1998Q2", "1998Q3", "1998Q4", "1999Q1", "1999Q2", 
"1999Q3", "1999Q4", "2000Q1", "2000Q2", "2000Q3", "2000Q4", "2001Q1", 
"2001Q2", "2001Q3", "2001Q4", "2002Q1", "2002Q2", "2002Q3", "2002Q4", 
"2003Q1", "2003Q2", "2003Q3", "2003Q4", "2004Q1", "2004Q2", "2004Q3", 
"2004Q4", "2005Q1", "2005Q2", "2005Q3", "2005Q4", "2006Q1", "2006Q2", 
"2006Q3", "2006Q4", "2007Q1", "2007Q2", "2007Q3", "2007Q4", "2008Q1", 
"2008Q2", "2008Q3", "2008Q4", "2009Q1", "2009Q2", "2009Q3", "2009Q4", 
"2010Q1", "2010Q2", "2010Q3", "2010Q4", "2011Q1", "2011Q2", "2011Q3", 
"2011Q4", "2012Q1", "2012Q2", "2012Q3", "2012Q4", "2013Q1", "2013Q2", 
"2013Q3", "2013Q4", "2014Q1", "2014Q2", "2014Q3", "2014Q4", "2015Q1", 
"2015Q2", "2015Q3", "2015Q4", "2016Q1", "2016Q2", "2016Q3", "2016Q4", 
"2017Q1", "2017Q2", "2017Q3", "2017Q4", "2018Q1", "2018Q2", "2018Q3", 
"2018Q4", "2019Q1", "2019Q2", "2019Q3", "2019Q4", "2020Q1", "2020Q2", 
"2020Q3", "2020Q4", "2021Q1", "2021Q2", "2021Q3", "2021Q4", "2022Q1", 
"2022Q2", "2022Q3", "2022Q4", "2023Q1", "2023Q2", "2023Q3", "2023Q4", 
"2024Q1", "2024Q2", "2024Q3", "2024Q4", "2025Q1", "2025Q2"), 
    value = c(NA, NA, NA, NA, 0x1.68aa77b6bb129p+12, 0x1.6b494a02b8412p+12, 
    0x1.70038123810e9p+12, 0x1.755fe99b6f5cbp+12, 0x1.78d5334f82f51p+12, 
    0x1.80276694898f6p+12, 0x1.8341a4a05dd9p+12, 0x1.8547b4aa9717ep+12, 
    0x1.87ad031ad2136p+12, 0x1.89c2023315d7p+12, 0x1.8cf8c297bfa4cp+12, 
    0x1.9095666fd651bp+12, 0x1.958ef09e98dcep+12, 0x1.a772a6ddf00acp+12, 
    0x1.9e466caab8a5dp+12, 0x1.a4220d0353719p+12, 0x1.aa0b0a5accd53p+12, 
    0x1.ae79p+12, 0x1.b311ee6d9be4dp+12, 0x1.b5e3d95aaf79p+12, 
    0x1.b88f0c985f06fp+12, 0x1.bc2d61437c569p+12, 0x1.be95de8f6ceffp+12, 
    0x1.c10493fe1975fp+12, 0x1.c6766b0531983p+12, 0x1.c7e4800eae18bp+12, 
    0x1.cc1005e0b4e12p+12, 0x1.d27e387485e3ep+12, 0x1.d2d1224031487p+12, 
    0x1.d7625e108c3f4p+12, 0x1.dc4a54866a11fp+12, 0x1.dfca9cae21102p+12, 
    0x1.e6bd44284dfcep+12, 0x1.ea3d663736cdfp+12, 0x1.ef2efd933e35cp+12, 
    0x1.f2a0b86b15f89p+12, 0x1.f70cdfbc5de9cp+12, 0x1.fe5b1c11e42e1p+12, 
    0x1.01bf83d9231c6p+13, 0x1.060668b86b16p+13, 0x1.091767c4199fep+13, 
    0x1.0e5efbc126a66p+13, 0x1.13120e30caa32p+13, 0x1.191b54b6a619ep+13, 
    0x1.1e23c93af74cdp+13, 0x1.225a23704790cp+13, 0x1.2832505319829p+13, 
    0x1.2a451990afe61p+13, 0x1.2e590c1e364bfp+13, 0x1.313b22cc2d6aap+13, 
    0x1.30c2576790321p+13, 0x1.263703e8dda49p+13, 0x1.1724421fafc8bp+13, 
    0x1.14db3389b52p+13, 0x1.156ff24af0bf2p+13, 0x1.1547c4dca8e2ep+13, 
    0x1.1529dee99a62fp+13, 0x1.18f1b795b35b1p+13, 0x1.198c0d57bc7f7p+13, 
    0x1.1ae394467381dp+13, 0x1.1c7990f062d41p+13, 0x1.1b3a4c6ef3d3ap+13, 
    0x1.1af621ad6451cp+13, 0x1.1b1946ef3d3a2p+13, 0x1.19f7ea0a0f4d8p+13, 
    0x1.13219bbb62414p+13, 0x1.13b6d1ef30a4ep+13, 0x1.0ed22ca46e08fp+13, 
    0x1.0f0d37739f341p+13, 0x1.1038d74f722e2p+13, 0x1.1060ef6598e11p+13, 
    0x1.15bd8c508b32dp+13, 0x1.156291b79d90ap+13, 0x1.185f988a04d12p+13, 
    0x1.1a085dab5c39cp+13, 0x1.1a4f7cf5f4e44p+13, 0x1.1bb87ba6698bbp+13, 
    0x1.1e3a11c5c5719p+13, 0x1.201012513b5bfp+13, 0x1.20917b688bda9p+13, 
    0x1.243f1f4fd6d7fp+13, 0x1.26d34be9424e6p+13, 0x1.29660ac96cc6p+13, 
    0x1.2b8a52fcac8e7p+13, 0x1.31b2e5b317efep+13, 0x1.35c1f014b599bp+13, 
    0x1.385058348f53cp+13, 0x1.3e7505ebb773ap+13, 0x1.3f70848a58b3fp+13, 
    0x1.44177036c9c0bp+13, 0x1.47fd0a8c154cap+13, 0x1.4a485b40b34e7p+13, 
    0x1.4ee541df3300ep+13, 0x1.4e8f70d6b228ep+13, 0x1.5229b947cfa27p+13, 
    0x1.52f26113c6866p+13, 0x1.4addaf123c42ap+13, 0x1.2a1306937d1fep+13, 
    0x1.4cb84975afaf8p+13, 0x1.4523b7ccc0379p+13, 0x1.5348d9af1886ep+13, 
    0x1.57d7d8cf398e9p+13, 0x1.60a09b2edfe76p+13, 0x1.6562b8c75c4a8p+13, 
    0x1.64e1880b673c5p+13, 0x1.6759deac42e99p+13, 0x1.66f0dc115df65p+13, 
    0x1.684859e16d6dcp+13, 0x1.6afa6b19a415fp+13, 0x1.6fc99dd1a21eap+13, 
    0x1.6fa20e1693c04p+13, 0x1.722abce4217d3p+13, 0x1.75b502a5e785bp+13, 
    0x1.733be8e1d6495p+13, 0x1.7461dea140571p+13, 0x1.75fdf3458cd21p+13, 
    0x1.735fde82517e7p+13, 0x1.7608722d0e56p+13)), class = "data.frame", row.names = c(NA, 
-122L))
