structure(list(period_id = c("1995Q1", "1995Q2", "1995Q3", "1995Q4", 
"1996Q1", "1996Q2", "1996Q3", "1996Q4", "1997Q1", "1997Q2", "1997Q3", 
"1997Q4", "1998Q1", "1998Q2", "1998Q3", "1998Q4", "1999Q1", "1999Q2", 
"1999Q3", "1999Q4", "2000Q1", "2000Q2", "2000Q3", "2000Q4", "2001Q1", 
"2001Q2", "2001Q3", "2001Q4", "2002Q1", "2002Q2", "2002Q3", "2002Q4", 
"2003Q1", "2003Q2", "2003Q3", "2003Q4", "2004Q1", "2004Q2", "2004Q3", 
"2004Q4", "2005Q1", "2005Q2", "2005Q3", "2005Q4", "2006Q1", "2006Q2", 
"2006Q3", "2006Q4", "2007Q1", "2007Q2", "2007Q3", "2007Q4", "2008Q1", 
"2008Q2", "2008Q3", "2008Q4", "2009Q1", "2009Q2", "2009Q3", "2009Q4", 
"2010Q1", "2010Q2", "2010Q3", "2010Q4", "2011Q1", "2011Q2", "2011Q3", 
"2011Q4", "2012Q1", "2012Q2", "2012Q3", "2012Q4", "2013Q1", "2013Q2", 
"2013Q3", "2013Q4", "2014Q1", "2014Q2", "2014Q3", "2014Q4", "2015Q1", 
"2015Q2", "2015Q3", "2015Q4", "2016Q1", "2016Q2", "2016Q3", "2016Q4", 
"2017Q1", "2017Q2", "2017Q3", "2017Q4", "2018Q1", "2018Q2", "2018Q3", 
"2018Q4", "2019Q1", "2019Q2", "2019Q3", "2019Q4", "2020Q1", "2020Q2", 
"2020Q3", "2020Q4", "2021Q1", "2021Q2", "2021Q3", "2021Q4", "2022Q1", 
"2022Q2", "2022Q3", "2022Q4", "2023Q1", "2023Q2", "2023Q3", "2023Q4", 
"2024Q1", "2024Q2", "2024Q3", "2024Q4", "2025Q1", "2025Q2"), 
    value = c(NA, NA, NA, NA, 0x1.d7bea8f3a9b07p+9, 0x1.dc0b5d5f56a7bp+9, 
    0x1.e22d2135daad6p+9, 0x1.e9a7ce9e5e248p+9, 0x1.f1e3bf26f1dc5p+9, 
    0x1.06d8bda0dfdfp+10, 0x1.069911dbca969p+10, 0x1.051b03254e6e2p+10, 
    0x1.049a1b36bd2b7p+10, 0x1.07d285b18548bp+10, 0x1.0a842adc4c9c9p+10, 
    0x1.0e0a54e6e221dp+10, 0x1.1025ebf22c01ep+10, 0x1.2413ababead4fp+10, 
    0x1.15ac5ad96a6ap+10, 0x1.1a6b882278d0dp+10, 0x1.11315069a4df4p+10, 
    0x1.1726aa64c2f83p+10, 0x1.1cb83f78bbd38p+10, 0x1.2118e81cb46bbp+10, 
    0x1.27146f86a0989p+10, 0x1.2b5ea24cc6823p+10, 0x1.2f3ccfa26a22bp+10, 
    0x1.32f73122b7bafp+10, 0x1.3786542e557dep+10, 0x1.3b270ac7da1ecp+10, 
    0x1.3def542a23cp+10, 0x1.4067b71327243p+10, 0x1.423434ce3de61p+10, 
    0x1.449b696e58a33p+10, 0x1.47abbb16c1e36p+10, 0x1.4abcd99cbee8p+10, 
    0x1.4cfe04102ff8fp+10, 0x1.4f7675536933ap+10, 0x1.52d637867f0aap+10, 
    0x1.56a019008206p+10, 0x1.59ede0a84be4p+10, 0x1.600c7e4de3b8ap+10, 
    0x1.66318dde7a744p+10, 0x1.6b5f4dd72367ep+10, 0x1.732e3dc486ad3p+10, 
    0x1.78fb35158b828p+10, 0x1.7e7fb1465e892p+10, 0x1.86b2p+10, 
    0x1.8ddfa7bd48cb5p+10, 0x1.9435fc69728a6p+10, 0x1.9a03d35653c9bp+10, 
    0x1.9e0215831f03dp+10, 0x1.a1cd8787485e4p+10, 0x1.a408cad9ad85ep+10, 
    0x1.a5b3d362e9036p+10, 0x1.a5a7f5dbb9cfap+10, 0x1.813e4f00ef135p+10, 
    0x1.80fc2eb1c432dp+10, 0x1.80aaca793576p+10, 0x1.831d6e3f78bbdp+10, 
    0x1.7ffd8fffbce42p+10, 0x1.868ec42a66dbdp+10, 0x1.8a93afea3df6ep+10, 
    0x1.896ed1dcd7061p+10, 0x1.90f59fadafd11p+10, 0x1.8c16b4e54f7a9p+10, 
    0x1.89468dc981bebp+10, 0x1.8f07020817fc7p+10, 0x1.85250c996b767p+10, 
    0x1.7b137caa7589fp+10, 0x1.78c9b9884c6a4p+10, 0x1.74301db0142f6p+10, 
    0x1.73940b1feeb2dp+10, 0x1.7b44c33b53932p+10, 0x1.7daa8e432442p+10, 
    0x1.844b7afea3df7p+10, 0x1.863db0e5e6794p+10, 0x1.87b3f5dbb9cfap+10, 
    0x1.8c716feb4a665p+10, 0x1.8ed0a6698bb4dp+10, 0x1.967c5d3dc8b87p+10, 
    0x1.9cf74c8366517p+10, 0x1.a2f1cbd987c63p+10, 0x1.a7444d2b2bfdbp+10, 
    0x1.abeb5aaf78fefp+10, 0x1.b38b7c84b5dccp+10, 0x1.b960777d0f1f5p+10, 
    0x1.c68a8d434a01bp+10, 0x1.d30b3d3e4ef03p+10, 0x1.d67dd49949e88p+10, 
    0x1.dfdc19ac79703p+10, 0x1.e2b150374ff86p+10, 0x1.e5c6c382a12f9p+10, 
    0x1.f181ba51a005cp+10, 0x1.f714089a02752p+10, 0x1.fe60e86402081p+10, 
    0x1.036a5be7f2c3p+11, 0x1.028162435696ep+11, 0x1.034e6c7a7c9dep+11, 
    0x1.0040addbdb5d9p+11, 0x1.fa347d6b65a9bp+10, 0x1.af87b7f9d6f11p+10, 
    0x1.024b9d94d0ddp+11, 0x1.c867d6c2efd44p+10, 0x1.eaaa01b003687p+10, 
    0x1.f87906f262889p+10, 0x1.14c55eb0fadf3p+11, 0x1.19b1d5497310ap+11, 
    0x1.147b59f6ec5bp+11, 0x1.0d853d20f2bedp+11, 0x1.0c44452c59fb2p+11, 
    0x1.083a14b380cb7p+11, 0x1.0c52642bf9831p+11, 0x1.10403fa2ad3e9p+11, 
    0x1.0d25201040bfep+11, 0x1.0e4a114b167ecp+11, 0x1.0f6613c89f40ap+11, 
    0x1.0ec94c20d562ap+11, 0x1.101a20902de01p+11, 0x1.1014bd5347a5bp+11, 
    0x1.0f73d1d8a5482p+11, 0x1.104567c286f8bp+11)), class = "data.frame", row.names = c(NA, 
-122L))
