structure(list(period_id = c("1995Q1", "1995Q2", "1995Q3", "1995Q4", 
"1996Q1", "1996Q2", "1996Q3", "1996Q4", "1997Q1", "1997Q2", "1997Q3", 
"1997Q4", "1998Q1", "1998Q2", "1998Q3", "1998Q4", "1999Q1", "1999Q2", 
"1999Q3", "1999Q4", "2000Q1", "2000Q2", "2000Q3", "2000Q4", "2001Q1", 
"2001Q2", "2001Q3", "2001Q4", "2002Q1", "2002Q2", "2002Q3", "2002Q4", 
"2003Q1", "2003Q2", "2003Q3", "2003Q4", "2004Q1", "2004Q2", "2004Q3", 
"2004Q4", "2005Q1", "2005Q2", "2005Q3", "2005Q4", "2006Q1", "2006Q2", 
"2006Q3", "2006Q4", "2007Q1", "2007Q2", "2007Q3", "2007Q4", "2008Q1", 
"2008Q2", "2008Q3", "2008Q4", "2009Q1", "2009Q2", "2009Q3", "2009Q4", 
"2010Q1", "2010Q2", "2010Q3", "2010Q4", "2011Q1", "2011Q2", "2011Q3", 
"2011Q4", "2012Q1", "2012Q2", "2012Q3", "2012Q4", "2013Q1", "2013Q2", 
"2013Q3", "2013Q4", "2014Q1", "2014Q2", "2014Q3", "2014Q4", "2015Q1", 
"2015Q2", "2015Q3", "2015Q4", "2016Q1", "2016Q2", "2016Q3", "2016Q4", 
"2017Q1", "2017Q2", "2017Q3", "2017Q4", "2018Q1", "2018Q2", "2018Q3", 
"2018Q4", "2019Q1", "2019Q2", "2019Q3", "2019Q4", "2020Q1", "2020Q2", 
"2020Q3", "2020Q4", "2021Q1", "2021Q2", "2021Q3", "2021Q4", "2022Q1", 
"2022Q2", "2022Q3", "2022Q4", "2023Q1", "2023Q2", "2023Q3", "2023Q4", 
"2024Q1", "2024Q2", "2024Q3", "2024Q4", "2025Q1"), value = c(NA, 
NA, NA, NA, 0x1.7d9f3cab81f97p+10, 0x1.7f7debb341e15p+10, 0x1.819bf8a4c1ebdp+10, 
0x1.866877af64064p+10, 0x1.8904fdc5931cap+10, 0x1.8c1cb05faebc4p+10, 
0x1.905ab97fe8ee7p+10, 0x1.8daafec56d5dp+10, 0x1.8cd3ecbfb15b5p+10, 
0x1.88173343fa2adp+10, 0x1.89188c9b84556p+10, 0x1.8e8ef0a1be2b5p+10, 
0x1.941ce3e6c4c59p+10, 0x1.9cc172606fac6p+10, 0x1.9e0ff4c6e6d9cp+10, 
0x1.9f8bfee2c98e5p+10, 0x1.a496e81450efep+10, 0x1.a4ecb39e279ddp+10, 
0x1.a60875c8d9f9p+10, 0x1.a7f998b2e9ccbp+10, 0x1.aa460995aaf79p+10, 
0x1.aed253825e13bp+10, 0x1.b2918f7121ab5p+10, 0x1.b7932f8bdec5fp+10, 
0x1.b21c5ef62f9cap+10, 0x1.b08fcb46bacf7p+10, 0x1.b36c44d87725p+10, 
0x1.b45860c38f367p+10, 0x1.baedb167ec786p+10, 0x1.beed8b8f14db6p+10, 
0x1.bef5221c8a7a4p+10, 0x1.bffd5143bf727p+10, 0x1.bf0907faa044bp+10, 
0x1.c27f454de7ea6p+10, 0x1.c53118c9fb613p+10, 0x1.c813d3f9e7b81p+10, 
0x1.cc4450d6b228ep+10, 0x1.ccf51fafc8bp+10, 0x1.cd90886df82b2p+10, 
0x1.ccfac0053e2d6p+10, 0x1.c9231b2e59afap+10, 0x1.c8bcb7ed41b76p+10, 
0x1.c810d2b2bfdb5p+10, 0x1.c9c80f98fa377p+10, 0x1.d2912220bc383p+10, 
0x1.d75d48a159818p+10, 0x1.ddd3746cb966cp+10, 0x1.dffaa0dfdef85p+10, 
0x1.e2c9fb9bed30fp+10, 0x1.e65d394317accp+10, 0x1.ea565c1c6088dp+10, 
0x1.f0dde68e3ef28p+10, 0x1.f76873f316e37p+10, 0x1.fd93fc9bc7714p+10, 
0x1.011a358298cc1p+11, 0x1.0374616d6dc1ap+11, 0x1.00ea34b72c519p+11, 
0x1.02bfb59bc33f8p+11, 0x1.01fd50203e63fp+11, 0x1.025d2d38476f3p+11, 
0x1.ff21e28672757p+10, 0x1.0062f8ceb356ep+11, 0x1.00a74ccee5abcp+11, 
0x1.fee825529fep+10, 0x1.015b4473cd573p+11, 0x1.f8bed887ebf23p+10, 
0x1.f4aca8d64d7f1p+10, 0x1.ea26aa9b499dp+10, 0x1.e2a41975f2cb6p+10, 
0x1.dcb327c393682p+10, 0x1.db0b2cbea4ebep+10, 0x1.dcb37589efd87p+10, 
0x1.e121b4bf8fcd6p+10, 0x1.dd486922d948ep+10, 0x1.db7f05a2d73p+10, 
0x1.dbb67cdcca70dp+10, 0x1.ddd1620ab7132p+10, 0x1.e001d50a88fp+10, 
0x1.e18ab0ea18373p+10, 0x1.e540ecedd4845p+10, 0x1.eab3e429e0a42p+10, 
0x1.eb982ea960b7p+10, 0x1.f018612407464p+10, 0x1.e8fd71b478423p+10, 
0x1.ea0f5ebb7739fp+10, 0x1.ed5964cf8d717p+10, 0x1.e98641b75a74cp+10, 
0x1.ec29e3b03e20dp+10, 0x1.ecf1a2e7f6f4cp+10, 0x1.f0e05a74c09c4p+10, 
0x1.f7f8f2dc2b0eap+10, 0x1.059cd1611ba3dp+11, 0x1.051d48a7a41e5p+11, 
0x1.0adf291d9b1b8p+11, 0x1.0baf2fbc1acdep+11, 0x1.083f9a1fd156ap+11, 
0x1.03f1bd556084ap+11, 0x1.dc8d81c2e33fp+10, 0x1.0606112dba4d7p+11, 
0x1.e509ca03c4b0ap+10, 0x1.fe1a62e09fe87p+10, 0x1.0294c069e7fb2p+11, 
0x1.0def304ccee5bp+11, 0x1.0d1b136e71cdap+11, 0x1.1b4f15dd4c76dp+11, 
0x1.20727b97bb731p+11, 0x1.1d40b3e35c5b5p+11, 0x1.17060df37329cp+11, 
0x1.11eae494d50ecp+11, 0x1.0fdd01eeed89p+11, 0x1.0dda866c2acb8p+11, 
0x1.13bb568e820e6p+11, 0x1.11bb42fa50939p+11, 0x1.0e8982afdda8cp+11, 
0x1.0e28e9899bf59p+11, 0x1.1024086bdf4c3p+11, 0x1.0b7498f3eccc4p+11
)), class = "data.frame", row.names = c(NA, -121L))
