structure(list(period_id = c("1995Q1", "1995Q2", "1995Q3", "1995Q4", 
"1996Q1", "1996Q2", "1996Q3", "1996Q4", "1997Q1", "1997Q2", "1997Q3", 
"1997Q4", "1998Q1", "1998Q2", "1998Q3", "1998Q4", "1999Q1", "1999Q2", 
"1999Q3", "1999Q4", "2000Q1", "2000Q2", "2000Q3", "2000Q4", "2001Q1", 
"2001Q2", "2001Q3", "2001Q4", "2002Q1", "2002Q2", "2002Q3", "2002Q4", 
"2003Q1", "2003Q2", "2003Q3", "2003Q4", "2004Q1", "2004Q2", "2004Q3", 
"2004Q4", "2005Q1", "2005Q2", "2005Q3", "2005Q4", "2006Q1", "2006Q2", 
"2006Q3", "2006Q4", "2007Q1", "2007Q2", "2007Q3", "2007Q4", "2008Q1", 
"2008Q2", "2008Q3", "2008Q4", "2009Q1", "2009Q2", "2009Q3", "2009Q4", 
"2010Q1", "2010Q2", "2010Q3", "2010Q4", "2011Q1", "2011Q2", "2011Q3", 
"2011Q4", "2012Q1", "2012Q2", "2012Q3", "2012Q4", "2013Q1", "2013Q2", 
"2013Q3", "2013Q4", "2014Q1", "2014Q2", "2014Q3", "2014Q4", "2015Q1", 
"2015Q2", "2015Q3", "2015Q4", "2016Q1", "2016Q2", "2016Q3", "2016Q4", 
"2017Q1", "2017Q2", "2017Q3", "2017Q4", "2018Q1", "2018Q2", "2018Q3", 
"2018Q4", "2019Q1", "2019Q2", "2019Q3", "2019Q4", "2020Q1", "2020Q2", 
"2020Q3", "2020Q4", "2021Q1", "2021Q2", "2021Q3", "2021Q4", "2022Q1", 
"2022Q2", "2022Q3", "2022Q4", "2023Q1", "2023Q2", "2023Q3", "2023Q4", 
"2024Q1", "2024Q2", "2024Q3", "2024Q4"), value = c(NA, NA, NA, 
NA, 0x1.193dffd1dcd7p+10, 0x1.1f992bb6672fcp+10, 0x1.25038e086bdf5p+10, 
0x1.2cff54bcf0b6bp+10, 0x1.315b7ee9142b3p+10, 0x1.36c942c7fbacbp+10, 
0x1.3a9688effe2a4p+10, 0x1.3cadbf8fcd68p+10, 0x1.3d53cde19fc2bp+10, 
0x1.3bd872ead9275p+10, 0x1.3c04b5fa22707p+10, 0x1.3ae86455eaee2p+10, 
0x1.3ba375e6362a6p+10, 0x1.40c60c9d9d346p+10, 0x1.45245653c9abbp+10, 
0x1.4ba6b7f9d6f11p+10, 0x1.576f51deefe5p+10, 0x1.5b65c111ada77p+10, 
0x1.61d295208e15p+10, 0x1.67331522a6f3fp+10, 0x1.678bb641700cep+10, 
0x1.6d2e220ff5409p+10, 0x1.6edcc2ce46499p+10, 0x1.7069425f2021p+10, 
0x1.76de2de870974p+10, 0x1.78d193d102bc7p+10, 0x1.7eb7fe1975f2dp+10, 
0x1.83758a86d71f3p+10, 0x1.88f82f1a9fbe7p+10, 0x1.8c8ef162ae4bp+10, 
0x1.936edbf487fccp+10, 0x1.9d0ab10fd7e46p+10, 0x1.a03ecf13cee9ep+10, 
0x1.a57a1654d61b3p+10, 0x1.a9453dd97f62bp+10, 0x1.a86a6bd2b6f1ap+10, 
0x1.ad3e64388ebccp+10, 0x1.b5cfe19fc2a88p+10, 0x1.b9a9c3f3e0371p+10, 
0x1.c124f72f76e61p+10, 0x1.ca0d373affb05p+10, 0x1.d20f2d5e071c5p+10, 
0x1.ddf6c050bd87bp+10, 0x1.e99c5286b5914p+10, 0x1.f2de2491afc05p+10, 
0x1.fa4a2b1b36bd3p+10, 0x1.0277743e963dcp+11, 0x1.05a8f78140dd4p+11, 
0x1.07f8052934acbp+11, 0x1.0adae455eaee2p+11, 0x1.078da773e24ffp+11, 
0x1.e29b6fa82e87dp+10, 0x1.b8631d57ff9b5p+10, 0x1.b66b72cd7cf5fp+10, 
0x1.bc5c4f9c1f85dp+10, 0x1.b9ac86a8fc0d3p+10, 0x1.c2cb91d14e3bdp+10, 
0x1.d7afcf9a06a6ep+10, 0x1.d9a728d002e23p+10, 0x1.df6043137b07p+10, 
0x1.e3d8738a3b57cp+10, 0x1.e12c969e3c969p+10, 0x1.e1e094317acc5p+10, 
0x1.dcd0316a05575p+10, 0x1.d952785729b28p+10, 0x1.d55586ad2dcb1p+10, 
0x1.d73609fa54c55p+10, 0x1.cd18dd3bafd97p+10, 0x1.d2bf8a265f0f6p+10, 
0x1.d1aff5c28f5c3p+10, 0x1.ce0854f3775b8p+10, 0x1.dabc061c79b35p+10, 
0x1.dbe10af5fd47cp+10, 0x1.e4854bf0995abp+10, 0x1.ea62f901083dcp+10, 
0x1.efb35454152b1p+10, 0x1.ef15c22ee4192p+10, 0x1.f06af7446f9bap+10, 
0x1.f7a8cf3dc054fp+10, 0x1.fafe8094e5d5bp+10, 0x1.0140fbb2fec57p+11, 
0x1.0656208bfc222p+11, 0x1.07f24f8b588e3p+11, 0x1.08b4f27fe4bcbp+11, 
0x1.119b3a0407cc8p+11, 0x1.14d882b841249p+11, 0x1.19c16e88df373p+11, 
0x1.20c18ccdd93c4p+11, 0x1.1f544e8fb00bdp+11, 0x1.22d20ff10ecb7p+11, 
0x1.25425907d9125p+11, 0x1.287ec942d490ep+11, 0x1.2fc733397dd01p+11, 
0x1.31e23393ab431p+11, 0x1.39f5eb28d8666p+11, 0x1.36c1221ea3593p+11, 
0x1.39ceb9fdbd2fap+11, 0x1.0a042deebb342p+11, 0x1.34cff1cfbb949p+11, 
0x1.3b21abc515486p+11, 0x1.3d49b1dd5d3ddp+11, 0x1.3ef10008637bdp+11, 
0x1.40b2e7e846a5dp+11, 0x1.4a33be48a58b4p+11, 0x1.2eb9bda72a7bdp+11, 
0x1.3b6243547e069p+11, 0x1.3fdc85c033615p+11, 0x1.3f8604577d955p+11, 
0x1.43a26e7a311e8p+11, 0x1.4669fe670e2c1p+11, 0x1.47f6a06a6e32ep+11, 
0x1.4ac9030e3cd9ap+11, 0x1.4d701e6cd2913p+11, 0x1.4ccccc20d562ap+11, 
0x1.524be82b62846p+11, 0x1.5460dce182667p+11)), class = "data.frame", row.names = c(NA, 
-120L))
