structure(list(period_id = c("2013M01", "2013M02", "2013M03", 
"2013M04", "2013M05", "2013M06", "2013M07", "2013M08", "2013M09", 
"2013M10", "2013M11", "2013M12", "2014M01", "2014M02", "2014M03", 
"2014M04", "2014M05", "2014M06", "2014M07", "2014M08", "2014M09", 
"2014M10", "2014M11", "2014M12", "2015M01", "2015M02", "2015M03", 
"2015M04", "2015M05", "2015M06", "2015M07", "2015M08", "2015M09", 
"2015M10", "2015M11", "2015M12", "2016M01", "2016M02", "2016M03", 
"2016M04", "2016M05", "2016M06", "2016M07", "2016M08", "2016M09", 
"2016M10", "2016M11", "2016M12", "2017M01", "2017M02", "2017M03", 
"2017M04", "2017M05", "2017M06", "2017M07", "2017M08", "2017M09", 
"2017M10", "2017M11", "2017M12", "2018M01", "2018M02", "2018M03", 
"2018M04", "2018M05", "2018M06", "2018M07", "2018M08", "2018M09", 
"2018M10", "2018M11", "2018M12", "2019M01", "2019M02", "2019M03", 
"2019M04", "2019M05", "2019M06", "2019M07", "2019M08", "2019M09", 
"2019M10", "2019M11", "2019M12", "2020M01", "2020M02", "2020M03", 
"2020M04", "2020M05", "2020M06", "2020M07", "2020M08", "2020M09", 
"2020M10", "2020M11", "2020M12", "2021M01", "2021M02", "2021M03", 
"2021M04", "2021M05", "2021M06", "2021M07", "2021M08", "2021M09", 
"2021M10", "2021M11", "2021M12", "2022M01", "2022M02", "2022M03", 
"2022M04", "2022M05", "2022M06", "2022M07", "2022M08", "2022M09", 
"2022M10", "2022M11", "2022M12", "2023M01", "2023M02", "2023M03", 
"2023M04", "2023M05", "2023M06", "2023M07", "2023M08", "2023M09", 
"2023M10", "2023M11", "2023M12", "2024M01", "2024M02", "2024M03", 
"2024M04", "2024M05", "2024M06", "2024M07", "2024M08", "2024M09", 
"2024M10", "2024M11", "2024M12", "2025M01", "2025M02", "2025M03", 
"2025M04", "2025M05"), value = c(0x1.42eap+16, 0x1.babbp+16, 
0x1.ad5p+16, 0x1.0531p+17, 0x1.3bb4p+17, 0x1.8829p+16, 0x1.5f46p+16, 
0x1.b1ffp+16, 0x1.d228p+16, 0x1.b36bp+16, 0x1.1aadp+16, 0x1.7182p+16, 
0x1.153ep+16, 0x1.6354p+16, 0x1.49b7p+16, 0x1.58f2p+16, 0x1.9c97p+16, 
0x1.2d8ap+16, 0x1.5648p+16, 0x1.de5ep+15, 0x1.398cp+16, 0x1.4515p+16, 
0x1.64a3p+16, 0x1.51fep+16, 0x1.0a25p+16, 0x1.99adp+16, 0x1.8977p+16, 
0x1.6b67p+16, 0x1.88b9p+16, 0x1.8c39p+16, 0x1.e5ddp+16, 0x1.61cbp+16, 
0x1.a491p+16, 0x1.9838p+16, 0x1.4548p+16, 0x1.75d2p+16, 0x1.ca5ap+15, 
0x1.fafap+16, 0x1.2d7a8p+17, 0x1.fc5fp+16, 0x1.fcb8p+16, 0x1.56318p+17, 
0x1.120bp+17, 0x1.edf9p+16, 0x1.1595p+17, 0x1.512f8p+17, 0x1.c1b5p+16, 
0x1.e6b6p+16, 0x1.811fp+16, 0x1.7ac7p+16, 0x1.2612p+17, 0x1.e4b3p+16, 
0x1.52c58p+17, 0x1.32c1p+17, 0x1.1f158p+17, 0x1.438bp+17, 0x1.fdd3p+16, 
0x1.33ba8p+17, 0x1.3dd4p+17, 0x1.0d558p+17, 0x1.0fcep+17, 0x1.357cp+16, 
0x1.2f63p+17, 0x1.05dep+17, 0x1.1db3p+17, 0x1.50f8p+17, 0x1.0ed7p+17, 
0x1.23ee8p+17, 0x1.3b588p+17, 0x1.3f14p+17, 0x1.fde5p+16, 0x1.341ep+17, 
0x1.b5d5p+16, 0x1.8d84p+16, 0x1.084dp+17, 0x1.3c53p+17, 0x1.1f52p+17, 
0x1.03abp+17, 0x1.32fdp+17, 0x1.b40fp+16, 0x1.c622p+16, 0x1.2af48p+17, 
0x1.8105p+16, 0x1.091a8p+17, 0x1.8a85p+16, 0x1.fdc9p+16, 0x1.82bbp+16, 
0x1.bf12p+15, 0x1.733p+16, 0x1.3e3d8p+17, 0x1.1d98p+17, 0x1.ecbep+16, 
0x1.0884p+17, 0x1.5c0fp+17, 0x1.fbefp+16, 0x1.6fca8p+17, 0x1.29638p+17, 
0x1.d041p+16, 0x1.40a6p+17, 0x1.1fadp+17, 0x1.17a6p+17, 0x1.16a88p+17, 
0x1.4182p+17, 0x1.2fdap+17, 0x1.8f2dp+17, 0x1.3c9e8p+17, 0x1.43dep+17, 
0x1.785f8p+17, 0x1.920a8p+17, 0x1.3d2b8p+17, 0x1.55f9p+17, 0x1.62618p+17, 
0x1.3da1p+17, 0x1.c4fbp+17, 0x1.a7a9p+17, 0x1.efbp+16, 0x1.bf83p+17, 
0x1.3deep+17, 0x1.edb3p+16, 0x1.7013p+17, 0x1.a10dp+16, 0x1.145d8p+17, 
0x1.93008p+17, 0x1.d25ap+17, 0x1.10fcp+17, 0x1.70b38p+17, 0x1.0d3b8p+17, 
0x1.c964p+16, 0x1.2da58p+17, 0x1.eb5cp+16, 0x1.4068p+17, 0x1.32fbp+17, 
0x1.9ec7p+16, 0x1.5541p+17, 0x1.099f8p+17, 0x1.657bp+17, 0x1.09ebp+17, 
0x1.342a8p+17, 0x1.76048p+17, 0x1.447cp+17, 0x1.e34ap+16, 0x1.1ccbp+17, 
0x1.32cdp+17, 0x1.a3ab8p+17, 0x1.0f93p+17, 0x1.03ae8p+17, 0x1.11fep+17, 
0x1.b10fp+16, 0x1.e4dbp+16)), class = "data.frame", row.names = c(NA, 
-149L))
