structure(list(period_id = c("1980Q1", "1980Q2", "1980Q3", "1980Q4", 
"1981Q1", "1981Q2", "1981Q3", "1981Q4", "1982Q1", "1982Q2", "1982Q3", 
"1982Q4", "1983Q1", "1983Q2", "1983Q3", "1983Q4", "1984Q1", "1984Q2", 
"1984Q3", "1984Q4", "1985Q1", "1985Q2", "1985Q3", "1985Q4", "1986Q1", 
"1986Q2", "1986Q3", "1986Q4", "1987Q1", "1987Q2", "1987Q3", "1987Q4", 
"1988Q1", "1988Q2", "1988Q3", "1988Q4", "1989Q1", "1989Q2", "1989Q3", 
"1989Q4", "1990Q1", "1990Q2", "1990Q3", "1990Q4", "1991Q1", "1991Q2", 
"1991Q3", "1991Q4", "1992Q1", "1992Q2", "1992Q3", "1992Q4", "1993Q1", 
"1993Q2", "1993Q3", "1993Q4", "1994Q1", "1994Q2", "1994Q3", "1994Q4", 
"1995Q1", "1995Q2", "1995Q3", "1995Q4", "1996Q1", "1996Q2", "1996Q3", 
"1996Q4", "1997Q1", "1997Q2", "1997Q3", "1997Q4", "1998Q1", "1998Q2", 
"1998Q3", "1998Q4", "1999Q1", "1999Q2", "1999Q3", "1999Q4", "2000Q1", 
"2000Q2", "2000Q3", "2000Q4", "2001Q1", "2001Q2", "2001Q3", "2001Q4", 
"2002Q1", "2002Q2", "2002Q3", "2002Q4", "2003Q1", "2003Q2", "2003Q3", 
"2003Q4", "2004Q1", "2004Q2", "2004Q3", "2004Q4", "2005Q1", "2005Q2", 
"2005Q3", "2005Q4", "2006Q1", "2006Q2", "2006Q3", "2006Q4", "2007Q1", 
"2007Q2", "2007Q3", "2007Q4", "2008Q1", "2008Q2", "2008Q3", "2008Q4", 
"2009Q1", "2009Q2", "2009Q3", "2009Q4", "2010Q1", "2010Q2", "2010Q3", 
"2010Q4", "2011Q1", "2011Q2", "2011Q3", "2011Q4", "2012Q1", "2012Q2", 
"2012Q3", "2012Q4", "2013Q1", "2013Q2", "2013Q3", "2013Q4", "2014Q1", 
"2014Q2", "2014Q3", "2014Q4", "2015Q1", "2015Q2", "2015Q3", "2015Q4", 
"2016Q1", "2016Q2", "2016Q3", "2016Q4", "2017Q1", "2017Q2", "2017Q3", 
"2017Q4", "2018Q1", "2018Q2", "2018Q3", "2018Q4", "2019Q1", "2019Q2", 
"2019Q3", "2019Q4", "2020Q1", "2020Q2", "2020Q3", "2020Q4", "2021Q1", 
"2021Q2", "2021Q3", "2021Q4", "2022Q1", "2022Q2", "2022Q3", "2022Q4", 
"2023Q1", "2023Q2", "2023Q3", "2023Q4", "2024Q1", "2024Q2", "2024Q3", 
"2024Q4", "2025Q1", "2025Q2"), value = c(0x1.0dd6b33333333p+18, 
0x1.0baa466666666p+18, 0x1.0c11ep+18, 0x1.0ba6b9999999ap+18, 
0x1.0ca5733333333p+18, 0x1.0ead733333333p+18, 0x1.107eccccccccdp+18, 
0x1.1223666666666p+18, 0x1.143639999999ap+18, 0x1.162b466666666p+18, 
0x1.1601ep+18, 0x1.17acp+18, 0x1.18bf39999999ap+18, 0x1.18e6866666666p+18, 
0x1.1959f9999999ap+18, 0x1.1b1a333333333p+18, 0x1.1c5ce66666666p+18, 
0x1.1db76cccccccdp+18, 0x1.1f904p+18, 0x1.1f4c6cccccccdp+18, 
0x1.2004ccccccccdp+18, 0x1.226a133333333p+18, 0x1.2413733333333p+18, 
0x1.258d133333333p+18, 0x1.2675333333333p+18, 0x1.29b0533333333p+18, 
0x1.2b4df33333333p+18, 0x1.2bada66666666p+18, 0x1.2becd33333333p+18, 
0x1.3063d9999999ap+18, 0x1.326ff9999999ap+18, 0x1.36f4ecccccccdp+18, 
0x1.3af319999999ap+18, 0x1.3db4b33333333p+18, 0x1.41b9f33333333p+18, 
0x1.44616p+18, 0x1.489999999999ap+18, 0x1.4c442p+18, 0x1.5002866666666p+18, 
0x1.548419999999ap+18, 0x1.553cap+18, 0x1.5711f33333333p+18, 
0x1.594ca66666666p+18, 0x1.5922333333333p+18, 0x1.5a0aacccccccdp+18, 
0x1.5b51ccccccccdp+18, 0x1.5cba4p+18, 0x1.5e69133333333p+18, 
0x1.60eaa66666666p+18, 0x1.615019999999ap+18, 0x1.60e819999999ap+18, 
0x1.60f939999999ap+18, 0x1.5f110cccccccdp+18, 0x1.5f154cccccccdp+18, 
0x1.5f83666666666p+18, 0x1.60702cccccccdp+18, 0x1.62d48cccccccdp+18, 
0x1.6664066666666p+18, 0x1.69a0b9999999ap+18, 0x1.6d09666666666p+18, 
0x1.6ec3p+18, 0x1.712aap+18, 0x1.71be533333333p+18, 0x1.7198ecccccccdp+18, 
0x1.742aa66666666p+18, 0x1.74e259999999ap+18, 0x1.7652d9999999ap+18, 
0x1.77c3733333333p+18, 0x1.795e19999999ap+18, 0x1.7d54133333333p+18, 
0x1.811ec66666666p+18, 0x1.84ed0cccccccdp+18, 0x1.88a76p+18, 
0x1.8b772cccccccdp+18, 0x1.8d82ccccccccdp+18, 0x1.903c6cccccccdp+18, 
0x1.92fd666666666p+18, 0x1.959a6p+18, 0x1.9b93e66666666p+18, 
0x1.a1682p+18, 0x1.a5704cccccccdp+18, 0x1.aa24cp+18, 0x1.ad72466666666p+18, 
0x1.b00cd9999999ap+18, 0x1.b24ac66666666p+18, 0x1.b265933333333p+18, 
0x1.b4e5b9999999ap+18, 0x1.b2fce66666666p+18, 0x1.b5796cccccccdp+18, 
0x1.b7872p+18, 0x1.b95f2cccccccdp+18, 0x1.b9bd8p+18, 0x1.bb152cccccccdp+18, 
0x1.b91f6cccccccdp+18, 0x1.bde74cccccccdp+18, 0x1.bf718cccccccdp+18, 
0x1.c449ap+18, 0x1.c64b066666666p+18, 0x1.c7e6733333333p+18, 
0x1.cbf0d33333333p+18, 0x1.cd51e66666666p+18, 0x1.ce5cd33333333p+18, 
0x1.d1da0cccccccdp+18, 0x1.d50db33333333p+18, 0x1.d92bb9999999ap+18, 
0x1.deddap+18, 0x1.df332p+18, 0x1.e1d039999999ap+18, 0x1.e6d6d9999999ap+18, 
0x1.ea0ad9999999ap+18, 0x1.eb98466666666p+18, 0x1.ec1b733333333p+18, 
0x1.f05cccccccccdp+18, 0x1.eca9acccccccdp+18, 0x1.eb77b9999999ap+18, 
0x1.e53c133333333p+18, 0x1.dbff19999999ap+18, 0x1.dcd4f33333333p+18, 
0x1.dde90cccccccdp+18, 0x1.e1500cccccccdp+18, 0x1.e2c8333333333p+18, 
0x1.e50b933333333p+18, 0x1.e837d33333333p+18, 0x1.eb27ccccccccdp+18, 
0x1.f19d19999999ap+18, 0x1.f1aff33333333p+18, 0x1.f340ep+18, 
0x1.f502e66666666p+18, 0x1.f4c46cccccccdp+18, 0x1.f2ce59999999ap+18, 
0x1.f4504p+18, 0x1.f442533333333p+18, 0x1.f530ep+18, 0x1.f999133333333p+18, 
0x1.f864666666666p+18, 0x1.fb7999999999ap+18, 0x1.fb7c79999999ap+18, 
0x1.fcc359999999ap+18, 0x1.0000b33333333p+19, 0x1.fe9b666666666p+18, 
0x1.00c72cccccccdp+19, 0x1.00f62p+19, 0x1.019e1p+19, 0x1.023e8cccccccdp+19, 
0x1.030c8cccccccdp+19, 0x1.029a49999999ap+19, 0x1.02efecccccccdp+19, 
0x1.0492bp+19, 0x1.0652cp+19, 0x1.08568cccccccdp+19, 0x1.0a35fcccccccdp+19, 
0x1.0bd11p+19, 0x1.0bb6c33333333p+19, 0x1.0c6e033333333p+19, 
0x1.0db56cccccccdp+19, 0x1.0fbbfp+19, 0x1.123e166666666p+19, 
0x1.13c29p+19, 0x1.13bb59999999ap+19, 0x1.1261333333333p+19, 
0x1.0473266666666p+19, 0x1.c9648cccccccdp+18, 0x1.07d209999999ap+19, 
0x1.0780e9999999ap+19, 0x1.0891fp+19, 0x1.0bd13p+19, 0x1.13cd6cccccccdp+19, 
0x1.15572p+19, 0x1.1513ccccccccdp+19, 0x1.1650066666666p+19, 
0x1.17bf3cccccccdp+19, 0x1.18c999999999ap+19, 0x1.18f2e33333333p+19, 
0x1.1b8179999999ap+19, 0x1.1c2a99999999ap+19, 0x1.1d61533333333p+19, 
0x1.1db3d33333333p+19, 0x1.1e4efp+19, 0x1.1f5fcp+19, 0x1.1f1d2p+19, 
0x1.1f82bp+19, 0x1.205c1cccccccdp+19)), class = "data.frame", row.names = c(NA, 
-182L))
