structure(list(period_id = c("2000M01", "2000M02", "2000M03", 
"2000M04", "2000M05", "2000M06", "2000M07", "2000M08", "2000M09", 
"2000M10", "2000M11", "2000M12", "2001M01", "2001M02", "2001M03", 
"2001M04", "2001M05", "2001M06", "2001M07", "2001M08", "2001M09", 
"2001M10", "2001M11", "2001M12", "2002M01", "2002M02", "2002M03", 
"2002M04", "2002M05", "2002M06", "2002M07", "2002M08", "2002M09", 
"2002M10", "2002M11", "2002M12", "2003M01", "2003M02", "2003M03", 
"2003M04", "2003M05", "2003M06", "2003M07", "2003M08", "2003M09", 
"2003M10", "2003M11", "2003M12", "2004M01", "2004M02", "2004M03", 
"2004M04", "2004M05", "2004M06", "2004M07", "2004M08", "2004M09", 
"2004M10", "2004M11", "2004M12", "2005M01", "2005M02", "2005M03", 
"2005M04", "2005M05", "2005M06", "2005M07", "2005M08", "2005M09", 
"2005M10", "2005M11", "2005M12", "2006M01", "2006M02", "2006M03", 
"2006M04", "2006M05", "2006M06", "2006M07", "2006M08", "2006M09", 
"2006M10", "2006M11", "2006M12", "2007M01", "2007M02", "2007M03", 
"2007M04", "2007M05", "2007M06", "2007M07", "2007M08", "2007M09", 
"2007M10", "2007M11", "2007M12", "2008M01", "2008M02", "2008M03", 
"2008M04", "2008M05", "2008M06", "2008M07", "2008M08", "2008M09", 
"2008M10", "2008M11", "2008M12", "2009M01", "2009M02", "2009M03", 
"2009M04", "2009M05", "2009M06", "2009M07", "2009M08", "2009M09", 
"2009M10", "2009M11", "2009M12", "2010M01", "2010M02", "2010M03", 
"2010M04", "2010M05", "2010M06", "2010M07", "2010M08", "2010M09", 
"2010M10", "2010M11", "2010M12", "2011M01", "2011M02", "2011M03", 
"2011M04", "2011M05", "2011M06", "2011M07", "2011M08", "2011M09", 
"2011M10", "2011M11", "2011M12", "2012M01", "2012M02", "2012M03", 
"2012M04", "2012M05", "2012M06", "2012M07", "2012M08", "2012M09", 
"2012M10", "2012M11", "2012M12", "2013M01", "2013M02", "2013M03", 
"2013M04", "2013M05", "2013M06", "2013M07", "2013M08", "2013M09", 
"2013M10", "2013M11", "2013M12", "2014M01", "2014M02", "2014M03", 
"2014M04", "2014M05", "2014M06", "2014M07", "2014M08", "2014M09", 
"2014M10", "2014M11", "2014M12", "2015M01", "2015M02", "2015M03", 
"2015M04", "2015M05", "2015M06", "2015M07", "2015M08", "2015M09", 
"2015M10", "2015M11", "2015M12", "2016M01", "2016M02", "2016M03", 
"2016M04", "2016M05", "2016M06", "2016M07", "2016M08", "2016M09", 
"2016M10", "2016M11", "2016M12", "2017M01", "2017M02", "2017M03", 
"2017M04", "2017M05", "2017M06", "2017M07", "2017M08", "2017M09", 
"2017M10", "2017M11", "2017M12", "2018M01", "2018M02", "2018M03", 
"2018M04", "2018M05", "2018M06", "2018M07", "2018M08", "2018M09", 
"2018M10", "2018M11", "2018M12", "2019M01", "2019M02", "2019M03", 
"2019M04", "2019M05", "2019M06", "2019M07", "2019M08", "2019M09", 
"2019M10", "2019M11", "2019M12", "2020M01", "2020M02", "2020M03", 
"2020M04", "2020M05", "2020M06", "2020M07", "2020M08", "2020M09", 
"2020M10", "2020M11", "2020M12", "2021M01", "2021M02", "2021M03", 
"2021M04", "2021M05", "2021M06", "2021M07", "2021M08", "2021M09", 
"2021M10", "2021M11", "2021M12", "2022M01", "2022M02", "2022M03", 
"2022M04", "2022M05", "2022M06", "2022M07", "2022M08", "2022M09", 
"2022M10", "2022M11", "2022M12", "2023M01", "2023M02", "2023M03", 
"2023M04", "2023M05", "2023M06", "2023M07", "2023M08", "2023M09", 
"2023M10", "2023M11", "2023M12", "2024M01", "2024M02", "2024M03", 
"2024M04", "2024M05", "2024M06", "2024M07", "2024M08", "2024M09", 
"2024M10", "2024M11", "2024M12", "2025M01", "2025M02"), value = c(0x1.8469bfd9e4482p+19, 
0x1.8503c5fab1ca4p+19, 0x1.8592457ecb028p+19, 0x1.85ff795f2d209p+19, 
0x1.868151de97ccbp+19, 0x1.86fb99842e70ep+19, 0x1.8748436fdf6a2p+19, 
0x1.87b018b84ddbap+19, 0x1.88376a4df96c3p+19, 0x1.876ffe001f579p+19, 
0x1.882715b1ed4e9p+19, 0x1.88a8df57dd7fbp+19, 0x1.88d067fff73cfp+19, 
0x1.88fb70e1eb5fp+19, 0x1.89355b62b4e0cp+19, 0x1.89b37a51c125ap+19, 
0x1.89ca86fc9e9d5p+19, 0x1.89e1ed18881d5p+19, 0x1.8a2cec1cae473p+19, 
0x1.8a3ebdf49d1bp+19, 0x1.8a1c8868e2db3p+19, 0x1.8a04cc89b27dcp+19, 
0x1.8a110806e29ddp+19, 0x1.8a49c1f9cf0e7p+19, 0x1.8a99ece1014cbp+19, 
0x1.8ab67236d8af3p+19, 0x1.8aa4aa08b50d7p+19, 0x1.8a7be10b66e3cp+19, 
0x1.8a9ff52fa2bdep+19, 0x1.8ab770c9fb9dep+19, 0x1.8ab17b21eee4fp+19, 
0x1.8acec3765621ep+19, 0x1.8afa8f270652p+19, 0x1.8b376aa804a23p+19, 
0x1.8b4a7e0caa9ddp+19, 0x1.8b828efb1192cp+19, 0x1.85f6c1a3d37c4p+19, 
0x1.861e4a85c59eap+19, 0x1.8638ec5cc9fp+19, 0x1.8773abde311efp+19, 
0x1.8744d646b1e2p+19, 0x1.87456aa4d96e2p+19, 0x1.87a0bc7bca71p+19, 
0x1.87bbd944881bep+19, 0x1.86e3b86378802p+19, 0x1.87fc4ae59d17ap+19, 
0x1.884b72baca93p+19, 0x1.8861d1d391756p+19, 0x1.88bac38769827p+19, 
0x1.88f76c62f61e5p+19, 0x1.897962c7ed6b1p+19, 0x1.89a78fa489079p+19, 
0x1.89e5410ac3befp+19, 0x1.8a1a0cd436324p+19, 0x1.8a2737b5878b4p+19, 
0x1.8a817e14d4ef1p+19, 0x1.8aec1a68bfea6p+19, 0x1.8b3d72f08ec63p+19, 
0x1.8b66c76a04f27p+19, 0x1.8b90f24b0ff33p+19, 0x1.8ba584d3676bdp+19, 
0x1.8bf2c2dc97213p+19, 0x1.8c05435ba333ap+19, 0x1.8c6ed17ddf8d5p+19, 
0x1.8cb184cf9140fp+19, 0x1.8cce81dd82661p+19, 0x1.8d1f6c435dc4ap+19, 
0x1.8d57dd5a881bfp+19, 0x1.8da06a0601eb5p+19, 0x1.8db90ecfe95bfp+19, 
0x1.8e09c7e558bdfp+19, 0x1.8e6a111267a71p+19, 0x1.8f14d0b6c932fp+19, 
0x1.8f6507cef679bp+19, 0x1.90043ff4ad827p+19, 0x1.908d557ced67p+19, 
0x1.914ac5ea0c507p+19, 0x1.9246f59c7ec93p+19, 0x1.92ec8643c3ca5p+19, 
0x1.93b54ef3656f6p+19, 0x1.947dc9ea31692p+19, 0x1.957586c00822p+19, 
0x1.967dbb45b432ep+19, 0x1.975f9075a3827p+19, 0x1.9b9449d9cb86ep+19, 
0x1.9ca44e9e4f436p+19, 0x1.9db99c7d1dd94p+19, 0x1.9eb8bffd3e2ecp+19, 
0x1.9fb07a56b7612p+19, 0x1.a096b61d23017p+19, 0x1.a1757d6150a39p+19, 
0x1.a2506add2b284p+19, 0x1.a312f895d6ffbp+19, 0x1.a42b54ab51affp+19, 
0x1.a53914930ce18p+19, 0x1.a6444adcad946p+19, 0x1.a9fc27e255cb9p+19, 
0x1.ab2bf6661c87bp+19, 0x1.ac04d8b2327abp+19, 0x1.acba88e0cff7ep+19, 
0x1.ad65aab6fafc4p+19, 0x1.add52eaa7ec99p+19, 0x1.ae088f99a22e8p+19, 
0x1.ae248f20ce84ep+19, 0x1.ae85fe0302471p+19, 0x1.ae4c8c077fe83p+19, 
0x1.ad8cc334f6d37p+19, 0x1.acbc48ce2155ep+19, 0x1.ab7b3c74b5c39p+19, 
0x1.a9d5b0574df14p+19, 0x1.a83cef542c852p+19, 0x1.a671decc3684ap+19, 
0x1.a4f078cf55478p+19, 0x1.a37d8a43033d8p+19, 0x1.a28d3ded97df1p+19, 
0x1.a17e7b9bf7bcep+19, 0x1.a003cbeff8d69p+19, 0x1.9d6a6e3f8851ep+19, 
0x1.9d14aac311021p+19, 0x1.9cacdc4974512p+19, 0x1.9ab37321d375ap+19, 
0x1.9a41b175f1d7ap+19, 0x1.99cd152714b4fp+19, 0x1.9983cc8932db4p+19, 
0x1.98c6abd33c93p+19, 0x1.9864381360ba2p+19, 0x1.97f27e9192664p+19, 
0x1.9746b182f963dp+19, 0x1.96f5cc4eb8426p+19, 0x1.963fa1c586072p+19, 
0x1.958f76c098c23p+19, 0x1.9103f766bb107p+19, 0x1.9426260a25112p+19, 
0x1.93dc22930adaep+19, 0x1.93610f2ab7087p+19, 0x1.933ca238c32ffp+19, 
0x1.932d55e04e2b5p+19, 0x1.92d2935a0e67bp+19, 0x1.9224a034123d1p+19, 
0x1.91d9c57ccf601p+19, 0x1.9164ba6701f44p+19, 0x1.910037bb3fdebp+19, 
0x1.90a5c3d1cbc8ap+19, 0x1.90386d4765aaep+19, 0x1.8fa7f50b89dc9p+19, 
0x1.8f2a451ad6e5ap+19, 0x1.8ed863b1bad38p+19, 0x1.8e1c32f7a6a5dp+19, 
0x1.8d2183605ec31p+19, 0x1.8c2fb1025bb3fp+19, 0x1.8b372f5008cc3p+19, 
0x1.8a6d3595ccc67p+19, 0x1.896770be880a1p+19, 0x1.8865d9b95d014p+19, 
0x1.877e18b79c5dp+19, 0x1.845d8810e8f2p+19, 0x1.849543966e988p+19, 
0x1.845083256d388p+19, 0x1.83bf159d217a1p+19, 0x1.83732afc120e1p+19, 
0x1.835a12d4e650ap+19, 0x1.833c7a52e4291p+19, 0x1.832a8cf2b5f7fp+19, 
0x1.82fdcfe3fa55cp+19, 0x1.82e4f98eea793p+19, 0x1.83404b210fc2fp+19, 
0x1.835c0f123ec4cp+19, 0x1.8351f536cb286p+19, 0x1.816b3b869e7d9p+19, 
0x1.81e1c7b2ece4ap+19, 0x1.8277a1047763fp+19, 0x1.851efb3b5854cp+19, 
0x1.85ad41fc9be1cp+19, 0x1.85fe826926e93p+19, 0x1.86a404ef331d5p+19, 
0x1.86e9fc7145374p+19, 0x1.8754935e771e1p+19, 0x1.87421216ce55cp+19, 
0x1.878a22aa786a8p+19, 0x1.87eb9247d4366p+19, 0x1.88303b5711d71p+19, 
0x1.88bbdffc08448p+19, 0x1.890d0055fae3bp+19, 0x1.87cbce023b2c9p+19, 
0x1.87ebe65a94262p+19, 0x1.8865c42f69f3fp+19, 0x1.88d307cd3934cp+19, 
0x1.894bb5418b2ffp+19, 0x1.89ca09fa1544ep+19, 0x1.8913f63f6e2cbp+19, 
0x1.89a39c7421fep+19, 0x1.8a07f78de4af9p+19, 0x1.8a5049d59ebe2p+19, 
0x1.8b28dbcd187f2p+19, 0x1.8c2641998784bp+19, 0x1.8ca3c02e1c19ep+19, 
