structure(list(period_id = c("1995Q1", "1995Q2", "1995Q3", "1995Q4", 
"1996Q1", "1996Q2", "1996Q3", "1996Q4", "1997Q1", "1997Q2", "1997Q3", 
"1997Q4", "1998Q1", "1998Q2", "1998Q3", "1998Q4", "1999Q1", "1999Q2", 
"1999Q3", "1999Q4", "2000Q1", "2000Q2", "2000Q3", "2000Q4", "2001Q1", 
"2001Q2", "2001Q3", "2001Q4", "2002Q1", "2002Q2", "2002Q3", "2002Q4", 
"2003Q1", "2003Q2", "2003Q3", "2003Q4", "2004Q1", "2004Q2", "2004Q3", 
"2004Q4", "2005Q1", "2005Q2", "2005Q3", "2005Q4", "2006Q1", "2006Q2", 
"2006Q3", "2006Q4", "2007Q1", "2007Q2", "2007Q3", "2007Q4", "2008Q1", 
"2008Q2", "2008Q3", "2008Q4", "2009Q1", "2009Q2", "2009Q3", "2009Q4", 
"2010Q1", "2010Q2", "2010Q3", "2010Q4", "2011Q1", "2011Q2", "2011Q3", 
"2011Q4", "2012Q1", "2012Q2", "2012Q3", "2012Q4", "2013Q1", "2013Q2", 
"2013Q3", "2013Q4", "2014Q1", "2014Q2", "2014Q3", "2014Q4", "2015Q1", 
"2015Q2", "2015Q3", "2015Q4", "2016Q1", "2016Q2", "2016Q3", "2016Q4", 
"2017Q1", "2017Q2", "2017Q3", "2017Q4", "2018Q1", "2018Q2", "2018Q3", 
"2018Q4", "2019Q1", "2019Q2", "2019Q3", "2019Q4", "2020Q1", "2020Q2", 
"2020Q3", "2020Q4", "2021Q1", "2021Q2", "2021Q3", "2021Q4", "2022Q1", 
"2022Q2", "2022Q3", "2022Q4", "2023Q1", "2023Q2", "2023Q3", "2023Q4", 
"2024Q1", "2024Q2", "2024Q3"), value = c(NA, NA, NA, NA, 0x1.5a3440181e03fp+10, 
0x1.830646455eaeep+10, 0x1.8f68729b280f1p+10, 0x1.980a7e132b55fp+10, 
0x1.64bbd43d03969p+10, 0x1.906b2b1704ff4p+10, 0x1.9e1ad6733ebcp+10, 
0x1.9eea8bf7f067p+10, 0x1.688d22424a277p+10, 0x1.8ea54c8366517p+10, 
0x1.94d349dbec248p+10, 0x1.9dcf5532617c2p+10, 0x1.6e80231832fcbp+10, 
0x1.a7a7ecb31c21ap+10, 0x1.aa8d371da37efp+10, 0x1.aead1348b2208p+10, 
0x1.7ac2528f190d1p+10, 0x1.b167d3996fa83p+10, 0x1.b4554d76ab58p+10, 
0x1.b92f67c286f8bp+10, 0x1.7cc14d6e47dc3p+10, 0x1.baf211cb039efp+10, 
0x1.c2e0a493c89f4p+10, 0x1.caf5f8f8a4c1fp+10, 0x1.823fe30446b6ap+10, 
0x1.bdb5574b40703p+10, 0x1.c436fb6134ce4p+10, 0x1.c52cf55de58e6p+10, 
0x1.8969c404a72ebp+10, 0x1.cfc5d00b45ae6p+10, 0x1.d1711172ef0aep+10, 
0x1.ce5b747d805e6p+10, 0x1.8c40c065b63d4p+10, 0x1.d52b95feda661p+10, 
0x1.d8d3c5b8dc55p+10, 0x1.d503cd7492791p+10, 0x1.982c5d701d9f5p+10, 
0x1.e0fe14163779fp+10, 0x1.e228b0b7c3505p+10, 0x1.d82a5d7cb2d9p+10, 
0x1.95d87c5260f5ep+10, 0x1.dd578d477bbf9p+10, 0x1.dcfa9e6ab9b24p+10, 
0x1.d31f6e47dc37ap+10, 0x1.9e0a2d4d4024bp+10, 0x1.ed1a467381d7ep+10, 
0x1.f4d6bead4f59p+10, 0x1.ea4e85f06f694p+10, 0x1.ab85d7f51efb7p+10, 
0x1.fc1aa51e321a3p+10, 0x1.00ee35f5f0b28p+11, 0x1.fd5128bf3bea9p+10, 
0x1.bcde1882adc4dp+10, 0x1.0a02cbaf965b2p+11, 0x1.0d6ea074ea8dap+11, 
0x1.0a878edc3bd5ap+11, 0x1.c8472da122fadp+10, 0x1.0daf37110e454p+11, 
0x1.0e7b4a8e2e2b9p+11, 0x1.0811bbaba7b91p+11, 0x1.ca93882adc4cap+10, 
0x1.0990ef36ef805p+11, 0x1.0ce92aa3ad18dp+11, 0x1.03867548ecd8ep+11, 
0x1.d1031fab96f22p+10, 0x1.0491f52977c89p+11, 0x1.06270c5c9a34dp+11, 
0x1.f12f946801712p+10, 0x1.b5f5130164841p+10, 0x1.eae38d92fb19ep+10, 
0x1.f06b42fa50939p+10, 0x1.e35f1e3a7daa5p+10, 0x1.b5df1355475a3p+10, 
0x1.ebd76d373affbp+10, 0x1.f0a95d249e45p+10, 0x1.e20f5ad96a6ap+10, 
0x1.b21e5f3d7d391p+10, 0x1.eed422706d506p+10, 0x1.f7f37ab324852p+10, 
0x1.ec421ff2e48e9p+10, 0x1.bc244da9003efp+10, 0x1.fae965a57646bp+10, 
0x1.042433269df98p+11, 0x1.f1c578dd616f8p+10, 0x1.b980a79fec99fp+10, 
0x1.fbeae18ac9f3p+10, 0x1.00ab2b841248dp+11, 0x1.f84f62c77574fp+10, 
0x1.baa5101b00368p+10, 0x1.fdd25b4edb2f6p+10, 0x1.0824a9888f862p+11, 
0x1.0d2f79830e3cep+11, 0x1.d4b6796bfca86p+10, 0x1.1145834091c08p+11, 
0x1.1943367e414e8p+11, 0x1.0fa253a1d324p+11, 0x1.d4243bddfcap+10, 
0x1.e5c8d349be8ffp+10, 0x1.1324ecb535009p+11, 0x1.f1080f98fa377p+10, 
0x1.cef5eac42e98ap+10, 0x1.073d65c91d14ep+11, 0x1.1ac478bbd3804p+11, 
0x1.1385041aac53bp+11, 0x1.019617635e743p+11, 0x1.2560f70bd017ep+11, 
0x1.29eabefd00714p+11, 0x1.20e00d92fb19ep+11, 0x1.f0d579b77c02bp+10, 
0x1.12438ce703afbp+11, 0x1.17a7e54f7a919p+11, 0x1.21dae5625a683p+11, 
0x1.e6d68eeae9ee4p+10, 0x1.104b34ca0c283p+11, 0x1.15e27765fd8aep+11
)), class = "data.frame", row.names = c(NA, -119L))
