structure(list(period_id = c("1995Q1", "1995Q2", "1995Q3", "1995Q4", 
"1996Q1", "1996Q2", "1996Q3", "1996Q4", "1997Q1", "1997Q2", "1997Q3", 
"1997Q4", "1998Q1", "1998Q2", "1998Q3", "1998Q4", "1999Q1", "1999Q2", 
"1999Q3", "1999Q4", "2000Q1", "2000Q2", "2000Q3", "2000Q4", "2001Q1", 
"2001Q2", "2001Q3", "2001Q4", "2002Q1", "2002Q2", "2002Q3", "2002Q4", 
"2003Q1", "2003Q2", "2003Q3", "2003Q4", "2004Q1", "2004Q2", "2004Q3", 
"2004Q4", "2005Q1", "2005Q2", "2005Q3", "2005Q4", "2006Q1", "2006Q2", 
"2006Q3", "2006Q4", "2007Q1", "2007Q2", "2007Q3", "2007Q4", "2008Q1", 
"2008Q2", "2008Q3", "2008Q4", "2009Q1", "2009Q2", "2009Q3", "2009Q4", 
"2010Q1", "2010Q2", "2010Q3", "2010Q4", "2011Q1", "2011Q2", "2011Q3", 
"2011Q4", "2012Q1", "2012Q2", "2012Q3", "2012Q4", "2013Q1", "2013Q2", 
"2013Q3", "2013Q4", "2014Q1", "2014Q2", "2014Q3", "2014Q4", "2015Q1", 
"2015Q2", "2015Q3", "2015Q4", "2016Q1", "2016Q2", "2016Q3", "2016Q4", 
"2017Q1", "2017Q2", "2017Q3", "2017Q4", "2018Q1", "2018Q2", "2018Q3", 
"2018Q4", "2019Q1", "2019Q2", "2019Q3", "2019Q4", "2020Q1", "2020Q2", 
"2020Q3", "2020Q4", "2021Q1", "2021Q2", "2021Q3", "2021Q4", "2022Q1", 
"2022Q2", "2022Q3", "2022Q4", "2023Q1", "2023Q2", "2023Q3", "2023Q4", 
"2024Q1", "2024Q2", "2024Q3"), value = c(NA, NA, NA, NA, 0x1.7d9f3cab81f97p+10, 
0x1.7f7debb341e15p+10, 0x1.819bf8a4c1ebdp+10, 0x1.866877af64064p+10, 
0x1.8904fdc5931cap+10, 0x1.8c1cb05faebc4p+10, 0x1.905ab97fe8ee7p+10, 
0x1.8daafec56d5dp+10, 0x1.8cd3ecbfb15b5p+10, 0x1.88173343fa2adp+10, 
0x1.89188c9b84556p+10, 0x1.8e8ef0a1be2b5p+10, 0x1.941ce3e6c4c59p+10, 
0x1.9cc172606fac6p+10, 0x1.9e0ff4c6e6d9cp+10, 0x1.9f8bfee2c98e5p+10, 
0x1.a496e81450efep+10, 0x1.a4ecb39e279ddp+10, 0x1.a60875c8d9f9p+10, 
0x1.a7f998b2e9ccbp+10, 0x1.aa460995aaf79p+10, 0x1.aed253825e13bp+10, 
0x1.b2918f7121ab5p+10, 0x1.b7932f8bdec5fp+10, 0x1.b21c5ef62f9cap+10, 
0x1.b08fcb46bacf7p+10, 0x1.b36c44d87725p+10, 0x1.b45860c38f367p+10, 
0x1.baedb167ec786p+10, 0x1.beed8b8f14db6p+10, 0x1.bef5221c8a7a4p+10, 
0x1.bffd5143bf727p+10, 0x1.bf0907faa044bp+10, 0x1.c27f454de7ea6p+10, 
0x1.c53118c9fb613p+10, 0x1.c813d3f9e7b81p+10, 0x1.cc4450d6b228ep+10, 
0x1.ccf51fafc8bp+10, 0x1.cd90886df82b2p+10, 0x1.ccfac0053e2d6p+10, 
0x1.c9231b2e59afap+10, 0x1.c8bcb7ed41b76p+10, 0x1.c810d2b2bfdb5p+10, 
0x1.c9c80f98fa377p+10, 0x1.d2912220bc383p+10, 0x1.d75d48a159818p+10, 
0x1.ddd3746cb966cp+10, 0x1.dffaa0dfdef85p+10, 0x1.e2c9fb9bed30fp+10, 
0x1.e65d394317accp+10, 0x1.ea565c1c6088dp+10, 0x1.f0dde68e3ef28p+10, 
0x1.f76873f316e37p+10, 0x1.fd93fc9bc7714p+10, 0x1.011a358298cc1p+11, 
0x1.0374616d6dc1ap+11, 0x1.ffaef4fd6d7e9p+10, 0x1.0378a2d948dc1p+11, 
0x1.0222b53f7ced9p+11, 0x1.027a6c8711d7ap+11, 0x1.fc91652bd3c36p+10, 
0x1.00f0cb2b777d1p+11, 0x1.00c4bac2df0d4p+11, 0x1.fe7d5510d38cep+10, 
0x1.0179838c111aep+11, 0x1.f8cc968943e1p+10, 0x1.f4b9732df505dp+10, 
0x1.e8f4e38eb0319p+10, 0x1.e469ea8112ba1p+10, 0x1.dc0871d606317p+10, 
0x1.da41bef49cf57p+10, 0x1.db315410f94c8p+10, 0x1.e3f85c3dee782p+10, 
0x1.dd4c06c43f5f9p+10, 0x1.da84952d234ecp+10, 0x1.d99bdc8b86b16p+10, 
0x1.dfeea30db6a1fp+10, 0x1.e08f3cab81f97p+10, 0x1.e1533b29a1bap+10, 
0x1.e31143b2dd378p+10, 0x1.eb6a5810624ddp+10, 0x1.ecb9f5f4e4431p+10, 
0x1.f0bcf8b9baa15p+10, 0x1.e79d85058dde8p+10, 0x1.e900618ce2d1fp+10, 
0x1.ee5364d7f0ed4p+10, 0x1.ea154573a7979p+10, 0x1.ece46ba8c5868p+10, 
0x1.ea9fffa3b9ae1p+10, 0x1.f0f9f7d30ad47p+10, 0x1.f86632441fea8p+10, 
0x1.06959478c868cp+11, 0x1.03c70e6f2e8cp+11, 0x1.0aca1170d62bfp+11, 
0x1.0c867540895d1p+11, 0x1.08ac9129888f8p+11, 0x1.0345c3f811f4fp+11, 
0x1.db195b6805a2dp+10, 0x1.06cc3fb58d152p+11, 0x1.e3ee17507e9d9p+10, 
0x1.000be0f3cb3e5p+11, 0x1.01c74dc011d36p+11, 0x1.0e48769014b5ap+11, 
0x1.0bf8a44a6223ep+11, 0x1.1cc96dbd72bcbp+11, 0x1.1f94034b0e1b5p+11, 
0x1.1d01f80346dc6p+11, 0x1.1843d204af923p+11, 0x1.12c1271151612p+11, 
0x1.0d36daccd5305p+11, 0x1.0bdd02645e4e7p+11, 0x1.188d478e9f6a9p+11, 
0x1.0d3f289331a09p+11, 0x1.0b6b56b00ffdap+11, 0x1.0a5425870da5ep+11
)), class = "data.frame", row.names = c(NA, -119L))
