structure(list(period_id = c("1995Q1", "1995Q2", "1995Q3", "1995Q4", 
"1996Q1", "1996Q2", "1996Q3", "1996Q4", "1997Q1", "1997Q2", "1997Q3", 
"1997Q4", "1998Q1", "1998Q2", "1998Q3", "1998Q4", "1999Q1", "1999Q2", 
"1999Q3", "1999Q4", "2000Q1", "2000Q2", "2000Q3", "2000Q4", "2001Q1", 
"2001Q2", "2001Q3", "2001Q4", "2002Q1", "2002Q2", "2002Q3", "2002Q4", 
"2003Q1", "2003Q2", "2003Q3", "2003Q4", "2004Q1", "2004Q2", "2004Q3", 
"2004Q4", "2005Q1", "2005Q2", "2005Q3", "2005Q4", "2006Q1", "2006Q2", 
"2006Q3", "2006Q4", "2007Q1", "2007Q2", "2007Q3", "2007Q4", "2008Q1", 
"2008Q2", "2008Q3", "2008Q4", "2009Q1", "2009Q2", "2009Q3", "2009Q4", 
"2010Q1", "2010Q2", "2010Q3", "2010Q4", "2011Q1", "2011Q2", "2011Q3", 
"2011Q4", "2012Q1", "2012Q2", "2012Q3", "2012Q4", "2013Q1", "2013Q2", 
"2013Q3", "2013Q4", "2014Q1", "2014Q2", "2014Q3", "2014Q4", "2015Q1", 
"2015Q2", "2015Q3", "2015Q4", "2016Q1", "2016Q2", "2016Q3", "2016Q4", 
"2017Q1", "2017Q2", "2017Q3", "2017Q4", "2018Q1", "2018Q2", "2018Q3", 
"2018Q4", "2019Q1", "2019Q2", "2019Q3", "2019Q4", "2020Q1", "2020Q2", 
"2020Q3", "2020Q4", "2021Q1", "2021Q2", "2021Q3", "2021Q4", "2022Q1", 
"2022Q2", "2022Q3", "2022Q4", "2023Q1", "2023Q2", "2023Q3", "2023Q4", 
"2024Q1", "2024Q2", "2024Q3", "2024Q4", "2025Q1"), value = c(NA, 
NA, NA, NA, 0x1.68aa77b6bb129p+12, 0x1.6b494a02b8412p+12, 0x1.70038123810e9p+12, 
0x1.755fe99b6f5cbp+12, 0x1.78d5334f82f51p+12, 0x1.80276694898f6p+12, 
0x1.8341a4a05dd9p+12, 0x1.8547b4aa9717ep+12, 0x1.87ad031ad2136p+12, 
0x1.89c2023315d7p+12, 0x1.8cf8c297bfa4cp+12, 0x1.9095666fd651bp+12, 
0x1.958ef09e98dcep+12, 0x1.a772a6ddf00acp+12, 0x1.9e466caab8a5dp+12, 
0x1.a4220d0353719p+12, 0x1.aa0b0a5accd53p+12, 0x1.ae79p+12, 0x1.b311ee6d9be4dp+12, 
0x1.b5e3d95aaf79p+12, 0x1.b88f0c985f06fp+12, 0x1.bc2d61437c569p+12, 
0x1.be95de8f6ceffp+12, 0x1.c10493fe1975fp+12, 0x1.c6766b0531983p+12, 
0x1.c7e4800eae18bp+12, 0x1.cc1005e0b4e12p+12, 0x1.d27e387485e3ep+12, 
0x1.d2d1224031487p+12, 0x1.d7625e108c3f4p+12, 0x1.dc4a54866a11fp+12, 
0x1.dfca9cae21102p+12, 0x1.e6bd44284dfcep+12, 0x1.ea3d663736cdfp+12, 
0x1.ef2efd933e35cp+12, 0x1.f2a0b86b15f89p+12, 0x1.f70cdfbc5de9cp+12, 
0x1.fe5b1c11e42e1p+12, 0x1.01bf83d9231c6p+13, 0x1.060668b86b16p+13, 
0x1.091767c4199fep+13, 0x1.0e5efbc126a66p+13, 0x1.13120e30caa32p+13, 
0x1.191b54b6a619ep+13, 0x1.1e23c93af74cdp+13, 0x1.225a23704790cp+13, 
0x1.2832505319829p+13, 0x1.2a451990afe61p+13, 0x1.2e590c1e364bfp+13, 
0x1.313b22cc2d6aap+13, 0x1.30c2576790321p+13, 0x1.263703e8dda49p+13, 
0x1.1724421fafc8bp+13, 0x1.14db3389b52p+13, 0x1.156ff24af0bf2p+13, 
0x1.1547c4dca8e2ep+13, 0x1.152c7bd0e12e8p+13, 0x1.18ebb496249a1p+13, 
0x1.198ba26b2f23p+13, 0x1.1ae42bbcb1cc9p+13, 0x1.1c753baa1511ep+13, 
0x1.1b3cb4f15e7c9p+13, 0x1.1af68ab5807ffp+13, 0x1.1b1a63a29c77ap+13, 
0x1.19eecdc5d6388p+13, 0x1.132b95b6805a3p+13, 0x1.13b77ac2df0d4p+13, 
0x1.0ed37f5515055p+13, 0x1.0f0d0b841248dp+13, 0x1.103d1f644955bp+13, 
0x1.1060ca737110ep+13, 0x1.15bbfbe8ff328p+13, 0x1.1564f7e34b945p+13, 
0x1.185d2fbb0e5e6p+13, 0x1.1a07736a400fcp+13, 0x1.1a5273faf4278p+13, 
0x1.1bbb16eb4e981p+13, 0x1.1e352088d6d3bp+13, 0x1.200c3292c4934p+13, 
0x1.20977a2df9379p+13, 0x1.243f4e1693c04p+13, 0x1.26cae5cf67b1cp+13, 
0x1.2966fac81d3aap+13, 0x1.2b9326a8fc0d3p+13, 0x1.31af3ba1b1961p+13, 
0x1.35beea63b688cp+13, 0x1.3853358644524p+13, 0x1.3e78610624dd3p+13, 
0x1.3f6f67ded6ba9p+13, 0x1.441dca90470a8p+13, 0x1.47fe56c8b4396p+13, 
0x1.4a4850eed02cdp+13, 0x1.4ee08810a569bp+13, 0x1.4e9a7f50e3476p+13, 
0x1.522810cbaf966p+13, 0x1.52f1960ae9681p+13, 0x1.4ad635568e821p+13, 
0x1.2a1f7204295a7p+13, 0x1.4cb3483126e98p+13, 0x1.45193f359ff5p+13, 
0x1.534a90bd017dbp+13, 0x1.57e6bd523b363p+13, 0x1.609a2e358298dp+13, 
0x1.654effa11a976p+13, 0x1.64dc9f559b3dp+13, 0x1.67699a94bbe44p+13, 
0x1.66f7fdbb9cf9ap+13, 0x1.683cf5eaee2p+13, 0x1.6ae2d55582129p+13, 
0x1.6fefd56b00ffep+13, 0x1.6fb4a05ccc89bp+13, 0x1.720c61f969e3dp+13, 
0x1.75718deca2553p+13, 0x1.73b2bde3fbbd8p+13, 0x1.7482751deefe5p+13, 
0x1.75a6d42a23cp+13, 0x1.728d8aada33bep+13)), class = "data.frame", row.names = c(NA, 
-121L))
