structure(list(period_id = c("2023M01", "2023M02", "2023M03", 
"2023M04", "2023M05", "2023M06", "2023M07", "2023M08", "2023M09", 
"2023M10", "2023M11", "2023M12", "2024M01", "2024M02", "2024M03", 
"2024M04", "2024M05", "2024M06", "2024M07", "2024M08", "2024M09", 
"2024M10", "2024M11", "2024M12", "2025M01", "2025M02", "2025M03", 
"2025M04", "2025M05"), value = c(0x1.2ee8f5c28f5c3p+11, 0x1.282a3d70a3d71p+11, 
0x1.2cb8a3d70a3d7p+11, 0x1.3bc23d70a3d71p+11, 0x1.3a223d70a3d71p+11, 
0x1.4236b851eb852p+11, 0x1.418d1eb851eb8p+11, 0x1.3dce666666666p+11, 
0x1.37b3333333333p+11, 0x1.3c847ae147ae1p+11, 0x1.3eb7ae147ae14p+11, 
0x1.63c1eb851eb85p+11, 0x1.418428f5c28f6p+11, 0x1.393d1eb851eb8p+11, 
0x1.3dc199999999ap+11, 0x1.429p+11, 0x1.4102e147ae148p+11, 0x1.51aa8f5c28f5cp+11, 
0x1.4f4199999999ap+11, 0x1.4939eb851eb85p+11, 0x1.462147ae147aep+11, 
0x1.4b74ccccccccdp+11, 0x1.5288a3d70a3d7p+11, 0x1.74c8f5c28f5c3p+11, 
0x1.6253d70a3d70ap+11, 0x1.5a8e147ae147bp+11, 0x1.606f0a3d70a3dp+11, 
0x1.674b851eb851fp+11, 0x1.643f5c28f5c29p+11)), class = "data.frame", row.names = c(NA, 
-29L))
