structure(list(period_id = c("1995Q1", "1995Q2", "1995Q3", "1995Q4", 
"1996Q1", "1996Q2", "1996Q3", "1996Q4", "1997Q1", "1997Q2", "1997Q3", 
"1997Q4", "1998Q1", "1998Q2", "1998Q3", "1998Q4", "1999Q1", "1999Q2", 
"1999Q3", "1999Q4", "2000Q1", "2000Q2", "2000Q3", "2000Q4", "2001Q1", 
"2001Q2", "2001Q3", "2001Q4", "2002Q1", "2002Q2", "2002Q3", "2002Q4", 
"2003Q1", "2003Q2", "2003Q3", "2003Q4", "2004Q1", "2004Q2", "2004Q3", 
"2004Q4", "2005Q1", "2005Q2", "2005Q3", "2005Q4", "2006Q1", "2006Q2", 
"2006Q3", "2006Q4", "2007Q1", "2007Q2", "2007Q3", "2007Q4", "2008Q1", 
"2008Q2", "2008Q3", "2008Q4", "2009Q1", "2009Q2", "2009Q3", "2009Q4", 
"2010Q1", "2010Q2", "2010Q3", "2010Q4", "2011Q1", "2011Q2", "2011Q3", 
"2011Q4", "2012Q1", "2012Q2", "2012Q3", "2012Q4", "2013Q1", "2013Q2", 
"2013Q3", "2013Q4", "2014Q1", "2014Q2", "2014Q3", "2014Q4", "2015Q1", 
"2015Q2", "2015Q3", "2015Q4", "2016Q1", "2016Q2", "2016Q3", "2016Q4", 
"2017Q1", "2017Q2", "2017Q3", "2017Q4", "2018Q1", "2018Q2", "2018Q3", 
"2018Q4", "2019Q1", "2019Q2", "2019Q3", "2019Q4", "2020Q1", "2020Q2", 
"2020Q3", "2020Q4", "2021Q1", "2021Q2", "2021Q3", "2021Q4", "2022Q1", 
"2022Q2", "2022Q3", "2022Q4", "2023Q1", "2023Q2", "2023Q3", "2023Q4", 
"2024Q1", "2024Q2", "2024Q3", "2024Q4", "2025Q1", "2025Q2"), 
    value = c(NA, NA, NA, NA, 0x1.193dffd1dcd7p+10, 0x1.1f992bb6672fcp+10, 
    0x1.25038e086bdf5p+10, 0x1.2cff54bcf0b6bp+10, 0x1.315b7ee9142b3p+10, 
    0x1.36c942c7fbacbp+10, 0x1.3a9688effe2a4p+10, 0x1.3cadbf8fcd68p+10, 
    0x1.3d53cde19fc2bp+10, 0x1.3bd872ead9275p+10, 0x1.3c04b5fa22707p+10, 
    0x1.3ae86455eaee2p+10, 0x1.3ba375e6362a6p+10, 0x1.40c60c9d9d346p+10, 
    0x1.45245653c9abbp+10, 0x1.4ba6b7f9d6f11p+10, 0x1.576f51deefe5p+10, 
    0x1.5b65c111ada77p+10, 0x1.61d295208e15p+10, 0x1.67331522a6f3fp+10, 
    0x1.678bb641700cep+10, 0x1.6d2e220ff5409p+10, 0x1.6edcc2ce46499p+10, 
    0x1.7069425f2021p+10, 0x1.76de2de870974p+10, 0x1.78d193d102bc7p+10, 
    0x1.7eb7fe1975f2dp+10, 0x1.83758a86d71f3p+10, 0x1.88f82f1a9fbe7p+10, 
    0x1.8c8ef162ae4bp+10, 0x1.936edbf487fccp+10, 0x1.9d0ab10fd7e46p+10, 
    0x1.a03ecf13cee9ep+10, 0x1.a57a1654d61b3p+10, 0x1.a9453dd97f62bp+10, 
    0x1.a86a6bd2b6f1ap+10, 0x1.ad3e64388ebccp+10, 0x1.b5cfe19fc2a88p+10, 
    0x1.b9a9c3f3e0371p+10, 0x1.c124f72f76e61p+10, 0x1.ca0d373affb05p+10, 
    0x1.d20f2d5e071c5p+10, 0x1.ddf6c050bd87bp+10, 0x1.e99c5286b5914p+10, 
    0x1.f2de2491afc05p+10, 0x1.fa4a2b1b36bd3p+10, 0x1.0277743e963dcp+11, 
    0x1.05a8f78140dd4p+11, 0x1.07f8052934acbp+11, 0x1.0adae455eaee2p+11, 
    0x1.078da773e24ffp+11, 0x1.e29b6fa82e87dp+10, 0x1.b8631d57ff9b5p+10, 
    0x1.b66b72cd7cf5fp+10, 0x1.bc5c4f9c1f85dp+10, 0x1.b9ac86a8fc0d3p+10, 
    0x1.c2eaa686e7e63p+10, 0x1.d7c42d948dc12p+10, 0x1.d9b57e06961c3p+10, 
    0x1.df6eb4bb5e0f8p+10, 0x1.e400b46bacf74p+10, 0x1.e150e2da554b9p+10, 
    0x1.e2057110e453dp+10, 0x1.dcf538ac18f82p+10, 0x1.d977dedf1e083p+10, 
    0x1.d57ab884406cp+10, 0x1.d75bd57796399p+10, 0x1.cd3e2b9d3cbc5p+10, 
    0x1.d2e58982cb21p+10, 0x1.d1d622af5771p+10, 0x1.ce2e47f562175p+10, 
    0x1.dae2838c111aep+10, 0x1.dc06bdd76683cp+10, 0x1.e4ab254e6e222p+10, 
    0x1.ea88a7b9170d6p+10, 0x1.efd99f559b3dp+10, 0x1.ef3cddca4b125p+10, 
    0x1.f092d5ed06fefp+10, 0x1.f7d1611ba3ca7p+10, 0x1.fb2722e5de15dp+10, 
    0x1.01556086bdf4cp+11, 0x1.066acb407032ap+11, 0x1.0807728c79f66p+11, 
    0x1.08ca4b4289119p+11, 0x1.11b0fc2a8869cp+11, 0x1.14ee0ded288cep+11, 
    0x1.19d6fe996312fp+11, 0x1.20d79a34ca0c3p+11, 0x1.1f6aa67620ee9p+11, 
    0x1.22e93fd0d0679p+11, 0x1.2559e91212514p+11, 0x1.289662003ab86p+11, 
    0x1.2fde674080f99p+11, 0x1.31fb46e8f29d4p+11, 0x1.3a0c427a63737p+11, 
    0x1.36d7299524bfdp+11, 0x1.39e5eece13f4bp+11, 0x1.0a1d931ca7d67p+11, 
    0x1.34e8007fed203p+11, 0x1.3b3a3ae03b3eap+11, 0x1.3d606eb2d0a24p+11, 
    0x1.3f0cb52220bc4p+11, 0x1.40cdb764f11b6p+11, 0x1.4a51007570c56p+11, 
    0x1.2ecf5b4cc2507p+11, 0x1.3b7929cbab64ap+11, 0x1.3ff4ce69f05eap+11, 
    0x1.3f9ff98fa3769p+11, 0x1.43bb125785f8dp+11, 0x1.468374c4cdfadp+11, 
    0x1.48104d551d68cp+11, 0x1.4a1f6642bf983p+11, 0x1.4fa2b517a4617p+11, 
    0x1.4d5e7913e8145p+11, 0x1.4fc6da16616b5p+11, 0x1.4fb95002e2329p+11, 
    0x1.4c7cb9dc2f406p+11, 0x1.4d8f02e019b0bp+11)), class = "data.frame", row.names = c(NA, 
-122L))
