structure(list(period_id = c("2004Q1", "2004Q2", "2004Q3", "2004Q4", 
"2005Q1", "2005Q2", "2005Q3", "2005Q4", "2006Q1", "2006Q2", "2006Q3", 
"2006Q4", "2007Q1", "2007Q2", "2007Q3", "2007Q4", "2008Q1", "2008Q2", 
"2008Q3", "2008Q4", "2009Q1", "2009Q2", "2009Q3", "2009Q4", "2010Q1", 
"2010Q2", "2010Q3", "2010Q4", "2011Q1", "2011Q2", "2011Q3", "2011Q4", 
"2012Q1", "2012Q2", "2012Q3", "2012Q4", "2013Q1", "2013Q2", "2013Q3", 
"2013Q4", "2014Q1", "2014Q2", "2014Q3", "2014Q4", "2015Q1", "2015Q2", 
"2015Q3", "2015Q4", "2016Q1", "2016Q2", "2016Q3", "2016Q4", "2017Q1", 
"2017Q2", "2017Q3", "2017Q4", "2018Q1", "2018Q2", "2018Q3", "2018Q4", 
"2019Q1", "2019Q2", "2019Q3", "2019Q4", "2020Q1", "2020Q2", "2020Q3", 
"2020Q4", "2021Q1", "2021Q2", "2021Q3", "2021Q4", "2022Q1", "2022Q2", 
"2022Q3", "2022Q4", "2023Q1", "2023Q2", "2023Q3", "2023Q4", "2024Q1", 
"2024Q2", "2024Q3", "2024Q4", "2025Q1"), value = c(0x1.ce947ae147ae1p+7, 
0x1.d51eb851eb852p+7, 0x1.dc33333333333p+7, 0x1.c8c28f5c28f5cp+7, 
0x1.21f0a3d70a3d7p+8, 0x1.2cd47ae147ae1p+8, 0x1.31d1eb851eb85p+8, 
0x1.524a3d70a3d71p+8, 0x1.654cccccccccdp+8, 0x1.8363d70a3d70ap+8, 
0x1.7b63d70a3d70ap+8, 0x1.7d66666666666p+8, 0x1.7fd999999999ap+8, 
0x1.95c51eb851eb8p+8, 0x1.9b11eb851eb85p+8, 0x1.9f5eb851eb852p+8, 
0x1.8e0a3d70a3d71p+8, 0x1.9911eb851eb85p+8, 0x1.93c7ae147ae14p+8, 
0x1.92947ae147ae1p+8, 0x1.801eb851eb852p+8, 0x1.857ae147ae148p+8, 
0x1.7dee147ae147bp+8, 0x1.8f2147ae147aep+8, 0x1.77c51eb851eb8p+8, 
0x1.6b451eb851eb8p+8, 0x1.78f5c28f5c28fp+8, 0x1.798p+8, 0x1.656b851eb851fp+8, 
0x1.7266666666666p+8, 0x1.783d70a3d70a4p+8, 0x1.826e147ae147bp+8, 
0x1.5b828f5c28f5cp+8, 0x1.6773333333333p+8, 0x1.6adeb851eb852p+8, 
0x1.8235c28f5c28fp+8, 0x1.528a3d70a3d71p+8, 0x1.53c51eb851eb8p+8, 
0x1.58570a3d70a3dp+8, 0x1.7ed70a3d70a3dp+8, 0x1.650a3d70a3d71p+8, 
0x1.7fe6666666666p+8, 0x1.77970a3d70a3dp+8, 0x1.8ce8f5c28f5c3p+8, 
0x1.87828f5c28f5cp+8, 0x1.8f5eb851eb852p+8, 0x1.99p+8, 0x1.9d147ae147ae1p+8, 
0x1.a0fae147ae148p+8, 0x1.a1e3d70a3d70ap+8, 0x1.acfd70a3d70a4p+8, 
0x1.bd28f5c28f5c3p+8, 0x1.c11eb851eb852p+8, 0x1.b65eb851eb852p+8, 
0x1.c72b851eb851fp+8, 0x1.ceee147ae147bp+8, 0x1.d830a3d70a3d7p+8, 
0x1.e80f5c28f5c29p+8, 0x1.ed8cccccccccdp+8, 0x1.fc451eb851eb8p+8, 
0x1.eadeb851eb852p+8, 0x1.f5ca3d70a3d71p+8, 0x1.08d70a3d70a3dp+9, 
0x1.25628f5c28f5cp+9, 0x1.27b5c28f5c28fp+9, 0x1.33d70a3d70a3dp+9, 
0x1.2cdd70a3d70a4p+9, 0x1.39e6666666666p+9, 0x1.34651eb851eb8p+9, 
0x1.3ab0a3d70a3d7p+9, 0x1.4d87ae147ae14p+9, 0x1.512a3d70a3d71p+9, 
0x1.50d999999999ap+9, 0x1.546cccccccccdp+9, 0x1.5cfd70a3d70a4p+9, 
0x1.71c3d70a3d70ap+9, 0x1.6947ae147ae14p+9, 0x1.683eb851eb852p+9, 
0x1.815999999999ap+9, 0x1.83d70a3d70a3dp+9, 0x1.838p+9, 0x1.8cacccccccccdp+9, 
0x1.95c8f5c28f5c3p+9, 0x1.97eb851eb851fp+9, 0x1.99d1eb851eb85p+9
)), class = "data.frame", row.names = c(NA, -85L))
