structure(list(period_id = c("1995Q1", "1995Q2", "1995Q3", "1995Q4", 
"1996Q1", "1996Q2", "1996Q3", "1996Q4", "1997Q1", "1997Q2", "1997Q3", 
"1997Q4", "1998Q1", "1998Q2", "1998Q3", "1998Q4", "1999Q1", "1999Q2", 
"1999Q3", "1999Q4", "2000Q1", "2000Q2", "2000Q3", "2000Q4", "2001Q1", 
"2001Q2", "2001Q3", "2001Q4", "2002Q1", "2002Q2", "2002Q3", "2002Q4", 
"2003Q1", "2003Q2", "2003Q3", "2003Q4", "2004Q1", "2004Q2", "2004Q3", 
"2004Q4", "2005Q1", "2005Q2", "2005Q3", "2005Q4", "2006Q1", "2006Q2", 
"2006Q3", "2006Q4", "2007Q1", "2007Q2", "2007Q3", "2007Q4", "2008Q1", 
"2008Q2", "2008Q3", "2008Q4", "2009Q1", "2009Q2", "2009Q3", "2009Q4", 
"2010Q1", "2010Q2", "2010Q3", "2010Q4", "2011Q1", "2011Q2", "2011Q3", 
"2011Q4", "2012Q1", "2012Q2", "2012Q3", "2012Q4", "2013Q1", "2013Q2", 
"2013Q3", "2013Q4", "2014Q1", "2014Q2", "2014Q3", "2014Q4", "2015Q1", 
"2015Q2", "2015Q3", "2015Q4", "2016Q1", "2016Q2", "2016Q3", "2016Q4", 
"2017Q1", "2017Q2", "2017Q3", "2017Q4", "2018Q1", "2018Q2", "2018Q3", 
"2018Q4", "2019Q1", "2019Q2", "2019Q3", "2019Q4", "2020Q1", "2020Q2", 
"2020Q3", "2020Q4", "2021Q1", "2021Q2", "2021Q3", "2021Q4", "2022Q1", 
"2022Q2", "2022Q3", "2022Q4", "2023Q1", "2023Q2", "2023Q3", "2023Q4", 
"2024Q1", "2024Q2", "2024Q3", "2024Q4", "2025Q1"), value = c(NA, 
NA, NA, NA, 0x1.b2eeba7546d4p+11, 0x1.aa23fe1975f2dp+11, 0x1.b038817fc7608p+11, 
0x1.af126f39085f5p+11, 0x1.b344c95bff045p+11, 0x1.bf5bcdf8b1572p+11, 
0x1.bcb1cb7b28955p+11, 0x1.bcf4a543f1c76p+11, 0x1.bbc55bd944aa5p+11, 
0x1.bf0ced4c33b54p+11, 0x1.cb69bb7521145p+11, 0x1.d48a57dbf488p+11, 
0x1.dc319c3efae79p+11, 0x1.ef5250bd87b57p+11, 0x1.e0b55ccc89b0fp+11, 
0x1.e505652370479p+11, 0x1.e47626b723ee2p+11, 0x1.da19820c49ba6p+11, 
0x1.e4a2a88ce703bp+11, 0x1.e253f8ee28672p+11, 0x1.e694d8eeae9eep+11, 
0x1.eef99c92ddbdbp+11, 0x1.ea99e9a4df48p+11, 0x1.efd399b2c40d1p+11, 
0x1.f129933e35c5bp+11, 0x1.f44d77a7008a7p+11, 0x1.f74c5c39bcba3p+11, 
0x1.fabfa44c7b02dp+11, 0x1.fc5cfbfe7e1fcp+11, 0x1.04a347f66e86cp+12, 
0x1.0770be1975f2dp+12, 0x1.07949e15ca6cap+12, 0x1.07037c9de0503p+12, 
0x1.0a5d4a85caafcp+12, 0x1.0e8120c38f367p+12, 0x1.0fd24d48882f1p+12, 
0x1.0fe118afc47e5p+12, 0x1.145517603925cp+12, 0x1.0db47bcd35a86p+12, 
0x1.14e5145b6c376p+12, 0x1.15a487f993d53p+12, 0x1.15a34ba301217p+12, 
0x1.128df2b12d341p+12, 0x1.187ed334c5da7p+12, 0x1.22363dcbddb98p+12, 
0x1.25d37a5c1c609p+12, 0x1.2d07f5f2cb641p+12, 0x1.2be089b52007ep+12, 
0x1.2d9508f10a99bp+12, 0x1.31587399f5dffp+12, 0x1.315f5af6c69b6p+12, 
0x1.30e9b34f82f51p+12, 0x1.33009e093532ep+12, 0x1.348b42f1ed17cp+12, 
0x1.39af370de8f6dp+12, 0x1.39df7b02d59d5p+12, 0x1.397e6d234eb9ap+12, 
0x1.3a250f227d029p+12, 0x1.38feac7da1ec5p+12, 0x1.3bb9cdfdef848p+12, 
0x1.3c0cb28e92d56p+12, 0x1.3a3d467381d7ep+12, 0x1.3ef4cac6cdaf5p+12, 
0x1.38bf6fe3f35ap+12, 0x1.427e2d5171e2ap+12, 0x1.3368d17a46174p+12, 
0x1.2fbe3ecedd484p+12, 0x1.2dfea58d5842bp+12, 0x1.29e8105c03361p+12, 
0x1.296c87a4a48f9p+12, 0x1.284c5f0a1be2bp+12, 0x1.2a030893b7d85p+12, 
0x1.2c91324e9c454p+12, 0x1.2b5a54fce746dp+12, 0x1.2b6b876295209p+12, 
0x1.2e12f20d9945bp+12, 0x1.2f1ff080303cp+12, 0x1.31e4345069a4ep+12, 
0x1.35a0d8d9b5e96p+12, 0x1.34e379873ffacp+12, 0x1.3a46df88fc936p+12, 
0x1.3dcc57b0f6ad7p+12, 0x1.405921fc08fa8p+12, 0x1.441da355043e5p+12, 
0x1.441390763a19p+12, 0x1.4688dc75818c6p+12, 0x1.48c8b4e3369bap+12, 
0x1.4bb043f4eca68p+12, 0x1.4e76449fd7a14p+12, 0x1.50dd954eb13ep+12, 
0x1.5355e26f60e0fp+12, 0x1.592466eeb7026p+12, 0x1.61cce1e71044fp+12, 
0x1.62b1dc3ce208ap+12, 0x1.655b8e7ff583ap+12, 0x1.6603cd5d80e49p+12, 
0x1.639fa224edf61p+12, 0x1.36c7bad9f0a1cp+12, 0x1.64dfcc77dd873p+12, 
0x1.3c049c1f85d74p+12, 0x1.5ef22a9a3d2d8p+12, 0x1.616ad759ee88ep+12, 
0x1.820706b69db66p+12, 0x1.841b64da09cc3p+12, 0x1.84a1082385404p+12, 
0x1.86a33102363b2p+12, 0x1.877a0c35ce182p+12, 0x1.86ce9477bbf94p+12, 
0x1.877c32a172abfp+12, 0x1.85f6a21a719b5p+12, 0x1.86c08dc011d36p+12, 
0x1.8972e1b6d43dp+12, 0x1.8bf6a221c8a7ap+12, 0x1.8cc1a188b1141p+12, 
0x1.8dc56c9081c2ep+12, 0x1.8e20d9d883ba3p+12, 0x1.8dfdb9e7b80aap+12
)), class = "data.frame", row.names = c(NA, -121L))
