structure(list(period_id = c("2008Q1", "2008Q2", "2008Q3", "2008Q4", 
"2009Q1", "2009Q2", "2009Q3", "2009Q4", "2010Q1", "2010Q2", "2010Q3", 
"2010Q4", "2011Q1", "2011Q2", "2011Q3", "2011Q4", "2012Q1", "2012Q2", 
"2012Q3", "2012Q4", "2013Q1", "2013Q2", "2013Q3", "2013Q4", "2014Q1", 
"2014Q2", "2014Q3", "2014Q4", "2015Q1", "2015Q2", "2015Q3", "2015Q4", 
"2016Q1", "2016Q2", "2016Q3", "2016Q4", "2017Q1", "2017Q2", "2017Q3", 
"2017Q4", "2018Q1", "2018Q2", "2018Q3", "2018Q4", "2019Q1", "2019Q2", 
"2019Q3", "2019Q4", "2020Q1", "2020Q2", "2020Q3", "2020Q4", "2021Q1", 
"2021Q2", "2021Q3", "2021Q4", "2022Q1", "2022Q2", "2022Q3", "2022Q4", 
"2023Q1", "2023Q2", "2023Q3", "2023Q4", "2024Q1", "2024Q2", "2024Q3", 
"2024Q4", "2025Q1"), value = c(0x1.86p+7, 0x1.9p+7, 0x1.96p+7, 
0x1.9ap+7, 0x1.96p+7, 0x1.a2p+7, 0x1.acp+7, 0x1.acp+7, 0x1.aep+7, 
0x1.a4p+7, 0x1.a8p+7, 0x1.aap+7, 0x1.88p+7, 0x1.8ep+7, 0x1.9ap+7, 
0x1.9cp+7, 0x1.a2p+7, 0x1.98p+7, 0x1.a6p+7, 0x1.acp+7, 0x1.9p+7, 
0x1.a8p+7, 0x1.aep+7, 0x1.acp+7, 0x1.bp+7, 0x1.c4p+7, 0x1.bep+7, 
0x1.cp+7, 0x1.bep+7, 0x1.ccp+7, 0x1.cap+7, 0x1.c4p+7, 0x1.ccp+7, 
0x1.d8p+7, 0x1.dp+7, 0x1.ep+7, 0x1.e8p+7, 0x1.fap+7, 0x1.02p+8, 
0x1.04p+8, 0x1.05p+8, 0x1.11p+8, 0x1.11p+8, 0x1.12p+8, 0x1.0cp+8, 
0x1.14p+8, 0x1.0ep+8, 0x1.11p+8, 0x1.12p+8, 0x1.1dp+8, 0x1.18p+8, 
0x1.25p+8, 0x1.19p+8, 0x1.24p+8, 0x1.1fp+8, 0x1.2p+8, 0x1.23p+8, 
0x1.2ap+8, 0x1.24p+8, 0x1.21p+8, 0x1.2p+8, 0x1.2fp+8, 0x1.26p+8, 
0x1.2cp+8, 0x1.2fp+8, 0x1.3p+8, 0x1.2dp+8, 0x1.2fp+8, 0x1.3ap+8
)), class = "data.frame", row.names = c(NA, -69L))
