structure(list(period_id = c("1995Q1", "1995Q2", "1995Q3", "1995Q4", 
"1996Q1", "1996Q2", "1996Q3", "1996Q4", "1997Q1", "1997Q2", "1997Q3", 
"1997Q4", "1998Q1", "1998Q2", "1998Q3", "1998Q4", "1999Q1", "1999Q2", 
"1999Q3", "1999Q4", "2000Q1", "2000Q2", "2000Q3", "2000Q4", "2001Q1", 
"2001Q2", "2001Q3", "2001Q4", "2002Q1", "2002Q2", "2002Q3", "2002Q4", 
"2003Q1", "2003Q2", "2003Q3", "2003Q4", "2004Q1", "2004Q2", "2004Q3", 
"2004Q4", "2005Q1", "2005Q2", "2005Q3", "2005Q4", "2006Q1", "2006Q2", 
"2006Q3", "2006Q4", "2007Q1", "2007Q2", "2007Q3", "2007Q4", "2008Q1", 
"2008Q2", "2008Q3", "2008Q4", "2009Q1", "2009Q2", "2009Q3", "2009Q4", 
"2010Q1", "2010Q2", "2010Q3", "2010Q4", "2011Q1", "2011Q2", "2011Q3", 
"2011Q4", "2012Q1", "2012Q2", "2012Q3", "2012Q4", "2013Q1", "2013Q2", 
"2013Q3", "2013Q4", "2014Q1", "2014Q2", "2014Q3", "2014Q4", "2015Q1", 
"2015Q2", "2015Q3", "2015Q4", "2016Q1", "2016Q2", "2016Q3", "2016Q4", 
"2017Q1", "2017Q2", "2017Q3", "2017Q4", "2018Q1", "2018Q2", "2018Q3", 
"2018Q4", "2019Q1", "2019Q2", "2019Q3", "2019Q4", "2020Q1", "2020Q2", 
"2020Q3", "2020Q4", "2021Q1", "2021Q2", "2021Q3", "2021Q4", "2022Q1", 
"2022Q2", "2022Q3", "2022Q4", "2023Q1", "2023Q2", "2023Q3", "2023Q4", 
"2024Q1", "2024Q2", "2024Q3", "2024Q4", "2025Q1"), value = c(0x1.f793519bd4068p+9, 
0x1.09ae19ce075f7p+10, 0x1.07d687d6f9768p+10, 0x1.188a9118c197ep+10, 
0x1.1d1e8a009f623p+10, 0x1.30077460242dp+10, 0x1.354ea48f96e16p+10, 
0x1.373daa369fcf4p+10, 0x1.481ccd24e160ep+10, 0x1.65292d5171e2ap+10, 
0x1.719fc17a89332p+10, 0x1.767e1c10d7beap+10, 0x1.973dc083126e9p+10, 
0x1.85ea9b1fab96fp+10, 0x1.8c6af5b1c8649p+10, 0x1.9ad4f7d30ad47p+10, 
0x1.8f6146e4c0df6p+10, 0x1.de6469014b59ap+10, 0x1.a2d766d373bp+10, 
0x1.d6b7148fd9fd3p+10, 0x1.fd4b46e8f29d4p+10, 0x1.05cd6adf71ebp+11, 
0x1.1cf4576ee73e7p+11, 0x1.20f2158537e2cp+11, 0x1.24c23b1290258p+11, 
0x1.2d0ef44d44567p+11, 0x1.2e59356b87379p+11, 0x1.2ab88d173fb7ap+11, 
0x1.37483be6601bdp+11, 0x1.388235d031056p+11, 0x1.42a9524180d3dp+11, 
0x1.4b570a2446306p+11, 0x1.54034c2938de7p+11, 0x1.53625918a009fp+11, 
0x1.5f6ee358298ccp+11, 0x1.672a8ac9f2fdcp+11, 0x1.7969dee136e72p+11, 
0x1.a5dfbecaab8a6p+11, 0x1.add29e6ab9b24p+11, 0x1.bb2e308787486p+11, 
0x1.b782dc33721d5p+11, 0x1.ca25a2e1ac57ep+11, 0x1.e3f67674d1633p+11, 
0x1.00414944ed6fep+12, 0x1.06d7bf50e3476p+12, 0x1.07c53605ab3abp+12, 
0x1.17493eb8d8234p+12, 0x1.2b7fe175d13d7p+12, 0x1.38ef0bccf28c8p+12, 
0x1.43e9c7b45f17cp+12, 0x1.4fd8e30caa327p+12, 0x1.4fb6df6db941p+12, 
0x1.5b029c768dfbdp+12, 0x1.6b31c29f16b12p+12, 0x1.6c6962da554b9p+12, 
0x1.37ba942c3c9efp+12, 0x1.00a6b55bccaf7p+12, 0x1.f2a4adcf4623dp+11, 
0x1.0bc146fcdee35p+12, 0x1.0ede779d909f2p+12, 0x1.13ab0cccccccdp+12, 
0x1.2834e1059ea57p+12, 0x1.3429455864452p+12, 0x1.40413bd380453p+12, 
0x1.4aaa34dbdf8f4p+12, 0x1.5235d5eaee2p+12, 0x1.58a643fc43b2ep+12, 
0x1.562e2ceaaf35ep+12, 0x1.53f3cf55de58ep+12, 0x1.4c4855ad106eep+12, 
0x1.4bee02e9899bfp+12, 0x1.49a846327ed85p+12, 0x1.51361d5e4a383p+12, 
0x1.4d565552e2fbep+12, 0x1.4a0cbc6fbd274p+12, 0x1.532688bc9cd3ep+12, 
0x1.5064fdc5931cap+12, 0x1.4be2721e603d5p+12, 0x1.59de23c31df76p+12, 
0x1.5a6d3bf401c5p+12, 0x1.5a43ffe4bcadap+12, 0x1.5c41051223183p+12, 
0x1.5e574573a7979p+12, 0x1.5db950cc35ce2p+12, 0x1.62d8b31b152f4p+12, 
0x1.65e662962cfd9p+12, 0x1.705cd1f2dc2b1p+12, 0x1.7c89b5158b828p+12, 
0x1.94c25907d9125p+12, 0x1.9bb0e3ec02f3p+12, 0x1.a5b84fca42aedp+12, 
0x1.ba3d3980f55dep+12, 0x1.c248cd2f5dbbap+12, 0x1.cda2f74ff865dp+12, 
0x1.d031b97aaac11p+12, 0x1.e28ad208e1501p+12, 0x1.e15b49a240315p+12, 
0x1.e450051116a8cp+12, 0x1.eabd60f3cb3e5p+12, 0x1.d7f5c9eecbfb1p+12, 
0x1.c9fd73a68b19ap+12, 0x1.68f263f67f4dcp+12, 0x1.a8e874df04ddbp+12, 
0x1.c1e569bae46dp+12, 0x1.e07ae12620254p+12, 0x1.029c435935fc4p+13, 
0x1.0bfde90d5a5b9p+13, 0x1.28e2f5cd0bb6fp+13, 0x1.482fbe4de3b8ap+13, 
0x1.60d06f9335d25p+13, 0x1.686bce746cb96p+13, 0x1.63acd2db1e9f2p+13, 
0x1.5197eb9346994p+13, 0x1.3e3d32d3c792dp+13, 0x1.351c964c729f6p+13, 
0x1.42757d388a8b1p+13, 0x1.4681f46994185p+13, 0x1.49e7230b9dc2fp+13, 
0x1.455a8157689cap+13, 0x1.41a00f284167bp+13, 0x1.4dc0d308bb906p+13
)), class = "data.frame", row.names = c(NA, -121L))
