structure(list(period_id = c("1995Q1", "1995Q2", "1995Q3", "1995Q4", 
"1996Q1", "1996Q2", "1996Q3", "1996Q4", "1997Q1", "1997Q2", "1997Q3", 
"1997Q4", "1998Q1", "1998Q2", "1998Q3", "1998Q4", "1999Q1", "1999Q2", 
"1999Q3", "1999Q4", "2000Q1", "2000Q2", "2000Q3", "2000Q4", "2001Q1", 
"2001Q2", "2001Q3", "2001Q4", "2002Q1", "2002Q2", "2002Q3", "2002Q4", 
"2003Q1", "2003Q2", "2003Q3", "2003Q4", "2004Q1", "2004Q2", "2004Q3", 
"2004Q4", "2005Q1", "2005Q2", "2005Q3", "2005Q4", "2006Q1", "2006Q2", 
"2006Q3", "2006Q4", "2007Q1", "2007Q2", "2007Q3", "2007Q4", "2008Q1", 
"2008Q2", "2008Q3", "2008Q4", "2009Q1", "2009Q2", "2009Q3", "2009Q4", 
"2010Q1", "2010Q2", "2010Q3", "2010Q4", "2011Q1", "2011Q2", "2011Q3", 
"2011Q4", "2012Q1", "2012Q2", "2012Q3", "2012Q4", "2013Q1", "2013Q2", 
"2013Q3", "2013Q4", "2014Q1", "2014Q2", "2014Q3", "2014Q4", "2015Q1", 
"2015Q2", "2015Q3", "2015Q4", "2016Q1", "2016Q2", "2016Q3", "2016Q4", 
"2017Q1", "2017Q2", "2017Q3", "2017Q4", "2018Q1", "2018Q2", "2018Q3", 
"2018Q4", "2019Q1", "2019Q2", "2019Q3", "2019Q4", "2020Q1", "2020Q2", 
"2020Q3", "2020Q4", "2021Q1", "2021Q2", "2021Q3", "2021Q4", "2022Q1", 
"2022Q2", "2022Q3", "2022Q4", "2023Q1", "2023Q2", "2023Q3", "2023Q4", 
"2024Q1", "2024Q2", "2024Q3", "2024Q4"), value = c(0x1.76ed916872b02p+9, 
0x1.75a624dd2f1aap+9, 0x1.74047ae147ae1p+9, 0x1.72a9374bc6a7fp+9, 
0x1.71872b020c49cp+9, 0x1.706fdf3b645a2p+9, 0x1.6ecdd2f1a9fbep+9, 
0x1.6d4b020c49ba6p+9, 0x1.65fbc6a7ef9dbp+9, 0x1.658604189374cp+9, 
0x1.68a70a3d70a3dp+9, 0x1.681f3b645a1cbp+9, 0x1.6734bc6a7ef9ep+9, 
0x1.66e4395810625p+9, 0x1.6795604189375p+9, 0x1.68578d4fdf3b6p+9, 
0x1.6a2624dd2f1aap+9, 0x1.6c1f5c28f5c29p+9, 0x1.6dceb851eb852p+9, 
0x1.701b439581062p+9, 0x1.7295e353f7ceep+9, 0x1.74c3f7ced9168p+9, 
0x1.771bc6a7ef9dbp+9, 0x1.78926e978d4fep+9, 0x1.796e147ae147bp+9, 
0x1.7a1ba5e353f7dp+9, 0x1.7a510624dd2f2p+9, 0x1.7a3c083126e98p+9, 
0x1.7f12f1a9fbe77p+9, 0x1.7f1b851eb851fp+9, 0x1.7f772b020c49cp+9, 
0x1.7fd0624dd2f1bp+9, 0x1.7fd3f7ced9168p+9, 0x1.7feae147ae148p+9, 
0x1.7faef9db22d0ep+9, 0x1.7fb5e353f7ceep+9, 0x1.80ec083126e98p+9, 
0x1.814dd2f1a9fbep+9, 0x1.82b6c8b439581p+9, 0x1.82aa5e353f7cfp+9, 
0x1.811374bc6a7fp+9, 0x1.8182d0e560419p+9, 0x1.810cccccccccdp+9, 
0x1.8224bc6a7ef9ep+9, 0x1.84376c8b43958p+9, 0x1.85ed70a3d70a4p+9, 
0x1.8856666666666p+9, 0x1.8b92b020c49bap+9, 0x1.8faf1a9fbe76dp+9, 
0x1.9371a9fbe76c9p+9, 0x1.978d2f1a9fbe7p+9, 0x1.9a8872b020c4ap+9, 
0x1.9db78d4fdf3b6p+9, 0x1.a0d0a3d70a3d7p+9, 0x1.a203d70a3d70ap+9, 
0x1.a196872b020c5p+9, 0x1.9d0999999999ap+9, 0x1.97bb020c49ba6p+9, 
0x1.938db22d0e56p+9, 0x1.8fdb020c49ba6p+9, 0x1.8e9e76c8b4396p+9, 
0x1.8c304189374bcp+9, 0x1.89fe978d4fdf4p+9, 0x1.874p+9, 0x1.850624dd2f1aap+9, 
0x1.8315a1cac0831p+9, 0x1.8273333333333p+9, 0x1.813624dd2f1aap+9, 
0x1.8162f1a9fbe77p+9, 0x1.7f847ae147ae1p+9, 0x1.7c810624dd2f2p+9, 
0x1.7986666666666p+9, 0x1.74a999999999ap+9, 0x1.732c6a7ef9db2p+9, 
0x1.72de147ae147bp+9, 0x1.72fba5e353f7dp+9, 0x1.73cf1a9fbe76dp+9, 
0x1.754624dd2f1aap+9, 0x1.756ef9db22d0ep+9, 0x1.781f1a9fbe76dp+9, 
0x1.791c083126e98p+9, 0x1.796ac083126e9p+9, 0x1.7b7c6a7ef9db2p+9, 
0x1.7ca47ae147ae1p+9, 0x1.7e49db22d0e56p+9, 0x1.81dae147ae148p+9, 
0x1.849d70a3d70a4p+9, 0x1.87a624dd2f1aap+9, 0x1.8a3b851eb851fp+9, 
0x1.8e345a1cac083p+9, 0x1.91bf5c28f5c29p+9, 0x1.94d810624dd2fp+9, 
0x1.98a3f7ced9168p+9, 0x1.9bc51eb851eb8p+9, 0x1.9e4p+9, 0x1.a25395810624ep+9, 
0x1.a58f9db22d0e5p+9, 0x1.a760624dd2f1bp+9, 0x1.a9bf5c28f5c29p+9, 
0x1.a994395810625p+9, 0x1.aa4c8b439581p+9, 0x1.a26d2f1a9fbe7p+9, 
0x1.a1c74bc6a7efap+9, 0x1.a40916872b021p+9, 0x1.a50ef9db22d0ep+9, 
0x1.a7d8f5c28f5c3p+9, 0x1.ab06c8b439581p+9, 0x1.add74bc6a7efap+9, 
0x1.b1bb22d0e5604p+9, 0x1.b3a3126e978d5p+9, 0x1.b5472b020c49cp+9, 
0x1.b69fbe76c8b44p+9, 0x1.b8924dd2f1aap+9, 0x1.b8f6666666666p+9, 
0x1.b9a5a1cac0831p+9, 0x1.ba420c49ba5e3p+9, 0x1.b991eb851eb85p+9, 
0x1.b8d2f1a9fbe77p+9, 0x1.b856a7ef9db23p+9, 0x1.b7910624dd2f2p+9
)), class = "data.frame", row.names = c(NA, -120L))
