structure(list(period_id = c("2000", "2001", "2002", "2003", 
"2004", "2005", "2006", "2007", "2008", "2009", "2010", "2011", 
"2012", "2013", "2014", "2015", "2016", "2017", "2018", "2019", 
"2020", "2021", "2022"), value = c(0x1.855495bff0457p+10, 0x1.6966f9873ffacp+10, 
0x1.79c6bf2b239a4p+10, 0x1.aefaa0cae642cp+10, 0x1.db7230e7ff584p+10, 
0x1.cf752b4d8ba41p+10, 0x1.1a25d8f7121abp+11, 0x1.5c11c827b6fe3p+11, 
0x1.8c30bc8c0ce92p+11, 0x1.e8577720c8cd6p+10, 0x1.737b915bdd767p+10, 
0x1.6ee70a0b1bbcfp+10, 0x1.255ee79ee02a7p+10, 0x1.186e8ba40d90ep+10, 
0x1.3442ca148ba84p+10, 0x1.59b7d2135daadp+10, 0x1.93544091c0874p+10, 
0x1.bbf3d0fa58f71p+10, 0x1.d82aa19008206p+10, 0x1.c9d22f05a708fp+10, 
0x1.dc06592d98bf8p+10, 0x1.fbee5a7d24181p+10, 0x1.35a2d4c985f07p+11
)), class = "data.frame", row.names = c(NA, -23L))
