structure(list(period_id = c("1999Q1", "1999Q2", "1999Q3", "1999Q4", 
"2000Q1", "2000Q2", "2000Q3", "2000Q4", "2001Q1", "2001Q2", "2001Q3", 
"2001Q4", "2002Q1", "2002Q2", "2002Q3", "2002Q4", "2003Q1", "2003Q2", 
"2003Q3", "2003Q4", "2004Q1", "2004Q2", "2004Q3", "2004Q4", "2005Q1", 
"2005Q2", "2005Q3", "2005Q4", "2006Q1", "2006Q2", "2006Q3", "2006Q4", 
"2007Q1", "2007Q2", "2007Q3", "2007Q4", "2008Q1", "2008Q2", "2008Q3", 
"2008Q4", "2009Q1", "2009Q2", "2009Q3", "2009Q4", "2010Q1", "2010Q2", 
"2010Q3", "2010Q4", "2011Q1", "2011Q2", "2011Q3", "2011Q4", "2012Q1", 
"2012Q2", "2012Q3", "2012Q4", "2013Q1", "2013Q2", "2013Q3", "2013Q4", 
"2014Q1", "2014Q2", "2014Q3", "2014Q4", "2015Q1", "2015Q2", "2015Q3", 
"2015Q4", "2016Q1", "2016Q2", "2016Q3", "2016Q4", "2017Q1", "2017Q2", 
"2017Q3", "2017Q4", "2018Q1", "2018Q2", "2018Q3", "2018Q4", "2019Q1", 
"2019Q2", "2019Q3", "2019Q4", "2020Q1", "2020Q2", "2020Q3", "2020Q4", 
"2021Q1", "2021Q2", "2021Q3", "2021Q4", "2022Q1", "2022Q2", "2022Q3", 
"2022Q4", "2023Q1", "2023Q2", "2023Q3", "2023Q4", "2024Q1", "2024Q2", 
"2024Q3", "2024Q4", "2025Q1"), value = c(0x1.b63f5feda6613p+10, 
0x1.dbc39070fbebap+10, 0x1.d2156ab5807ffp+10, 0x1.003ca426bb55bp+11, 
0x1.cf595ed06fef8p+10, 0x1.0694d8969a0aep+11, 0x1.00c8d29131ec1p+11, 
0x1.1819eb3fe9faep+11, 0x1.064c1d883ba34p+11, 0x1.288616b97fe8fp+11, 
0x1.20b5bf6a0dbadp+11, 0x1.3f3b0bc7b45f1p+11, 0x1.2c1307ce95fabp+11, 
0x1.4aa10e8a71de7p+11, 0x1.48a959fd36f7ep+11, 0x1.66f0ed45e9186p+11, 
0x1.4235486cebbbap+11, 0x1.6e9e1cb6848bfp+11, 0x1.63e87359ff4fdp+11, 
0x1.7bf2b5c9e6688p+11, 0x1.5bfe7498c3b0cp+11, 0x1.822551351159cp+11, 
0x1.83f1042fa5094p+11, 0x1.a20cb4959e625p+11, 0x1.745faa9717df2p+11, 
0x1.967bc58255b03p+11, 0x1.9e98aee631f8ap+11, 0x1.ba58d96206855p+11, 
0x1.843f9626b2f23p+11, 0x1.bb682fab53d64p+11, 0x1.aeb1a1f6cacd2p+11, 
0x1.dc5384a0e410bp+11, 0x1.a85cef5ec80c7p+11, 0x1.dc663269df97bp+11, 
0x1.de84cc942d491p+11, 0x1.023e622706d5p+12, 0x1.ce66b2031ceafp+11, 
0x1.06de151e75361p+12, 0x1.07b2eb76709fap+12, 0x1.11f5335e310dcp+12, 
0x1.c82ef6f2a5a47p+11, 0x1.fb42b6d655e29p+11, 0x1.ed2cf37974602p+11, 
0x1.03e3309b738e7p+12, 0x1.d0ec428f5c28fp+11, 0x1.002195e071c54p+12, 
0x1.fff7ae6c8f755p+11, 0x1.11216d9cf13cfp+12, 0x1.e71a0d2c386d3p+11, 
0x1.05e7d29670197p+12, 0x1.fc8db2cc70868p+11, 0x1.0c70f1a5ca298p+12, 
0x1.f2ee23dd54da5p+11, 0x1.01e0935eb7458p+12, 0x1.01a1744806291p+12, 
0x1.07da397679032p+12, 0x1.dc8d83ba3443dp+11, 0x1.00f3f302f72b4p+12, 
0x1.0f81fd21ff2e5p+12, 0x1.18ad2a9b499dp+12, 0x1.e8b58b220791cp+11, 
0x1.0b4f4753e707ep+12, 0x1.13400e0114d2fp+12, 0x1.1d4eefd545415p+12, 
0x1.fb1b75232d2bbp+11, 0x1.17575816aceabp+12, 0x1.1d12ce92d55a4p+12, 
0x1.3088cdd50a88fp+12, 0x1.040c308ede54bp+12, 0x1.22a12f89c5e7p+12, 
0x1.185227d566cf4p+12, 0x1.24206feb4a665p+12, 0x1.129a81882adc5p+12, 
0x1.30ca206c8711dp+12, 0x1.2a571a2d72ffdp+12, 0x1.382ab3743632cp+12, 
0x1.28efe0c38f367p+12, 0x1.439958ac9f2fep+12, 0x1.3e89e324c8366p+12, 
0x1.5245aa38b8ae3p+12, 0x1.373399220ff54p+12, 0x1.4e4ecab92c062p+12, 
0x1.52504b502abacp+12, 0x1.626cf324851a8p+12, 0x1.2d30e4d4cb9edp+12, 
0x1.38ee618ce2d1fp+12, 0x1.4df20fb86f47bp+12, 0x1.54c5833d6c722p+12, 
0x1.4fe0b69552e3p+12, 0x1.74aa78ef34d6ap+12, 0x1.71eac4230fcf8p+12, 
0x1.89d5d804d9839p+12, 0x1.6da0e400fba88p+12, 0x1.935fddcb5781cp+12, 
0x1.8f6f622e5de16p+12, 0x1.a35d8d7e02646p+12, 0x1.8dcce527a2058p+12, 
0x1.b46b875a31a4cp+12, 0x1.bbac16de3326ap+12, 0x1.dd5a548dc11e4p+12, 
0x1.bbd7daa715832p+12, 0x1.da1778d3f1844p+12, 0x1.e0cea2a1b5c7dp+12, 
0x1.03f0d71865519p+13, 0x1.d1208083126e9p+12)), class = "data.frame", row.names = c(NA, 
-105L))
