structure(list(period_id = c("2000M01", "2000M02", "2000M03", 
"2000M04", "2000M05", "2000M06", "2000M07", "2000M08", "2000M09", 
"2000M10", "2000M11", "2000M12", "2001M01", "2001M02", "2001M03", 
"2001M04", "2001M05", "2001M06", "2001M07", "2001M08", "2001M09", 
"2001M10", "2001M11", "2001M12", "2002M01", "2002M02", "2002M03", 
"2002M04", "2002M05", "2002M06", "2002M07", "2002M08", "2002M09", 
"2002M10", "2002M11", "2002M12", "2003M01", "2003M02", "2003M03", 
"2003M04", "2003M05", "2003M06", "2003M07", "2003M08", "2003M09", 
"2003M10", "2003M11", "2003M12", "2004M01", "2004M02", "2004M03", 
"2004M04", "2004M05", "2004M06", "2004M07", "2004M08", "2004M09", 
"2004M10", "2004M11", "2004M12", "2005M01", "2005M02", "2005M03", 
"2005M04", "2005M05", "2005M06", "2005M07", "2005M08", "2005M09", 
"2005M10", "2005M11", "2005M12", "2006M01", "2006M02", "2006M03", 
"2006M04", "2006M05", "2006M06", "2006M07", "2006M08", "2006M09", 
"2006M10", "2006M11", "2006M12", "2007M01", "2007M02", "2007M03", 
"2007M04", "2007M05", "2007M06", "2007M07", "2007M08", "2007M09", 
"2007M10", "2007M11", "2007M12", "2008M01", "2008M02", "2008M03", 
"2008M04", "2008M05", "2008M06", "2008M07", "2008M08", "2008M09", 
"2008M10", "2008M11", "2008M12", "2009M01", "2009M02", "2009M03", 
"2009M04", "2009M05", "2009M06", "2009M07", "2009M08", "2009M09", 
"2009M10", "2009M11", "2009M12", "2010M01", "2010M02", "2010M03", 
"2010M04", "2010M05", "2010M06", "2010M07", "2010M08", "2010M09", 
"2010M10", "2010M11", "2010M12", "2011M01", "2011M02", "2011M03", 
"2011M04", "2011M05", "2011M06", "2011M07", "2011M08", "2011M09", 
"2011M10", "2011M11", "2011M12", "2012M01", "2012M02", "2012M03", 
"2012M04", "2012M05", "2012M06", "2012M07", "2012M08", "2012M09", 
"2012M10", "2012M11", "2012M12", "2013M01", "2013M02", "2013M03", 
"2013M04", "2013M05", "2013M06", "2013M07", "2013M08", "2013M09", 
"2013M10", "2013M11", "2013M12", "2014M01", "2014M02", "2014M03", 
"2014M04", "2014M05", "2014M06", "2014M07", "2014M08", "2014M09", 
"2014M10", "2014M11", "2014M12", "2015M01", "2015M02", "2015M03", 
"2015M04", "2015M05", "2015M06", "2015M07", "2015M08", "2015M09", 
"2015M10", "2015M11", "2015M12", "2016M01", "2016M02", "2016M03", 
"2016M04", "2016M05", "2016M06", "2016M07", "2016M08", "2016M09", 
"2016M10", "2016M11", "2016M12", "2017M01", "2017M02", "2017M03", 
"2017M04", "2017M05", "2017M06", "2017M07", "2017M08", "2017M09", 
"2017M10", "2017M11", "2017M12", "2018M01", "2018M02", "2018M03", 
"2018M04", "2018M05", "2018M06", "2018M07", "2018M08", "2018M09", 
"2018M10", "2018M11", "2018M12", "2019M01", "2019M02", "2019M03", 
"2019M04", "2019M05", "2019M06", "2019M07", "2019M08", "2019M09", 
"2019M10", "2019M11", "2019M12", "2020M01", "2020M02", "2020M03", 
"2020M04", "2020M05", "2020M06", "2020M07", "2020M08", "2020M09", 
"2020M10", "2020M11", "2020M12", "2021M01", "2021M02", "2021M03", 
"2021M04", "2021M05", "2021M06", "2021M07", "2021M08", "2021M09", 
"2021M10", "2021M11", "2021M12", "2022M01", "2022M02", "2022M03", 
"2022M04", "2022M05", "2022M06", "2022M07", "2022M08", "2022M09", 
"2022M10", "2022M11", "2022M12", "2023M01", "2023M02", "2023M03", 
"2023M04", "2023M05", "2023M06", "2023M07", "2023M08", "2023M09", 
"2023M10", "2023M11", "2023M12", "2024M01", "2024M02", "2024M03", 
"2024M04", "2024M05", "2024M06", "2024M07", "2024M08", "2024M09", 
"2024M10", "2024M11", "2024M12", "2025M01", "2025M02", "2025M03", 
"2025M04", "2025M05", "2025M06"), value = c(NA, NA, NA, NA, NA, 
NA, NA, NA, NA, NA, NA, NA, NA, NA, NA, NA, NA, NA, NA, NA, NA, 
NA, NA, NA, NA, NA, NA, NA, NA, NA, NA, NA, NA, NA, NA, NA, NA, 
NA, NA, NA, NA, NA, NA, NA, NA, NA, NA, NA, NA, NA, NA, NA, NA, 
NA, NA, NA, NA, NA, NA, NA, NA, NA, NA, NA, NA, NA, NA, NA, NA, 
NA, NA, NA, NA, NA, NA, NA, NA, NA, NA, NA, NA, NA, NA, NA, NA, 
NA, NA, NA, NA, NA, NA, NA, NA, NA, NA, NA, NA, NA, NA, NA, NA, 
NA, NA, NA, NA, NA, NA, NA, NA, NA, NA, NA, NA, NA, NA, NA, NA, 
NA, NA, NA, 0x1.1e60a1c04822p+6, 0x1.1fb245c43f524p+6, 0x1.28cdf028a17bp+6, 
0x1.2ab04437c8f84p+6, 0x1.2b36590901b6fp+6, 0x1.306a5621d96a5p+6, 
0x1.28f1deaa9c56dp+6, 0x1.21be4cc414681p+6, 0x1.2842c3b02e4f1p+6, 
0x1.238700feed0ebp+6, 0x1.25587eace499cp+6, 0x1.25558cd47d24ep+6, 
0x1.1dcf090888abp+6, 0x1.3702a1c4eb9fdp+6, 0x1.2ebabee1b267dp+6, 
0x1.2db7604c2adf2p+6, 0x1.2bfc5658454e1p+6, 0x1.2378ae60468a7p+6, 
0x1.26a464931e93dp+6, 0x1.2b325e9769022p+6, 0x1.31b2f1b08a8adp+6, 
0x1.30d9c37f21d3ep+6, 0x1.2d5cb1b1737cdp+6, 0x1.28ec7f67481f4p+6, 
0x1.2a45a9445ab82p+6, 0x1.26c34cc3d25e7p+6, 0x1.2de591b858826p+6, 
0x1.25b740c12ce3ap+6, 0x1.285272766319bp+6, 0x1.2896029ac0ba6p+6, 
0x1.2e2dfe0499629p+6, 0x1.2d7da6667b59dp+6, 0x1.22ca8d77c4b58p+6, 
0x1.215b49fb68e3ap+6, 0x1.1d841fbe3c2efp+6, 0x1.20242624b9ceap+6, 
0x1.226d8feac34c2p+6, 0x1.1eb5c0a326d42p+6, 0x1.1868dcebe811ap+6, 
0x1.225a4b1f9f303p+6, 0x1.22fe3b1d8c899p+6, 0x1.26b09a9edafcbp+6, 
0x1.1b2c9fdf3dd91p+6, 0x1.20dbacb10ac2p+6, 0x1.1dde638940ed3p+6, 
0x1.262b8581c792bp+6, 0x1.268b1401c17bdp+6, 0x1.31c3bc9a7cc1ep+6, 
0x1.348da9f29ba34p+6, 0x1.2b2008d7a30e6p+6, 0x1.2efe4d01b8dep+6, 
0x1.3313389a61342p+6, 0x1.2bbeddc7a75acp+6, 0x1.2fac3b9cbb61p+6, 
0x1.2f5752bf09f9ap+6, 0x1.35c6de022c4f1p+6, 0x1.328295433ee47p+6, 
0x1.30003834105eap+6, 0x1.304603c03423p+6, 0x1.29542cbd9ba29p+6, 
0x1.30cf875eee8dep+6, 0x1.372de9770feafp+6, 0x1.383d276dcbe37p+6, 
0x1.3a8ec1a31eb8ep+6, 0x1.39feedf5ee50ap+6, 0x1.3667c8ca38884p+6, 
0x1.3a06183a66f1ep+6, 0x1.37f1cdfb351a5p+6, 0x1.3c0c9c258ae0fp+6, 
0x1.3606a5538f05bp+6, 0x1.3ea2dd0ad137dp+6, 0x1.36b5d4b2acf16p+6, 
0x1.4065899188062p+6, 0x1.3e369c4b0a717p+6, 0x1.3e4deac0a989bp+6, 
0x1.3fd868e39a0dap+6, 0x1.40a7423b54eep+6, 0x1.3d3db52dbc97ep+6, 
0x1.41f7d5fa4286bp+6, 0x1.42e499dee452dp+6, 0x1.44dd4c9ba7eaap+6, 
0x1.4d7089c4adc88p+6, 0x1.4e3a28e9310b3p+6, 0x1.53eba35237439p+6, 
0x1.507ed3d64358ap+6, 0x1.5c58f2683f181p+6, 0x1.55d935b488f31p+6, 
0x1.58a52437d730fp+6, 0x1.5d289494dfd09p+6, 0x1.57efd4095778dp+6, 
0x1.61ceca3ac4d1cp+6, 0x1.66d8b2d5b7d46p+6, 0x1.5f274e8f13201p+6, 
0x1.601e70e8907bdp+6, 0x1.66b1116ced7bep+6, 0x1.6e0596ca8fac6p+6, 
0x1.68d5183f9b151p+6, 0x1.62c7f1ca7df8cp+6, 0x1.6e4c68b44ab45p+6, 
0x1.704cff48e124bp+6, 0x1.7dfb4604e9585p+6, 0x1.851d04a9a5511p+6, 
0x1.818ce24d9e8a5p+6, 0x1.849edc5a0f527p+6, 0x1.890bb6cc49606p+6, 
0x1.95dc0c608c7c5p+6, 0x1.94132476f998ap+6, 0x1.9a19821174b2cp+6, 
0x1.883ca9d947a32p+6, 0x1.8bbd6979227eep+6, 0x1.883b23a5ca222p+6, 
0x1.8264994c40b63p+6, 0x1.82b8d20dd6ba6p+6, 0x1.87f720232f7b9p+6, 
0x1.89932367c111bp+6, 0x1.846bfe2878b0ap+6, 0x1.86021196772ffp+6, 
0x1.80b8e495bef77p+6, 0x1.79fde1dac1307p+6, 0x1.8438018f8cda3p+6, 
0x1.80149377c36f3p+6, 0x1.7de5a5ef8c3fbp+6, 0x1.6e4210b92fe96p+6, 
0x1.3e7cf765d9932p+6, 0x1.62d494fa761b3p+6, 0x1.6e8a5c294b391p+6, 
0x1.7e5fb9aa56cacp+6, 0x1.78a73a8fc97cfp+6, 0x1.7a2435643e549p+6, 
0x1.79c2ec2c3a98fp+6, 0x1.7170be69f5655p+6, 0x1.6f97d3060621ap+6, 
0x1.69e83896d0463p+6, 0x1.8381824c68517p+6, 0x1.95e438f1e86e6p+6, 
0x1.8ceb013c88581p+6, 0x1.8a15fe9a5a72p+6, 0x1.922d5e313a9a5p+6, 
0x1.87122f703d6e6p+6, 0x1.88022168b914ep+6, 0x1.8e0a892f708a7p+6, 
0x1.923121f920e6bp+6, 0x1.a238c6cc31c77p+6, 0x1.8db38d5485966p+6, 
0x1.a95f52ee33f77p+6, 0x1.b951667e7b7b6p+6, 0x1.b5807c4d6697ap+6, 
0x1.ba7b2bf7e4137p+6, 0x1.bb988f9c6b407p+6, 0x1.ad77699fa51b5p+6, 
0x1.ab22ba7dc532cp+6, 0x1.b0ca7e038f625p+6, 0x1.b3a14e6c41786p+6, 
0x1.aa3039bd6aap+6, 0x1.a7d323d5a4fc1p+6, 0x1.953e2e2fbbba6p+6, 
0x1.a787f838264bbp+6, 0x1.a0abb68205aa1p+6, 0x1.9f78c48d4eb8cp+6, 
0x1.9cb58bacbbf43p+6, 0x1.a23c137bc38b2p+6, 0x1.93fa850858094p+6, 
0x1.8de806a0fba16p+6, 0x1.8c503d9b1ca2bp+6, 0x1.924f77468db39p+6, 
0x1.987b0ce0d8f14p+6, 0x1.97154b9067d9ap+6, 0x1.94bc1f6e5b65cp+6, 
0x1.9648b5a3240dfp+6, 0x1.9b26d67417523p+6, 0x1.a2446f4485fa6p+6, 
0x1.a243ed31eac3fp+6, 0x1.9c9c846b952f4p+6, 0x1.a6fa1ef98c7a6p+6, 
0x1.acc4da6f2e826p+6, 0x1.a903025ceed87p+6, 0x1.a1d62f195743dp+6, 
0x1.a079f78557edp+6, 0x1.a36307c3461b2p+6, 0x1.a7db9aa9381b6p+6, 
