structure(list(period_id = c("1996M01", "1996M02", "1996M03", 
"1996M04", "1996M05", "1996M06", "1996M07", "1996M08", "1996M09", 
"1996M10", "1996M11", "1996M12", "1997M01", "1997M02", "1997M03", 
"1997M04", "1997M05", "1997M06", "1997M07", "1997M08", "1997M09", 
"1997M10", "1997M11", "1997M12", "1998M01", "1998M02", "1998M03", 
"1998M04", "1998M05", "1998M06", "1998M07", "1998M08", "1998M09", 
"1998M10", "1998M11", "1998M12", "1999M01", "1999M02", "1999M03", 
"1999M04", "1999M05", "1999M06", "1999M07", "1999M08", "1999M09", 
"1999M10", "1999M11", "1999M12", "2000M01", "2000M02", "2000M03", 
"2000M04", "2000M05", "2000M06", "2000M07", "2000M08", "2000M09", 
"2000M10", "2000M11", "2000M12", "2001M01", "2001M02", "2001M03", 
"2001M04", "2001M05", "2001M06", "2001M07", "2001M08", "2001M09", 
"2001M10", "2001M11", "2001M12", "2002M01", "2002M02", "2002M03", 
"2002M04", "2002M05", "2002M06", "2002M07", "2002M08", "2002M09", 
"2002M10", "2002M11", "2002M12", "2003M01", "2003M02", "2003M03", 
"2003M04", "2003M05", "2003M06", "2003M07", "2003M08", "2003M09", 
"2003M10", "2003M11", "2003M12", "2004M01", "2004M02", "2004M03", 
"2004M04", "2004M05", "2004M06", "2004M07", "2004M08", "2004M09", 
"2004M10", "2004M11", "2004M12", "2005M01", "2005M02", "2005M03", 
"2005M04", "2005M05", "2005M06", "2005M07", "2005M08", "2005M09", 
"2005M10", "2005M11", "2005M12", "2006M01", "2006M02", "2006M03", 
"2006M04", "2006M05", "2006M06", "2006M07", "2006M08", "2006M09", 
"2006M10", "2006M11", "2006M12", "2007M01", "2007M02", "2007M03", 
"2007M04", "2007M05", "2007M06", "2007M07", "2007M08", "2007M09", 
"2007M10", "2007M11", "2007M12", "2008M01", "2008M02", "2008M03", 
"2008M04", "2008M05", "2008M06", "2008M07", "2008M08", "2008M09", 
"2008M10", "2008M11", "2008M12", "2009M01", "2009M02", "2009M03", 
"2009M04", "2009M05", "2009M06", "2009M07", "2009M08", "2009M09", 
"2009M10", "2009M11", "2009M12", "2010M01", "2010M02", "2010M03", 
"2010M04", "2010M05", "2010M06", "2010M07", "2010M08", "2010M09", 
"2010M10", "2010M11", "2010M12", "2011M01", "2011M02", "2011M03", 
"2011M04", "2011M05", "2011M06", "2011M07", "2011M08", "2011M09", 
"2011M10", "2011M11", "2011M12", "2012M01", "2012M02", "2012M03", 
"2012M04", "2012M05", "2012M06", "2012M07", "2012M08", "2012M09", 
"2012M10", "2012M11", "2012M12", "2013M01", "2013M02", "2013M03", 
"2013M04", "2013M05", "2013M06", "2013M07", "2013M08", "2013M09", 
"2013M10", "2013M11", "2013M12", "2014M01", "2014M02", "2014M03", 
"2014M04", "2014M05", "2014M06", "2014M07", "2014M08", "2014M09", 
"2014M10", "2014M11", "2014M12", "2015M01", "2015M02", "2015M03", 
"2015M04", "2015M05", "2015M06", "2015M07", "2015M08", "2015M09", 
"2015M10", "2015M11", "2015M12", "2016M01", "2016M02", "2016M03", 
"2016M04", "2016M05", "2016M06", "2016M07", "2016M08", "2016M09", 
"2016M10", "2016M11", "2016M12", "2017M01", "2017M02", "2017M03", 
"2017M04", "2017M05", "2017M06", "2017M07", "2017M08", "2017M09", 
"2017M10", "2017M11", "2017M12", "2018M01", "2018M02", "2018M03", 
"2018M04", "2018M05", "2018M06", "2018M07", "2018M08", "2018M09", 
"2018M10", "2018M11", "2018M12", "2019M01", "2019M02", "2019M03", 
"2019M04", "2019M05", "2019M06", "2019M07", "2019M08", "2019M09", 
"2019M10", "2019M11", "2019M12", "2020M01", "2020M02", "2020M03", 
"2020M04", "2020M05", "2020M06", "2020M07", "2020M08", "2020M09", 
"2020M10", "2020M11", "2020M12", "2021M01", "2021M02", "2021M03", 
"2021M04", "2021M05", "2021M06", "2021M07", "2021M08", "2021M09", 
"2021M10", "2021M11", "2021M12", "2022M01", "2022M02", "2022M03", 
"2022M04", "2022M05", "2022M06", "2022M07", "2022M08", "2022M09", 
"2022M10", "2022M11", "2022M12", "2023M01", "2023M02", "2023M03", 
"2023M04", "2023M05", "2023M06", "2023M07", "2023M08", "2023M09", 
"2023M10", "2023M11", "2023M12", "2024M01", "2024M02", "2024M03", 
"2024M04", "2024M05", "2024M06", "2024M07", "2024M08", "2024M09", 
"2024M10", "2024M11", "2024M12", "2025M01", "2025M02", "2025M03", 
"2025M04", "2025M05", "2025M06"), value = c(0x1.7daa3cbf6fd22p+26, 
0x1.dd373c016872bp+26, 0x1.097927314fdf4p+27, 0x1.2a7734289930cp+27, 
0x1.23ad41c8e7d56p+27, 0x1.18bc371980347p+27, 0x1.32401586dfa44p+27, 
0x1.a598f2c00ebeep+26, 0x1.0d29875856042p+27, 0x1.15961012ded29p+27, 
0x1.3a6b87ced7732p+27, 0x1.1aca334ac7e28p+27, 0x1.d8748cdf93dd9p+26, 
0x1.f96ae4cacbfb1p+26, 0x1.2552433df62b7p+27, 0x1.4e450f702de01p+27, 
0x1.168b4f205bc02p+27, 0x1.2819180a1b08ap+27, 0x1.5fbcba376872bp+27, 
0x1.be6b3059dcc64p+26, 0x1.24b3aaa9fe5c9p+27, 0x1.4b3969eac154dp+27, 
0x1.3375ac83ab9f5p+27, 0x1.4b2861c5a29c7p+27, 0x1.54f79899bc01ap+27, 
0x1.543818500ebeep+27, 0x1.6a47eff9ae148p+27, 0x1.52b24ddb460aap+27, 
0x1.4267b7bdae148p+27, 0x1.5897859763886p+27, 0x1.7a863bf133333p+27, 
0x1.df16e080f9097p+26, 0x1.68541888538efp+27, 0x1.7753567b0068ep+27, 
0x1.c0a06ac224dd3p+27, 0x1.b3381eb2e703bp+27, 0x1.0fd9b2606cf42p+27, 
0x1.388901e674539p+27, 0x1.8ebea5d7bda51p+27, 0x1.826e63925fd8bp+27, 
0x1.9dea7f8c52bd4p+27, 0x1.13835deb90ff9p+28, 0x1.49479603ab9f5p+27, 
0x1.ed663ea98793ep+26, 0x1.7d6cbe91f488p+27, 0x1.75fed9b42de01p+27, 
0x1.9f5b563472b02p+27, 0x1.f0b42fde7ae14p+27, 0x1.5d8886c83afb8p+27, 
0x1.7cb9c144e632p+27, 0x1.e044a714c7e28p+27, 0x1.d10020083fe5dp+27, 
0x1.be2fbb777b4a2p+27, 0x1.8c9b96fa9a027p+27, 0x1.b2a63e70339c1p+27, 
0x1.5d0cc826f4f0ep+27, 0x1.d79f9ddc1ff2ep+27, 0x1.c62f848a2a993p+27, 
0x1.052164f6fb15bp+28, 0x1.dab7ce1cd844dp+27, 0x1.981521dbf212dp+27, 
0x1.84016a990d845p+27, 0x1.e2a7ccee18937p+27, 0x1.b08dde96d42c4p+27, 
0x1.d11e0b34b6ae8p+27, 0x1.b735e66e5aee6p+27, 0x1.e0878fb9da512p+27, 
0x1.66d1178090ff9p+27, 0x1.a434f99ab0f28p+27, 0x1.de25c77bfb15bp+27, 
0x1.f3aba414ee632p+27, 0x1.e91eebd290ff9p+27, 0x1.8f41eae52f1aap+27, 
0x1.a6f09ac4e2eb2p+27, 0x1.e69a0b5579a6bp+27, 0x1.e7d79202816fp+27, 
0x1.d6e99826ae7d5p+27, 0x1.a7dd52d7ff2e5p+27, 0x1.dfdb37415a858p+27, 
0x1.5604debed288dp+27, 0x1.cec5fcf43fe5dp+27, 0x1.f5fba4af80347p+27, 
0x1.076c38ef47454p+28, 0x1.15ee0c83d288dp+28, 0x1.85adb976816fp+27, 
0x1.ff2e35e4ae7d5p+27, 0x1.fde36d7c4dd2fp+27, 0x1.e335d240fc505p+27, 
0x1.04145f88f488p+28, 0x1.d6a88f2dcac08p+27, 0x1.0745dcea70a3dp+28, 
0x1.67d92b6f03afbp+27, 0x1.069d1cd63d07dp+28, 0x1.0a8b55ba53261p+28, 
0x1.09605d3e8db8cp+28, 0x1.278adffcc710dp+28, 0x1.95b75f222eb1cp+27, 
0x1.dda17a3c7bb3p+27, 0x1.3eda7144b295fp+28, 0x1.16421f59a511ap+28, 
0x1.1b25c25a0c49cp+28, 0x1.0f5998411d7dcp+28, 0x1.248629f33d70ap+28, 
0x1.c85a29832e48fp+27, 0x1.0fb08d2b6a7fp+28, 0x1.1bf3935b3d70ap+28, 
0x1.386b778ab9f56p+28, 0x1.433ed33ace704p+28, 0x1.e4f11541566cfp+27, 
0x1.e4d884b79a6b5p+27, 0x1.25c8b4625119dp+28, 0x1.115c4a850f27cp+28, 
0x1.1578d9fe1134p+28, 0x1.26fc3fd58a71ep+28, 0x1.2423cc5360aa6p+28, 
0x1.aecf113cf34d7p+27, 0x1.2edd5bfea4a8cp+28, 0x1.3bf80a95a64c3p+28, 
0x1.777e46fe7d567p+28, 0x1.84c729e7a9931p+28, 0x1.00fd4f70ab9f5p+28, 
0x1.1ebf33c58a09p+28, 0x1.631717b8c6a7fp+28, 0x1.2f0821f3b3d08p+28, 
0x1.51521d81a161ep+28, 0x1.540d3f8c9e83ep+28, 0x1.4fb95902dbf48p+28, 
0x1.0c9547771de6ap+28, 0x1.7e63373a1a36ep+28, 0x1.79c147930aa65p+28, 
0x1.c3f657e81f213p+28, 0x1.cb80fab8c5048p+28, 0x1.525a9e76d6a16p+28, 
0x1.6296ea433fe5dp+28, 0x1.97f10eb51f8a1p+28, 0x1.78e689f2acd9fp+28, 
0x1.b2580b95e48e9p+28, 0x1.907b93a750481p+28, 0x1.8fdbe1bf02dep+28, 
0x1.4163e31095e9ep+28, 0x1.b31f5b24d70a4p+28, 0x1.eb22faedaacdap+28, 
0x1.dd6424a543fe6p+28, 0x1.9dfa406941893p+28, 0x1.903a09ebc63f1p+28, 
0x1.9c4b2dff69ad4p+28, 0x1.c3263f3f9096cp+28, 0x1.ee0cf8d6b2fecp+28, 
0x1.d2d54b9fca57ap+28, 0x1.d93507675fd8bp+28, 0x1.c736b38fe425bp+28, 
0x1.514cadaa84b5ep+28, 0x1.f5ebfddf7c1bep+28, 0x1.d2f4584f7a0f9p+28, 
0x1.a377bd67119cep+28, 0x1.a7011c8358e22p+28, 0x1.13f6216897f63p+28, 
0x1.117622ae2e48fp+28, 0x1.417cf55556d5dp+28, 0x1.21271e7bb573fp+28, 
0x1.334e410c3f7cfp+28, 0x1.2a82b0597381dp+28, 0x1.3cee10d2b7803p+28, 
0x1.f45826d15f6fdp+27, 0x1.45b42cd998c7ep+28, 0x1.69b5f5734dd2fp+28, 
0x1.6bd5124ae632p+28, 0x1.45123c926ae7dp+28, 0x1.f16cc29b5e9e2p+27, 
0x1.16d310c7a9931p+28, 0x1.4e08f9bc94467p+28, 0x1.5a47ab0e50b0fp+28, 
