structure(list(period_id = c("1999Q1", "1999Q2", "1999Q3", "1999Q4", 
"2000Q1", "2000Q2", "2000Q3", "2000Q4", "2001Q1", "2001Q2", "2001Q3", 
"2001Q4", "2002Q1", "2002Q2", "2002Q3", "2002Q4", "2003Q1", "2003Q2", 
"2003Q3", "2003Q4", "2004Q1", "2004Q2", "2004Q3", "2004Q4", "2005Q1", 
"2005Q2", "2005Q3", "2005Q4", "2006Q1", "2006Q2", "2006Q3", "2006Q4", 
"2007Q1", "2007Q2", "2007Q3", "2007Q4", "2008Q1", "2008Q2", "2008Q3", 
"2008Q4", "2009Q1", "2009Q2", "2009Q3", "2009Q4", "2010Q1", "2010Q2", 
"2010Q3", "2010Q4", "2011Q1", "2011Q2", "2011Q3", "2011Q4", "2012Q1", 
"2012Q2", "2012Q3", "2012Q4", "2013Q1", "2013Q2", "2013Q3", "2013Q4", 
"2014Q1", "2014Q2", "2014Q3", "2014Q4", "2015Q1", "2015Q2", "2015Q3", 
"2015Q4", "2016Q1", "2016Q2", "2016Q3", "2016Q4", "2017Q1", "2017Q2", 
"2017Q3", "2017Q4", "2018Q1", "2018Q2", "2018Q3", "2018Q4", "2019Q1", 
"2019Q2", "2019Q3", "2019Q4", "2020Q1", "2020Q2", "2020Q3", "2020Q4", 
"2021Q1", "2021Q2", "2021Q3", "2021Q4", "2022Q1", "2022Q2", "2022Q3", 
"2022Q4", "2023Q1", "2023Q2", "2023Q3", "2023Q4", "2024Q1", "2024Q2", 
"2024Q3", "2024Q4"), value = c(0x1.d71b4784230fdp+0, 0x1.ad71b0468448dp-1, 
0x1.95687b139c94fp+1, 0x1.61a9f05ea24ccp+4, 0x1.067b0b3919264p+1, 
0x1.d9ed3953dea46p-1, 0x1.7eb0b7c3504c5p+1, 0x1.47ea52ef911cfp+3, 
0x1.9a0ba1f4b1ee2p+0, 0x1.be460ed80a17bp+2, 0x1.4b5c28f5c28f6p+2, 
0x1.1b9fd7a13c255p+3, 0x1.d63369b9d7fd8p+0, 0x1.fefe0ce0b912ep-4, 
0x1.1aa5d074213a1p+3, 0x1.e15c24c404a73p+2, 0x1.bbab430f49492p-1, 
0x1.a4cc25072085bp-1, 0x1.b8eb67c286f8bp-1, 0x1.88dc11e42e126p+1, 
0x1.258ff75968512p+0, 0x1.2e13059641f64p+2, 0x1.1954eb13dfb0dp+2, 
0x1.5a055b8993922p+2, 0x1.4ae675147f13p+0, 0x1.097d955714b9dp+2, 
0x1.cd536933a0408p-1, 0x1.a3f13059641f6p+0, 0x1.270ccbc05d52cp+0, 
0x1.5444ae85b9e8cp+0, 0x1.705532617c1bep+0, 0x1.bafc371da37efp+0, 
0x1.935fb2edfe75cp+0, 0x1.3efd6d7e889c2p+1, 0x1.b2faf85942917p+0, 
0x1.76c22ee41919bp+1, 0x1.6036c15d2d01cp+1, 0x1.e7193708aac97p+1, 
0x1.005d18090b418p+1, 0x1.391c3ac929aa2p+1, 0x1.3958b827fa1a1p+1, 
0x1.39b8d3f1843c4p+1, 0x1.43633482be8bcp+1, 0x1.c34d9c6b0531ap+1, 
0x1.7eeb24a6a875dp+1, 0x1.fa3c74fb549f9p+1, 0x1.a54b167ec7864p+1, 
0x1.b4a8650e7792p+1, 0x1.6570a3d70a3d7p+1, 0x1.6784449dbec25p+1, 
0x1.4cf2495e17e35p+1, 0x1.d042528ae74f3p+1, 0x1.4dc13fd0d0679p+1, 
0x1.46e44b6e935b9p+1, 0x1.025c896dd26b7p+1, 0x1.38a148ba83f4fp+1, 
0x1.ea771c970f7bap+0, 0x1.3aa48f96e1587p+1, 0x1.ab6a50d6b228ep+0, 
0x1.391eb851eb852p+1, 0x1.a387bdcf0307fp+0, 0x1.31d933e35c5b5p+1, 
0x1.cf0fe8ab4fa48p+1, 0x1.f99439de481f5p+0, 0x1.364189374bc6ap+1, 
0x1.393215fcc1872p+1, 0x1.de87e38eb0319p+0, 0x1.6de3b8a19c9d6p+1, 
0x1.2c9c5e6ff7dfap+1, 0x1.63ca89fc6da45p+2, 0x1.29403dddb120ap+1, 
0x1.0cf0520d130ep+1, 0x1.605af6c69b5a6p+1, 0x1.4af48c2e770bdp+1, 
0x1.16b4bb5e0f7fdp+2, 0x1.45d63022dd7aap+1, 0x1.2238433d6c722p+1, 
0x1.5c691ea78af3ep+1, 0x1.8a250f840181ep+1, 0x1.71ecbb7f9d6f1p+1, 
0x1.bfb62413db7f1p+1, 0x1.b0fb2aae29739p+1, 0x1.f027674d16335p+2, 
0x1.c8f1800a7c5acp+1, 0x1.4d6473471f794p+1, 0x1.49832fcac8e69p+1, 
0x1.ea93293d102bcp+1, 0x1.7fab7564302b4p+1, 0x1.803f705857affp+1, 
0x1.d17c5ef62f9cap+1, 0x1.9281c2e33eff2p+1, 0x1.3ec0b5675579bp+2, 
0x1.16447c30d306ap+2, 0x1.4e53e2d6238dap+2, 0x1.6d1de69ad42c4p+2, 
0x1.43448cf7caa76p+2, 0x1.7c068123810e9p+2, 0x1.24ab4b72c5198p+2, 
0x1.2b033a4723abp+2, 0x1.842db1e9f2778p+2, 0x1.d80bf3bea91dap+4, 
0x1.a5968f8e7ddcap+4, 0x1.c88a5accd5305p+4, 0x1.bafc64345cfeep+4
)), class = "data.frame", row.names = c(NA, -104L))
