structure(list(period_id = c("1995Q1", "1995Q2", "1995Q3", "1995Q4", 
"1996Q1", "1996Q2", "1996Q3", "1996Q4", "1997Q1", "1997Q2", "1997Q3", 
"1997Q4", "1998Q1", "1998Q2", "1998Q3", "1998Q4", "1999Q1", "1999Q2", 
"1999Q3", "1999Q4", "2000Q1", "2000Q2", "2000Q3", "2000Q4", "2001Q1", 
"2001Q2", "2001Q3", "2001Q4", "2002Q1", "2002Q2", "2002Q3", "2002Q4", 
"2003Q1", "2003Q2", "2003Q3", "2003Q4", "2004Q1", "2004Q2", "2004Q3", 
"2004Q4", "2005Q1", "2005Q2", "2005Q3", "2005Q4", "2006Q1", "2006Q2", 
"2006Q3", "2006Q4", "2007Q1", "2007Q2", "2007Q3", "2007Q4", "2008Q1", 
"2008Q2", "2008Q3", "2008Q4", "2009Q1", "2009Q2", "2009Q3", "2009Q4", 
"2010Q1", "2010Q2", "2010Q3", "2010Q4", "2011Q1", "2011Q2", "2011Q3", 
"2011Q4", "2012Q1", "2012Q2", "2012Q3", "2012Q4", "2013Q1", "2013Q2", 
"2013Q3", "2013Q4", "2014Q1", "2014Q2", "2014Q3", "2014Q4", "2015Q1", 
"2015Q2", "2015Q3", "2015Q4", "2016Q1", "2016Q2", "2016Q3", "2016Q4", 
"2017Q1", "2017Q2", "2017Q3", "2017Q4", "2018Q1", "2018Q2", "2018Q3", 
"2018Q4", "2019Q1", "2019Q2", "2019Q3", "2019Q4", "2020Q1", "2020Q2", 
"2020Q3", "2020Q4", "2021Q1", "2021Q2", "2021Q3", "2021Q4", "2022Q1", 
"2022Q2", "2022Q3", "2022Q4", "2023Q1", "2023Q2", "2023Q3", "2023Q4", 
"2024Q1", "2024Q2", "2024Q3"), value = c(0x1.f793519bd4068p+9, 
0x1.09ae19ce075f7p+10, 0x1.07d687d6f9768p+10, 0x1.188a9118c197ep+10, 
0x1.1d1e8a009f623p+10, 0x1.30077460242dp+10, 0x1.354ea48f96e16p+10, 
0x1.373daa369fcf4p+10, 0x1.481ccd24e160ep+10, 0x1.65292d5171e2ap+10, 
0x1.719fc17a89332p+10, 0x1.767e1c10d7beap+10, 0x1.973dc083126e9p+10, 
0x1.85ea9b1fab96fp+10, 0x1.8c6af5b1c8649p+10, 0x1.9ad4f7d30ad47p+10, 
0x1.8f6146e4c0df6p+10, 0x1.de6469014b59ap+10, 0x1.a2d766d373bp+10, 
0x1.d6b7148fd9fd3p+10, 0x1.fd4b46e8f29d4p+10, 0x1.05cd6adf71ebp+11, 
0x1.1cf4576ee73e7p+11, 0x1.20f2158537e2cp+11, 0x1.24c23b1290258p+11, 
0x1.2d0ef44d44567p+11, 0x1.2e59356b87379p+11, 0x1.2ab88d173fb7ap+11, 
0x1.37483be6601bdp+11, 0x1.388235d031056p+11, 0x1.42a9524180d3dp+11, 
0x1.4b570a2446306p+11, 0x1.54034c2938de7p+11, 0x1.53625918a009fp+11, 
0x1.5f6ee358298ccp+11, 0x1.672a8ac9f2fdcp+11, 0x1.7969dee136e72p+11, 
0x1.a5dfbecaab8a6p+11, 0x1.add29e6ab9b24p+11, 0x1.bb2e308787486p+11, 
0x1.b782dc33721d5p+11, 0x1.ca25a2e1ac57ep+11, 0x1.e3f67674d1633p+11, 
0x1.00414944ed6fep+12, 0x1.06d7bf50e3476p+12, 0x1.07c53605ab3abp+12, 
0x1.17493eb8d8234p+12, 0x1.2b7fe175d13d7p+12, 0x1.38ef0bccf28c8p+12, 
0x1.43e9c7b45f17cp+12, 0x1.4fd8e30caa327p+12, 0x1.4fb6df6db941p+12, 
0x1.5b029c768dfbdp+12, 0x1.6b31c29f16b12p+12, 0x1.6c6962da554b9p+12, 
0x1.37ba942c3c9efp+12, 0x1.00a6b55bccaf7p+12, 0x1.f2a4adcf4623dp+11, 
0x1.0bc146fcdee35p+12, 0x1.0ede779d909f2p+12, 0x1.13ae5eb52c9d1p+12, 
0x1.28411536933ap+12, 0x1.3445ab228dc98p+12, 0x1.4043347f993d5p+12, 
0x1.4acba1cef241p+12, 0x1.5251e3fee2c99p+12, 0x1.58cb8ebaade65p+12, 
0x1.55e338348f53cp+12, 0x1.5403507c84b5ep+12, 0x1.4c30a81ba7fc3p+12, 
0x1.4bf88679cc74cp+12, 0x1.495fe24031487p+12, 0x1.512b6d3f9e7b8p+12, 
0x1.4d584e52deca2p+12, 0x1.4a30f47c73eeep+12, 0x1.52dbba7008a69p+12, 
0x1.50743e920c06ap+12, 0x1.4be472c0e7bc4p+12, 0x1.5a0488aefb2abp+12, 
0x1.5a3b02b94d94p+12, 0x1.5a53b315d701ep+12, 0x1.5c4332e05ccc9p+12, 
0x1.5e99babda0dfep+12, 0x1.5dbbe7381d7dcp+12, 0x1.62b9e0029f16bp+12, 
0x1.661feb4fa483p+12, 0x1.7086f7b395c42p+12, 0x1.7c33b0f9d2bf5p+12, 
0x1.94eafab324852p+12, 0x1.9bb3abedfa44p+12, 0x1.a5c8f89e774efp+12, 
0x1.b9b5fedd8b60fp+12, 0x1.c2534d5e8d541p+12, 0x1.cd82b415b1423p+12, 
0x1.d045305ea24ccp+12, 0x1.e21ae37ef5a96p+12, 0x1.e1417f6e3f78cp+12, 
0x1.e453d03968d76p+12, 0x1.eaf925ffa3b9bp+12, 0x1.d786904f6dfc6p+12, 
0x1.ca126f62f9ca6p+12, 0x1.68f57ccd0fe8bp+12, 0x1.a93e4f2064239p+12, 
0x1.c1e1803eea20ap+12, 0x1.e086709e98dcep+12, 0x1.02b2a79c4113cp+13, 
0x1.0c34febd09e13p+13, 0x1.28df00a8d21bcp+13, 0x1.4851034a01abdp+13, 
0x1.60ef4797891e2p+13, 0x1.689b7b22d0e56p+13, 0x1.6354143632c1fp+13, 
0x1.51ba3367a0f91p+13, 0x1.3e40c4156e265p+13, 0x1.35280a71de69bp+13, 
0x1.420a77a355044p+13, 0x1.46299a9c99286p+13, 0x1.4992574ff865dp+13, 
0x1.3f51945b6c376p+13)), class = "data.frame", row.names = c(NA, 
-119L))
