structure(list(period_id = c("1995Q1", "1995Q2", "1995Q3", "1995Q4", 
"1996Q1", "1996Q2", "1996Q3", "1996Q4", "1997Q1", "1997Q2", "1997Q3", 
"1997Q4", "1998Q1", "1998Q2", "1998Q3", "1998Q4", "1999Q1", "1999Q2", 
"1999Q3", "1999Q4", "2000Q1", "2000Q2", "2000Q3", "2000Q4", "2001Q1", 
"2001Q2", "2001Q3", "2001Q4", "2002Q1", "2002Q2", "2002Q3", "2002Q4", 
"2003Q1", "2003Q2", "2003Q3", "2003Q4", "2004Q1", "2004Q2", "2004Q3", 
"2004Q4", "2005Q1", "2005Q2", "2005Q3", "2005Q4", "2006Q1", "2006Q2", 
"2006Q3", "2006Q4", "2007Q1", "2007Q2", "2007Q3", "2007Q4", "2008Q1", 
"2008Q2", "2008Q3", "2008Q4", "2009Q1", "2009Q2", "2009Q3", "2009Q4", 
"2010Q1", "2010Q2", "2010Q3", "2010Q4", "2011Q1", "2011Q2", "2011Q3", 
"2011Q4", "2012Q1", "2012Q2", "2012Q3", "2012Q4", "2013Q1", "2013Q2", 
"2013Q3", "2013Q4", "2014Q1", "2014Q2", "2014Q3", "2014Q4", "2015Q1", 
"2015Q2", "2015Q3", "2015Q4", "2016Q1", "2016Q2", "2016Q3", "2016Q4", 
"2017Q1", "2017Q2", "2017Q3", "2017Q4", "2018Q1", "2018Q2", "2018Q3", 
"2018Q4", "2019Q1", "2019Q2", "2019Q3", "2019Q4", "2020Q1", "2020Q2", 
"2020Q3", "2020Q4", "2021Q1", "2021Q2", "2021Q3", "2021Q4", "2022Q1", 
"2022Q2", "2022Q3", "2022Q4", "2023Q1", "2023Q2", "2023Q3", "2023Q4", 
"2024Q1", "2024Q2", "2024Q3"), value = c(NA, NA, NA, NA, 0x1.fcc194e1a3f46p+7, 
0x1.2511e518f3ecdp+8, 0x1.071fc148344c3p+8, 0x1.2d55ef0f16f44p+8, 
0x1.1c641df3300dep+8, 0x1.48a41abd1aa82p+8, 0x1.41e0afd545415p+8, 
0x1.6e44c7192ea53p+8, 0x1.5c0d2ee84ad79p+8, 0x1.584208d08919fp+8, 
0x1.5a3ce69f05ea2p+8, 0x1.a2467dcbddb98p+8, 0x1.893b8a3b57c4ep+8, 
0x1.e82c667f90d9dp+8, 0x1.8411f88fc9364p+8, 0x1.deb80f88333fdp+8, 
0x1.967fff36ac647p+8, 0x1.a5867c06e19b9p+8, 0x1.97941db0142f6p+8, 
0x1.ec01f6555c52ep+8, 0x1.b7a99bf5946c3p+8, 0x1.d23d491f2dc2bp+8, 
0x1.d7d6d9be4cd75p+8, 0x1.feb1019f3c70dp+8, 0x1.b10039799e519p+8, 
0x1.ce07b8e4b87bep+8, 0x1.b59c003254e6ep+8, 0x1.13707c957cd46p+9, 
0x1.c7531e3a7daa5p+8, 0x1.ea9f47f993d53p+8, 0x1.f631c422036p+8, 
0x1.27b84a9cdc444p+9, 0x1.e8770e2c12ad8p+8, 0x1.0f960cae642cp+9, 
0x1.05d141d8e864p+9, 0x1.2ed40bcbe61dp+9, 0x1.e1581beb18117p+8, 
0x1.11b28e043a216p+9, 0x1.15d8249a133c2p+9, 0x1.64ad235f80991p+9, 
0x1.2314d02cd39dap+9, 0x1.41bdb877ab325p+9, 0x1.4884d5842b735p+9, 
0x1.970c196d8f4f9p+9, 0x1.4061ca643cc08p+9, 0x1.59e3e76c8b439p+9, 
0x1.4bc9f383f0bafp+9, 0x1.98535e071c53fp+9, 0x1.667cf89c5e6ffp+9, 
0x1.93ee5271bcdbcp+9, 0x1.6f5ab50b0f27cp+9, 0x1.7d0fac57e23f2p+9, 
0x1.10e47839cd812p+9, 0x1.1683b9628cbd1p+9, 0x1.0cec6e43aa79cp+9, 
0x1.2e9c6f8ad2568p+9, 0x1.b264636b09635p+8, 0x1.0348848387df6p+9, 
0x1.e30b25c3dee78p+8, 0x1.3a01a975afaf8p+9, 0x1.01e56598e10cfp+9, 
0x1.17266d2674081p+9, 0x1.0b7e3e39f7729p+9, 0x1.2f01d2b6f1993p+9, 
0x1.fe4b3461309c8p+8, 0x1.018f6ac647779p+9, 0x1.ece1b25f633cep+8, 
0x1.122da3a8e7147p+9, 0x1.350c7e9531551p+9, 0x1.349aec28b2a6bp+9, 
0x1.0a51fadafd114p+9, 0x1.181383a53b8e5p+9, 0x1.0474d0678c005p+9, 
0x1.05e9b7414a4d3p+9, 0x1.f793f3f0fe048p+8, 0x1.0b7ffc3b4f616p+9, 
0x1.f0eab28d8665ep+8, 0x1.009d10880d802p+9, 0x1.0100da6612839p+9, 
0x1.1aad22fad6cb5p+9, 0x1.fedd8f3eccc47p+8, 0x1.160485985ad54p+9, 
0x1.081c6f1dc50cep+9, 0x1.2fbd45953586dp+9, 0x1.21e817763e4acp+9, 
0x1.4012b1cc96463p+9, 0x1.306c67b5f1befp+9, 0x1.59f67314ca926p+9, 
0x1.537e45aa2e3c5p+9, 0x1.640eaf1cb89d7p+9, 0x1.585f5a7d24181p+9, 
0x1.74f0ceaaf35e3p+9, 0x1.6ccdc69f8c21ep+9, 0x1.71115831f03d1p+9, 
0x1.6bb296d4c33b5p+9, 0x1.6f224d338f798p+9, 0x1.504cdac258d58p+9, 
0x1.2ac0a7ded6ba9p+9, 0x1.4f3008e150119p+9, 0x1.62f09d627bf62p+9, 
0x1.812bc5154866ap+9, 0x1.9738a265f0f5ap+9, 0x1.82d84d099e0e7p+9, 
0x1.9a9a195464dc2p+9, 0x1.9454b47c73eeep+9, 0x1.96e355b4677b4p+9, 
0x1.8c3c2a0232096p+9, 0x1.77f2d898b2e9dp+9, 0x1.96e858ab92c06p+9, 
0x1.a38e99fa11a97p+9, 0x1.804daf102363bp+9, 0x1.85b9603925bb8p+9, 
0x1.81d14c4cdfacap+9, 0x1.9b1e061847f56p+9, 0x1.7c7921bc126a6p+9
)), class = "data.frame", row.names = c(NA, -119L))
