structure(list(period_id = c("2008Q1", "2008Q2", "2008Q3", "2008Q4", 
"2009Q1", "2009Q2", "2009Q3", "2009Q4", "2010Q1", "2010Q2", "2010Q3", 
"2010Q4", "2011Q1", "2011Q2", "2011Q3", "2011Q4", "2012Q1", "2012Q2", 
"2012Q3", "2012Q4", "2013Q1", "2013Q2", "2013Q3", "2013Q4", "2014Q1", 
"2014Q2", "2014Q3", "2014Q4", "2015Q1", "2015Q2", "2015Q3", "2015Q4", 
"2016Q1", "2016Q2", "2016Q3", "2016Q4", "2017Q1", "2017Q2", "2017Q3", 
"2017Q4", "2018Q1", "2018Q2", "2018Q3", "2018Q4", "2019Q1", "2019Q2", 
"2019Q3", "2019Q4", "2020Q1", "2020Q2", "2020Q3", "2020Q4", "2021Q1", 
"2021Q2", "2021Q3", "2021Q4", "2022Q1", "2022Q2", "2022Q3", "2022Q4", 
"2023Q1", "2023Q2", "2023Q3", "2023Q4", "2024Q1", "2024Q2", "2024Q3", 
"2024Q4"), value = c(0x1.dcp+9, 0x1.e48p+9, 0x1.f38p+9, 0x1.eap+9, 
0x1.d68p+9, 0x1.ddp+9, 0x1.e38p+9, 0x1.dfp+9, 0x1.d78p+9, 0x1.d88p+9, 
0x1.d68p+9, 0x1.d5p+9, 0x1.c5p+9, 0x1.ca8p+9, 0x1.cep+9, 0x1.c88p+9, 
0x1.c6p+9, 0x1.c38p+9, 0x1.c7p+9, 0x1.c48p+9, 0x1.b48p+9, 0x1.bb8p+9, 
0x1.c4p+9, 0x1.bcp+9, 0x1.b68p+9, 0x1.c3p+9, 0x1.c2p+9, 0x1.bdp+9, 
0x1.b88p+9, 0x1.c5p+9, 0x1.cbp+9, 0x1.c28p+9, 0x1.b98p+9, 0x1.c58p+9, 
0x1.c6p+9, 0x1.c8p+9, 0x1.cb8p+9, 0x1.d68p+9, 0x1.dfp+9, 0x1.dd8p+9, 
0x1.d8p+9, 0x1.e2p+9, 0x1.e5p+9, 0x1.e48p+9, 0x1.e18p+9, 0x1.e9p+9, 
0x1.e5p+9, 0x1.e4p+9, 0x1.e48p+9, 0x1.ddp+9, 0x1.e28p+9, 0x1.e58p+9, 
0x1.c9p+9, 0x1.e08p+9, 0x1.e98p+9, 0x1.e18p+9, 0x1.e1p+9, 0x1.e3p+9, 
0x1.e8p+9, 0x1.e1p+9, 0x1.de8p+9, 0x1.e88p+9, 0x1.e58p+9, 0x1.e88p+9, 
0x1.edp+9, 0x1.eap+9, 0x1.e68p+9, 0x1.eb8p+9)), class = "data.frame", row.names = c(NA, 
-68L))
