structure(list(period_id = c("1994Q1", "1994Q2", "1994Q3", "1994Q4", 
"1995Q1", "1995Q2", "1995Q3", "1995Q4", "1996Q1", "1996Q2", "1996Q3", 
"1996Q4", "1997Q1", "1997Q2", "1997Q3", "1997Q4", "1998Q1", "1998Q2", 
"1998Q3", "1998Q4", "1999Q1", "1999Q2", "1999Q3", "1999Q4", "2000Q1", 
"2000Q2", "2000Q3", "2000Q4", "2001Q1", "2001Q2", "2001Q3", "2001Q4", 
"2002Q1", "2002Q2", "2002Q3", "2002Q4", "2003Q1", "2003Q2", "2003Q3", 
"2003Q4", "2004Q1", "2004Q2", "2004Q3", "2004Q4", "2005Q1", "2005Q2", 
"2005Q3", "2005Q4", "2006Q1", "2006Q2", "2006Q3", "2006Q4", "2007Q1", 
"2007Q2", "2007Q3", "2007Q4", "2008Q1", "2008Q2", "2008Q3", "2008Q4", 
"2009Q1", "2009Q2", "2009Q3", "2009Q4", "2010Q1", "2010Q2", "2010Q3", 
"2010Q4", "2011Q1", "2011Q2", "2011Q3", "2011Q4", "2012Q1", "2012Q2", 
"2012Q3", "2012Q4", "2013Q1", "2013Q2", "2013Q3", "2013Q4", "2014Q1", 
"2014Q2", "2014Q3", "2014Q4", "2015Q1", "2015Q2", "2015Q3", "2015Q4", 
"2016Q1", "2016Q2", "2016Q3", "2016Q4", "2017Q1", "2017Q2", "2017Q3", 
"2017Q4", "2018Q1", "2018Q2", "2018Q3", "2018Q4", "2019Q1", "2019Q2", 
"2019Q3", "2019Q4", "2020Q1", "2020Q2", "2020Q3", "2020Q4", "2021Q1", 
"2021Q2", "2021Q3", "2021Q4", "2022Q1", "2022Q2", "2022Q3", "2022Q4", 
"2023Q1", "2023Q2", "2023Q3", "2023Q4", "2024Q1", "2024Q2", "2024Q3", 
"2024Q4"), value = c(0x1.2bbb8e4b87bddp+7, 0x1.2687acc4ef88cp+7, 
0x1.27b984a0e410bp+7, 0x1.24f8ef34d6a16p+7, 0x1.2774d94078961p+7, 
0x1.2e2240b780347p+7, 0x1.292ac083126e9p+7, 0x1.1c549ba5e353fp+7, 
0x1.0c80164840e17p+7, 0x1.0824a4d2b2bfep+7, 0x1.0aba897635e74p+7, 
0x1.05e8476f2a5a4p+7, 0x1.0575104d551d7p+7, 0x1.060a771c970f8p+7, 
0x1.0288d79d0a676p+7, 0x1.f9b5a31a4bdbap+6, 0x1.fa731b9b66f93p+6, 
0x1.ff0db37c99ae9p+6, 0x1.fd046f1561911p+6, 0x1.fb9c6a7ef9db2p+6, 
0x1.f38408d8ec95cp+6, 0x1.ea85604189375p+6, 0x1.e2ccb295e9e1bp+6, 
0x1.e21746887a8d6p+6, 0x1.d7c0a7c5ac472p+6, 0x1.ce79bbadc0981p+6, 
0x1.c6c28a1dfb939p+6, 0x1.c0b97785729b3p+6, 0x1.b9748a9bcfd4cp+6, 
0x1.b360f9096bb99p+6, 0x1.b0564302b40f6p+6, 0x1.aef449129889p+6, 
0x1.aa493c89f40a3p+6, 0x1.a3f9b66f9335dp+6, 0x1.a19635e74299ep+6, 
0x1.9d959ddc1e796p+6, 0x1.9bed5a5b9628dp+6, 0x1.996b19a415f46p+6, 
0x1.96b549f94855ep+6, 0x1.957916872b021p+6, 0x1.939da7b0b3919p+6, 
0x1.90377d955714cp+6, 0x1.8d68ede54b48dp+6, 0x1.8d24da9003eeap+6, 
0x1.8bcf5ec80c73bp+6, 0x1.8c4aa10e02214p+6, 0x1.8bd85729b280fp+6, 
0x1.8bd6ed677707ap+6, 0x1.8afaa79bbadc1p+6, 0x1.8b2cf6be37de9p+6, 
0x1.8b90e2c12ad82p+6, 0x1.8a6a400fba882p+6, 0x1.89fd7342edbb6p+6, 
0x1.89614a4d2b2cp+6, 0x1.891d9fd36f7e4p+6, 0x1.88ac0053e2d62p+6, 
0x1.8878d79d0a676p+6, 0x1.8677aa25d8d7ap+6, 0x1.84b87e7c06e1ap+6, 
0x1.899074a771c97p+6, 0x1.913f7ced91687p+6, 0x1.8fdc84b5dcc64p+6, 
0x1.8d67caea747d8p+6, 0x1.8d503afb7e91p+6, 0x1.8be8826aa8eb4p+6, 
0x1.8be3497b7414ap+6, 0x1.8bc0e6afcce1cp+6, 0x1.8b8c985f06f69p+6, 
0x1.8ac5b18548a9cp+6, 0x1.8a8fa82e87d2cp+6, 0x1.8c4ac083126e9p+6, 
0x1.8f13996fa82e8p+6, 0x1.8def1800a7c5bp+6, 0x1.8e2509bf9c62ap+6, 
0x1.8cada9003eea2p+6, 0x1.8cfad42c3c9efp+6, 0x1.8d9eab367a0f9p+6, 
0x1.8de8e60807358p+6, 0x1.8e5e7ea5f84cbp+6, 0x1.8ee07dd441355p+6, 
0x1.8fbe0b4e11dbdp+6, 0x1.8f872b020c49cp+6, 0x1.900917d6b65aap+6, 
0x1.90430a91537ap+6, 0x1.905c7a398201dp+6, 0x1.8f517acc4ef89p+6, 
0x1.8ff573eab367ap+6, 0x1.905cd0bb6ed67p+6, 0x1.90df583a53b8ep+6, 
0x1.90a0221426fe7p+6, 0x1.907f8769ec2cep+6, 0x1.90f9b66f9335dp+6, 
0x1.905c06e19b90fp+6, 0x1.8fca6223e186ap+6, 0x1.8f948a9bcfd4cp+6, 
0x1.8ffcb1465e892p+6, 0x1.8f8f7e3d1cc1p+6, 0x1.9078a5ce5b424p+6, 
0x1.9111950331e3ap+6, 0x1.910c1a8ac5c14p+6, 0x1.91003eea209abp+6, 
0x1.91424b33daf8ep+6, 0x1.9195feda66128p+6, 0x1.91a8240b78034p+6, 
0x1.92552007dd441p+6, 0x1.94a38327674d1p+6, 0x1.93c5a469d7343p+6, 
0x1.9477b4a2339c1p+6, 0x1.9451dbca9691ap+6, 0x1.93c21187e7c07p+6, 
0x1.93d525460aa65p+6, 0x1.946a550870111p+6, 0x1.947449129889p+6, 
0x1.95407357e670ep+6, 0x1.9645532617c1cp+6, 0x1.96a5aee631f8ap+6, 
0x1.95be22e5de15dp+6, 0x1.94866ba493c8ap+6, 0x1.9539e59f2ba9dp+6, 
0x1.94cc5eb313be2p+6, 0x1.94ae0c9d9d346p+6, 0x1.94bc36113404fp+6, 
0x1.94d00e6afcce2p+6, 0x1.956bd3c361134p+6)), class = "data.frame", row.names = c(NA, 
-124L))
