structure(list(period_id = c("1995Q1", "1995Q2", "1995Q3", "1995Q4", 
"1996Q1", "1996Q2", "1996Q3", "1996Q4", "1997Q1", "1997Q2", "1997Q3", 
"1997Q4", "1998Q1", "1998Q2", "1998Q3", "1998Q4", "1999Q1", "1999Q2", 
"1999Q3", "1999Q4", "2000Q1", "2000Q2", "2000Q3", "2000Q4", "2001Q1", 
"2001Q2", "2001Q3", "2001Q4", "2002Q1", "2002Q2", "2002Q3", "2002Q4", 
"2003Q1", "2003Q2", "2003Q3", "2003Q4", "2004Q1", "2004Q2", "2004Q3", 
"2004Q4", "2005Q1", "2005Q2", "2005Q3", "2005Q4", "2006Q1", "2006Q2", 
"2006Q3", "2006Q4", "2007Q1", "2007Q2", "2007Q3", "2007Q4", "2008Q1", 
"2008Q2", "2008Q3", "2008Q4", "2009Q1", "2009Q2", "2009Q3", "2009Q4", 
"2010Q1", "2010Q2", "2010Q3", "2010Q4", "2011Q1", "2011Q2", "2011Q3", 
"2011Q4", "2012Q1", "2012Q2", "2012Q3", "2012Q4", "2013Q1", "2013Q2", 
"2013Q3", "2013Q4", "2014Q1", "2014Q2", "2014Q3", "2014Q4", "2015Q1", 
"2015Q2", "2015Q3", "2015Q4", "2016Q1", "2016Q2", "2016Q3", "2016Q4", 
"2017Q1", "2017Q2", "2017Q3", "2017Q4", "2018Q1", "2018Q2", "2018Q3", 
"2018Q4", "2019Q1", "2019Q2", "2019Q3", "2019Q4", "2020Q1", "2020Q2", 
"2020Q3", "2020Q4", "2021Q1", "2021Q2", "2021Q3", "2021Q4", "2022Q1", 
"2022Q2", "2022Q3", "2022Q4", "2023Q1", "2023Q2", "2023Q3", "2023Q4", 
"2024Q1", "2024Q2", "2024Q3", "2024Q4"), value = c(NA, NA, NA, 
NA, 0x1.dc01270b06c44p+8, 0x1.e00a437824d4dp+8, 0x1.e941ee136e71dp+8, 
0x1.f090f2ae07e5ap+8, 0x1.d16ec84f8f8a5p+8, 0x1.dfc0b33daf8dfp+8, 
0x1.e89311947cfa2p+8, 0x1.e97c4b5dcc63fp+8, 0x1.e4bcc996b7671p+8, 
0x1.e423da9435ac9p+8, 0x1.e7cebaf102364p+8, 0x1.e7976c3760bf6p+8, 
0x1.fd88bc382a13p+8, 0x1.038f4538ef34dp+9, 0x1.03d3392189bd8p+9, 
0x1.062866f5019f4p+9, 0x1.0ffba24031487p+9, 0x1.161c2df9378eep+9, 
0x1.135bd70a3d70ap+9, 0x1.18e8dd0d8cb08p+9, 0x1.173152c16df4p+9, 
0x1.1cfb23e5b8562p+9, 0x1.227d2e83a109dp+9, 0x1.21563dab5c39cp+9, 
0x1.26b2346dc5d64p+9, 0x1.147f585be1a82p+9, 0x1.1abd6a93f290bp+9, 
0x1.30556249a133cp+9, 0x1.25263571d1d47p+9, 0x1.3248dbb59ddc2p+9, 
0x1.2d964e9c45458p+9, 0x1.2545bc2b94d94p+9, 0x1.35bc05d52c16ep+9, 
0x1.3bf72dc2b0ea2p+9, 0x1.2e33631b584b2p+9, 0x1.320129f59ccfbp+9, 
0x1.1e91821294574p+9, 0x1.315e998d045fep+9, 0x1.27d0c4502689p+9, 
0x1.2ed2ba94bbe44p+9, 0x1.30fcecd8dbcedp+9, 0x1.3ea93764f11b6p+9, 
0x1.475940e5a35d6p+9, 0x1.55e3a133c1ce7p+9, 0x1.5302f2495e17ep+9, 
0x1.520a5d7cb2d9p+9, 0x1.6606f7d30ad47p+9, 0x1.6673d47bedb73p+9, 
0x1.766d5714b9cb7p+9, 0x1.6b38bde3fbbd8p+9, 0x1.789c62e4d1a65p+9, 
0x1.634cfb2aae297p+9, 0x1.61f3457c0b136p+9, 0x1.58367839cd812p+9, 
0x1.5b16400fba882p+9, 0x1.62d0fd32c625fp+9, 0x1.787642396073ep+9, 
0x1.70a6a3a4b5569p+9, 0x1.70fd094a2b9d4p+9, 0x1.6e2627e953155p+9, 
0x1.736f38476f2a6p+9, 0x1.797755ef1fddfp+9, 0x1.78aa3a109d063p+9, 
0x1.75e24c0df58c1p+9, 0x1.751e3efae7925p+9, 0x1.6f777df19d66bp+9, 
0x1.6e4be7c06e19cp+9, 0x1.6e1c30b9dc2f4p+9, 0x1.6ee5e33269df9p+9, 
0x1.73ff9378ee286p+9, 0x1.75ae6dc5d6388p+9, 0x1.82be62456f75ep+9, 
0x1.8bff70a3d70a4p+9, 0x1.9791e8815e397p+9, 0x1.9d89854046413p+9, 
0x1.9e36c2938de6ep+9, 0x1.a5c7bb9cf9a07p+9, 0x1.a498333fc86cfp+9, 
0x1.ae2a567125dd1p+9, 0x1.b10065b63d3e5p+9, 0x1.af8306ee30caap+9, 
0x1.b600eda22f6a5p+9, 0x1.bbb3219a847b2p+9, 0x1.bf9da51a005c4p+9, 
0x1.ceb2e79aae6c9p+9, 0x1.d51a6ff7dfa01p+9, 0x1.dcd9309c7ffdep+9, 
0x1.e679bd48cb4afp+9, 0x1.eeecf9873ffacp+9, 0x1.f913c6088d6d4p+9, 
0x1.f7a45996744b3p+9, 0x1.0018ec6bce853p+10, 0x1.f5641f212d773p+9, 
0x1.f505efd00713fp+9, 0x1.f0fdeecbfb15bp+9, 0x1.efff4c8ffb8b2p+9, 
0x1.f04ea925fe975p+9, 0x1.964cc4156e265p+9, 0x1.bf3e17ebaf102p+9, 
0x1.cc10a411c2a02p+9, 0x1.e18b9ebe9c886p+9, 0x1.e8a610c6f7a0bp+9, 
0x1.ea9259fb1e18fp+9, 0x1.fb273a4f8726dp+9, 0x1.047e1455219a8p+10, 
0x1.0c49c4b09e98ep+10, 0x1.10f7af42784a9p+10, 0x1.13d0855da2728p+10, 
0x1.13694a6223e18p+10, 0x1.135ca055757d6p+10, 0x1.167446173b85fp+10, 
0x1.1524641f64495p+10, 0x1.178e7913e8145p+10, 0x1.18d30f12c27a6p+10, 
0x1.18f2af6c69b5ap+10, 0x1.1d406d7625205p+10)), class = "data.frame", row.names = c(NA, 
-120L))
