structure(list(period_id = c("1999Q1", "1999Q2", "1999Q3", "1999Q4", 
"2000Q1", "2000Q2", "2000Q3", "2000Q4", "2001Q1", "2001Q2", "2001Q3", 
"2001Q4", "2002Q1", "2002Q2", "2002Q3", "2002Q4", "2003Q1", "2003Q2", 
"2003Q3", "2003Q4", "2004Q1", "2004Q2", "2004Q3", "2004Q4", "2005Q1", 
"2005Q2", "2005Q3", "2005Q4", "2006Q1", "2006Q2", "2006Q3", "2006Q4", 
"2007Q1", "2007Q2", "2007Q3", "2007Q4", "2008Q1", "2008Q2", "2008Q3", 
"2008Q4", "2009Q1", "2009Q2", "2009Q3", "2009Q4", "2010Q1", "2010Q2", 
"2010Q3", "2010Q4", "2011Q1", "2011Q2", "2011Q3", "2011Q4", "2012Q1", 
"2012Q2", "2012Q3", "2012Q4", "2013Q1", "2013Q2", "2013Q3", "2013Q4", 
"2014Q1", "2014Q2", "2014Q3", "2014Q4", "2015Q1", "2015Q2", "2015Q3", 
"2015Q4", "2016Q1", "2016Q2", "2016Q3", "2016Q4", "2017Q1", "2017Q2", 
"2017Q3", "2017Q4", "2018Q1", "2018Q2", "2018Q3", "2018Q4", "2019Q1", 
"2019Q2", "2019Q3", "2019Q4", "2020Q1", "2020Q2", "2020Q3", "2020Q4", 
"2021Q1", "2021Q2", "2021Q3", "2021Q4", "2022Q1", "2022Q2", "2022Q3", 
"2022Q4", "2023Q1", "2023Q2", "2023Q3", "2023Q4", "2024Q1", "2024Q2", 
"2024Q3"), value = c(0x1.5365a35d67ba2p+5, 0x1.86b9439de481fp+5, 
0x1.7816c61522a6fp+5, 0x1.0c78d08919ef9p+6, 0x1.41a012dfd694dp+5, 
0x1.e05794a6eb91bp+5, 0x1.d658090b417cap+5, 0x1.337389f83be66p+6, 
0x1.02661522a6f3fp+6, 0x1.1f2296f6512a9p+6, 0x1.2a53b03e20cdp+6, 
0x1.d23f26aec0725p+6, 0x1.13e3b4b2fa93bp+6, 0x1.693da8bd230bap+6, 
0x1.267cbff47735cp+6, 0x1.f23a78f25a251p+6, 0x1.da9829068987p+5, 
0x1.4254b380cb6c8p+6, 0x1.70a4a59c065b6p+6, 0x1.a69fd0d0678cp+6, 
0x1.10ea5f84cad58p+6, 0x1.b0deb463497b7p+6, 0x1.bd8fde7210be9p+6, 
0x1.152182235b4eep+7, 0x1.39a7d4e09784fp+6, 0x1.df12428d434ap+5, 
0x1.99b7980f55de6p+6, 0x1.7aa5892684cfp+6, 0x1.e34027525460bp+5, 
0x1.950afc8b0079ap+6, 0x1.05130446b69dbp+6, 0x1.efb89c5e6ff7ep+6, 
0x1.006f2b66b6178p+6, 0x1.bbad19157abb9p+6, 0x1.2eaa7eb6bf445p+6, 
0x1.6c28f4f93bc0ap+6, 0x1.70b060fe47992p+6, 0x1.91cb5f5f0b285p+6, 
0x1.2ab9e6687f456p+7, 0x1.57b7574f722e2p+7, 0x1.4860f8c64fdb1p+6, 
0x1.b71da09cc319cp+6, 0x1.ae70cae642bfap+6, 0x1.3b2c53b0813cbp+7, 
0x1.60081e03f7058p+6, 0x1.6a948e8a71de7p+6, 0x1.79aea35935fc4p+6, 
0x1.f9a96af038e2ap+6, 0x1.54ec80841ede1p+6, 0x1.62a4b380cb6c8p+6, 
0x1.4d8b50b0f27bbp+6, 0x1.e053b57c4e2f3p+6, 0x1.3aa07789a4591p+6, 
0x1.37c4202d9cf14p+6, 0x1.65eb18dac258dp+6, 0x1.ebf810624dd2fp+6, 
0x1.4f1129cbab64ap+6, 0x1.8c0bfb58d1527p+6, 0x1.814f01fb82c2cp+6, 
0x1.ac2f2c3009b3p+6, 0x1.1a6804102ff8fp+6, 0x1.8b3c49ba5e354p+6, 
0x1.29c3e0370cdc8p+6, 0x1.28c7559b3d07dp+7, 0x1.399141205bc02p+6, 
0x1.6c3fc71d60631p+6, 0x1.821ebaade657cp+6, 0x1.f3ea8eb463498p+6, 
0x1.82f298cc14403p+6, 0x1.de59bbf0dc769p+6, 0x1.d90d9a95421cp+6, 
0x1.23b86940357a3p+7, 0x1.a6ff87f023e9fp+5, 0x1.29330a91537ap+7, 
0x1.978b784662baep+6, 0x1.eba07570c565p+6, 0x1.8b3c18f81e8a3p+6, 
0x1.31d49afe1da7bp+7, 0x1.b023aeab7995fp+6, 0x1.e5959af9ebe9dp+6, 
0x1.71839da16616bp+6, 0x1.c1fd0bfa0946p+6, 0x1.c1d2b990afe61p+6, 
0x1.358ed4c33b539p+7, 0x1.c2034bd76ee74p+6, 0x1.f81af9a8cdeap+6, 
0x1.eb222a6f3f53p+6, 0x1.335ef1dc50ce5p+7, 0x1.1669f2ba9d1f6p+7, 
0x1.6f37a46173b86p+7, 0x1.1973cc4ac6cdbp+7, 0x1.a2d5e939eadd6p+7, 
0x1.017e5e02ea961p+7, 0x1.58bb0121682f9p+7, 0x1.1c121ad6451b9p+7, 
0x1.76508c1db0143p+7, 0x1.50e2dafd11383p+7, 0x1.d6fddce7cd035p+7, 
0x1.7a4630a91537ap+7, 0x1.5660ea39c51dbp+8, 0x1.85aac14c660a2p+7, 
0x1.122fd5cb790fbp+8, 0x1.c05fec13b9f12p+7)), class = "data.frame", row.names = c(NA, 
-103L))
