structure(list(period_id = c("2011M01", "2011M02", "2011M03", 
"2011M04", "2011M05", "2011M06", "2011M07", "2011M08", "2011M09", 
"2011M10", "2011M11", "2011M12", "2012M01", "2012M02", "2012M03", 
"2012M04", "2012M05", "2012M06", "2012M07", "2012M08", "2012M09", 
"2012M10", "2012M11", "2012M12", "2013M01", "2013M02", "2013M03", 
"2013M04", "2013M05", "2013M06", "2013M07", "2013M08", "2013M09", 
"2013M10", "2013M11", "2013M12", "2014M01", "2014M02", "2014M03", 
"2014M04", "2014M05", "2014M06", "2014M07", "2014M08", "2014M09", 
"2014M10", "2014M11", "2014M12", "2015M01", "2015M02", "2015M03", 
"2015M04", "2015M05", "2015M06", "2015M07", "2015M08", "2015M09", 
"2015M10", "2015M11", "2015M12", "2016M01", "2016M02", "2016M03", 
"2016M04", "2016M05", "2016M06", "2016M07", "2016M08", "2016M09", 
"2016M10", "2016M11", "2016M12", "2017M01", "2017M02", "2017M03", 
"2017M04", "2017M05", "2017M06", "2017M07", "2017M08", "2017M09", 
"2017M10", "2017M11", "2017M12", "2018M01", "2018M02", "2018M03", 
"2018M04", "2018M05", "2018M06", "2018M07", "2018M08", "2018M09", 
"2018M10", "2018M11", "2018M12", "2019M01", "2019M02", "2019M03", 
"2019M04", "2019M05", "2019M06", "2019M07", "2019M08", "2019M09", 
"2019M10", "2019M11", "2019M12", "2020M01", "2020M02", "2020M03", 
"2020M04", "2020M05", "2020M06", "2020M07", "2020M08", "2020M09", 
"2020M10", "2020M11", "2020M12", "2021M01", "2021M02", "2021M03", 
"2021M04", "2021M05", "2021M06", "2021M07", "2021M08", "2021M09", 
"2021M10", "2021M11", "2021M12", "2022M01", "2022M02", "2022M03", 
"2022M04", "2022M05", "2022M06", "2022M07", "2022M08", "2022M09", 
"2022M10", "2022M11", "2022M12", "2023M01", "2023M02", "2023M03", 
"2023M04", "2023M05", "2023M06", "2023M07", "2023M08", "2023M09", 
"2023M10", "2023M11", "2023M12", "2024M01", "2024M02", "2024M03", 
"2024M04", "2024M05", "2024M06", "2024M07", "2024M08", "2024M09", 
"2024M10", "2024M11", "2024M12", "2025M01", "2025M02", "2025M03", 
"2025M04", "2025M05"), value = c(0x1.3bf39df345877p+6, 0x1.40d38683bd396p+6, 
0x1.3d6b4a3e11b38p+6, 0x1.3f1111398e412p+6, 0x1.43eecba280481p+6, 
0x1.3986428bebb11p+6, 0x1.3d5be4fb16e22p+6, 0x1.3e6bbc4fd1fa6p+6, 
0x1.4285eaa19ef6ap+6, 0x1.415c8df779f49p+6, 0x1.41ff726fdf0b1p+6, 
0x1.3eaff029f41a4p+6, 0x1.38b1e2e898047p+6, 0x1.35ad5a4ed5fbfp+6, 
0x1.3d8e59f366699p+6, 0x1.3d5777dd0655ep+6, 0x1.36540489a7892p+6, 
0x1.3a45b91204e54p+6, 0x1.3770a6d00df4ep+6, 0x1.3cf86482e1715p+6, 
0x1.3a942c8dd291p+6, 0x1.33e948f43aa4fp+6, 0x1.2f022172159c2p+6, 
0x1.34646cb80f259p+6, 0x1.317ed9ed46bfdp+6, 0x1.3227d0360dd9p+6, 
0x1.2db7d0fb5aa9cp+6, 0x1.30e5daf07bfe8p+6, 0x1.2d81db1a17835p+6, 
0x1.38583c0df83b4p+6, 0x1.2ec701e405ce7p+6, 0x1.34c019e050e32p+6, 
0x1.391caefa7ee1bp+6, 0x1.39659963e9b46p+6, 0x1.39868c0e969bcp+6, 
0x1.3f826bec623e6p+6, 0x1.38e019a33f34dp+6, 0x1.3438695e686b2p+6, 
0x1.380c23c85c24cp+6, 0x1.3cb89f4f6619cp+6, 0x1.399d312f77e7cp+6, 
0x1.3ffeed0175a0fp+6, 0x1.44b35267d6d3ep+6, 0x1.452baf162d93ep+6, 
0x1.3d2b78e0bc6dep+6, 0x1.3fc4979d15243p+6, 0x1.3b534fff1bd47p+6, 
0x1.3f43d4c5bf925p+6, 0x1.44e294141e9afp+6, 0x1.4347340494645p+6, 
0x1.47d808d8ec95cp+6, 0x1.4805012b23445p+6, 0x1.4a8ff7b355577p+6, 
0x1.4afc8abcb1f79p+6, 0x1.4db93d803e28ep+6, 0x1.4c1b7368d85bap+6, 
0x1.4a5369430f9f3p+6, 0x1.4933f7e9b1092p+6, 0x1.4dc1e44aedbap+6, 
0x1.498ad6818174ep+6, 0x1.5994894436e6ap+6, 0x1.57096fe3e89d3p+6, 
0x1.52f80532c4ce5p+6, 0x1.514d3c0f24e11p+6, 0x1.5565c745fa354p+6, 
0x1.592893507f496p+6, 0x1.5ce8da026a688p+6, 0x1.5c66ab52a99b2p+6, 
0x1.5f77dbf5df95ap+6, 0x1.5db057ade6d89p+6, 0x1.61730f7ef9046p+6, 
0x1.66ca5369b479ap+6, 0x1.5f98f086655f5p+6, 0x1.6d0a9d8f72794p+6, 
0x1.71ff28355349p+6, 0x1.7427476bfa4f1p+6, 0x1.73eb9c4dd3f36p+6, 
0x1.7212ce86b63d1p+6, 0x1.75900c831b28p+6, 0x1.77b77b1a7d84cp+6, 
0x1.7c85e9cf91f91p+6, 0x1.8418750ac3fe4p+6, 0x1.8653f7c4c81b9p+6, 
0x1.90cbe8eb1084bp+6, 0x1.91aa156b21363p+6, 0x1.84b6608fe2b6ap+6, 
0x1.891c210b1282cp+6, 0x1.8db5be0a67372p+6, 0x1.937e0e51d25abp+6, 
0x1.8fb2f4b8792dcp+6, 0x1.934191f002061p+6, 0x1.98ac033e22fb5p+6, 
0x1.96486c9bdf9ap+6, 0x1.9e92cf332e80ap+6, 0x1.9d0f795f9261cp+6, 
0x1.98661a810aac8p+6, 0x1.a15f721b50688p+6, 0x1.a07fe580a2d2bp+6, 
0x1.9c61ef00ff2e7p+6, 0x1.a47aeafb6109ep+6, 0x1.a0e1330bf0fap+6, 
0x1.9b0c4bd2915cep+6, 0x1.a27ce84fe0122p+6, 0x1.9b5a1fe420fc5p+6, 
0x1.9aa5e51fa9e97p+6, 0x1.a00a8588eb768p+6, 0x1.97d7e734d7f9p+6, 
0x1.9aa1ea693fdf9p+6, 0x1.9cb5ddbbdd665p+6, 0x1.a250d4c8ef9d8p+6, 
0x1.6c56326ebd221p+6, 0x1.3bdd1b8e50e62p+6, 0x1.5b6e30a5ba395p+6, 
0x1.6b8f768ed2964p+6, 0x1.90fe488cb6b23p+6, 0x1.8d759e690c331p+6, 
0x1.8df99138212eap+6, 0x1.8ede9d2ac8ab8p+6, 0x1.89db7f584fcd4p+6, 
0x1.7df1089047606p+6, 0x1.6e91e0e9396ap+6, 0x1.875a78f7b888dp+6, 
0x1.881d5cbd9b2b9p+6, 0x1.83797579ffa06p+6, 0x1.83380d4bc2f71p+6, 
0x1.8ef67eda5098fp+6, 0x1.9354e57712b1p+6, 0x1.93aa11ec918e3p+6, 
0x1.96282843401bap+6, 0x1.92dde0e32f39dp+6, 0x1.9c7027880445ep+6, 
0x1.9a15e281ead14p+6, 0x1.a5578ecd0ce39p+6, 0x1.a60b982ee0683p+6, 
0x1.aa8d0c5f5ee03p+6, 0x1.ac7b6829342bdp+6, 0x1.ad73ee208484ep+6, 
0x1.b0eaa9a3d2d88p+6, 0x1.ad3e6f5420be9p+6, 0x1.b1d194e7ae249p+6, 
0x1.ab3930e7a972p+6, 0x1.aca06e7701135p+6, 0x1.acaf72a0dc59p+6, 
0x1.a65e5e02ea961p+6, 0x1.aba6074d51419p+6, 0x1.b00e2ede0ee98p+6, 
0x1.b4887562ad9f3p+6, 0x1.a95fdadb5855dp+6, 0x1.b29fbe49d2311p+6, 
0x1.a92f7afaf2faep+6, 0x1.a2cf268a83513p+6, 0x1.9c4bdd6449abap+6, 
0x1.a87519386043bp+6, 0x1.a455882984b3bp+6, 0x1.add05ad1ddadcp+6, 
0x1.ad7875259bf0ep+6, 0x1.ab6807d333186p+6, 0x1.ad5efb25fb923p+6, 
0x1.b0612279fd72p+6, 0x1.ac04d264e7356p+6, 0x1.a4e39d8287595p+6, 
0x1.a2ae9bd68abbbp+6, 0x1.a333aedb1f4afp+6, 0x1.a3a876d5ca4c7p+6, 
0x1.a372b11c6d1e1p+6, 0x1.a600308a8c607p+6, 0x1.a9d172db94bbcp+6, 
0x1.ae05360e59dffp+6, 0x1.b005b9359639fp+6, 0x1.ade5f773ea5d8p+6, 
0x1.a144ecdf91cb7p+6, 0x1.a55798b1bd26ep+6, 0x1.a5f2371290d15p+6
)), class = "data.frame", row.names = c(NA, -173L))
