structure(list(period_id = c("2011M01", "2011M02", "2011M03", 
"2011M04", "2011M05", "2011M06", "2011M07", "2011M08", "2011M09", 
"2011M10", "2011M11", "2011M12", "2012M01", "2012M02", "2012M03", 
"2012M04", "2012M05", "2012M06", "2012M07", "2012M08", "2012M09", 
"2012M10", "2012M11", "2012M12", "2013M01", "2013M02", "2013M03", 
"2013M04", "2013M05", "2013M06", "2013M07", "2013M08", "2013M09", 
"2013M10", "2013M11", "2013M12", "2014M01", "2014M02", "2014M03", 
"2014M04", "2014M05", "2014M06", "2014M07", "2014M08", "2014M09", 
"2014M10", "2014M11", "2014M12", "2015M01", "2015M02", "2015M03", 
"2015M04", "2015M05", "2015M06", "2015M07", "2015M08", "2015M09", 
"2015M10", "2015M11", "2015M12", "2016M01", "2016M02", "2016M03", 
"2016M04", "2016M05", "2016M06", "2016M07", "2016M08", "2016M09", 
"2016M10", "2016M11", "2016M12", "2017M01", "2017M02", "2017M03", 
"2017M04", "2017M05", "2017M06", "2017M07", "2017M08", "2017M09", 
"2017M10", "2017M11", "2017M12", "2018M01", "2018M02", "2018M03", 
"2018M04", "2018M05", "2018M06", "2018M07", "2018M08", "2018M09", 
"2018M10", "2018M11", "2018M12", "2019M01", "2019M02", "2019M03", 
"2019M04", "2019M05", "2019M06", "2019M07", "2019M08", "2019M09", 
"2019M10", "2019M11", "2019M12", "2020M01", "2020M02", "2020M03", 
"2020M04", "2020M05", "2020M06", "2020M07", "2020M08", "2020M09", 
"2020M10", "2020M11", "2020M12", "2021M01", "2021M02", "2021M03", 
"2021M04", "2021M05", "2021M06", "2021M07", "2021M08", "2021M09", 
"2021M10", "2021M11", "2021M12", "2022M01", "2022M02", "2022M03", 
"2022M04", "2022M05", "2022M06", "2022M07", "2022M08", "2022M09", 
"2022M10", "2022M11", "2022M12", "2023M01", "2023M02", "2023M03", 
"2023M04", "2023M05", "2023M06", "2023M07", "2023M08", "2023M09", 
"2023M10", "2023M11", "2023M12", "2024M01", "2024M02", "2024M03", 
"2024M04", "2024M05", "2024M06", "2024M07", "2024M08", "2024M09", 
"2024M10", "2024M11", "2024M12", "2025M01", "2025M02", "2025M03", 
"2025M04"), value = c(0x1.3bfdbac4e272ap+6, 0x1.40dde72716197p+6, 
0x1.3d6e450ed2d6ap+6, 0x1.3f16ac67d2773p+6, 0x1.43fc374f4c996p+6, 
0x1.3988dba7dbfc9p+6, 0x1.3d5bec84781f5p+6, 0x1.3e5aa6ca59aafp+6, 
0x1.426f813823dddp+6, 0x1.4151ce548c495p+6, 0x1.4209ec01f146dp+6, 
0x1.3eacf5b9d5fa2p+6, 0x1.38bdeb4202d9dp+6, 0x1.35c4d260e06a9p+6, 
0x1.3d8df34f986eap+6, 0x1.3d58d3a253fd6p+6, 0x1.3660b3b071218p+6, 
0x1.3a483d0c4fef8p+6, 0x1.376f50a78d4d3p+6, 0x1.3ce0a3a2b1f13p+6, 
0x1.3a7e13188b922p+6, 0x1.33e557fa3cf28p+6, 0x1.2f0a4195a1926p+6, 
0x1.3450d62a9986ap+6, 0x1.3186a570bd576p+6, 0x1.32356acaa4289p+6, 
0x1.2dc7254863f1fp+6, 0x1.30d85ff48750fp+6, 0x1.2d8f393555cd4p+6, 
0x1.385043d66e8c2p+6, 0x1.2ecbd3966a901p+6, 0x1.34ae0e837b751p+6, 
0x1.390800a7c5ac4p+6, 0x1.3965a578f5e01p+6, 0x1.3992b845d724cp+6, 
0x1.3f71e59d28447p+6, 0x1.38dffdc43b83cp+6, 0x1.343fc2b7f5fb2p+6, 
0x1.380418eab290ep+6, 0x1.3cce6e9cebb39p+6, 0x1.39ad7fbdfb4dcp+6, 
0x1.3ff385200feaep+6, 0x1.44b4d81be05b5p+6, 0x1.45168bbab3c59p+6, 
0x1.3d25867cb1568p+6, 0x1.3fc4a3a967eddp+6, 0x1.3b572382103b1p+6, 
0x1.3f43b1d829cd3p+6, 0x1.44e0ce75995f3p+6, 0x1.43525ae904bbdp+6, 
0x1.47d2a47dce37p+6, 0x1.480cf801030a5p+6, 0x1.4a94d6e72cf55p+6, 
0x1.4aff13da52716p+6, 0x1.4db5d8952cf86p+6, 0x1.4c07fed80cc6ep+6, 
0x1.4a558f4786267p+6, 0x1.4931efdf208c6p+6, 0x1.4dc9152e3a7bp+6, 
0x1.4989eb8472ebep+6, 0x1.59893b19868edp+6, 0x1.5712acd489da9p+6, 
0x1.5301db3397ddp+6, 0x1.514a84416db39p+6, 0x1.5572605428a13p+6, 
0x1.592c277befe58p+6, 0x1.5ce0fa4a337fep+6, 0x1.5c65fb135c285p+6, 
0x1.5f76f2277a426p+6, 0x1.5daaa75dfd614p+6, 0x1.61794e35c3058p+6, 
0x1.66ceaaebfc67fp+6, 0x1.5f930b1a3a68ep+6, 0x1.6d021449e3f9cp+6, 
0x1.71edadf2970bdp+6, 0x1.7436aaba534d8p+6, 0x1.73f6b705bb2aep+6, 
0x1.72218f1734a5p+6, 0x1.758b5e9e70eedp+6, 0x1.77ba3c165bb71p+6, 
0x1.7c8cb5634eaeep+6, 0x1.840a984129ebep+6, 0x1.8651b47fa3fa2p+6, 
0x1.90bd67851f642p+6, 0x1.919ff4ef55b8cp+6, 0x1.84ac8dc321a84p+6, 
0x1.89234c19def95p+6, 0x1.8daa084fafc0ap+6, 0x1.93855f82f2633p+6, 
0x1.8fc26aeaaf8bdp+6, 0x1.933daa98f0516p+6, 0x1.98b005483e5d3p+6, 
0x1.964c4c66e0dfbp+6, 0x1.9e8d489ba5378p+6, 0x1.9d07e316903a5p+6, 
0x1.98585fbc2839ep+6, 0x1.a151742c77ad3p+6, 0x1.a06f6f8a517d2p+6, 
0x1.9c3ece1c023f2p+6, 0x1.a4969d7297214p+6, 0x1.a0e75b8becddcp+6, 
0x1.9b11329bde985p+6, 0x1.a284b235f2ab3p+6, 0x1.9b67505fbed77p+6, 
0x1.9aa72aae29739p+6, 0x1.a009988bd286ap+6, 0x1.97d10bbefafd1p+6, 
0x1.9a9b31aa9cf72p+6, 0x1.9ca9a7c0cebccp+6, 0x1.a2459f0b737bap+6, 
0x1.6c3147a55b18dp+6, 0x1.3bfa583c82116p+6, 0x1.5b6f7ca267f46p+6, 
0x1.6b9be2a5d20c2p+6, 0x1.910322a1eb77bp+6, 0x1.8d7b03c5dd447p+6, 
0x1.8e08ab1dfb689p+6, 0x1.8ed6e54061192p+6, 0x1.89c91c22a068fp+6, 
0x1.7df5b24d44ac5p+6, 0x1.6e80bf66ddafap+6, 0x1.873f7059af48ep+6, 
0x1.8807b1265325fp+6, 0x1.838ed06e97e33p+6, 0x1.83460b6ef3fe9p+6, 
0x1.8f0beea564a8fp+6, 0x1.936119be9800cp+6, 0x1.93c0fd7388b8dp+6, 
0x1.9636df2ac855ap+6, 0x1.92e023d11586dp+6, 0x1.9c5c306a560a2p+6, 
0x1.9a19a7a7fa2f8p+6, 0x1.a541a5aca25fep+6, 0x1.a5ddb52362db9p+6, 
0x1.aa59f7484b734p+6, 0x1.aca8901b15b01p+6, 0x1.ad892c53f0edfp+6, 
0x1.b0fd5b924cf42p+6, 0x1.ad4d31e1fa5b8p+6, 0x1.b1f7f3db8475ap+6, 
0x1.ab48c1e466718p+6, 0x1.aca1c8d5466ep+6, 0x1.ac96a6a215bfp+6, 
0x1.a6625ea09f476p+6, 0x1.ab8a46f608b05p+6, 0x1.afd30772bb088p+6, 
0x1.b443f472832a4p+6, 0x1.a98d7e9f6d432p+6, 0x1.b2b90084b531p+6, 
0x1.a95159c5ef0d1p+6, 0x1.a2e89a011d8c5p+6, 0x1.9c77bdd05aa0ep+6, 
0x1.a88d427eaaaaep+6, 0x1.a4557677ab883p+6, 0x1.adaf0cc50a60bp+6, 
0x1.ad5f501495635p+6, 0x1.ab40c1f32a03bp+6, 0x1.ad28f1c1cec1fp+6, 
0x1.b02c7b8f178a9p+6, 0x1.ac1db2f86556fp+6, 0x1.a4ff5f38caa1dp+6, 
0x1.a2c9cb9f503cep+6, 0x1.a35ef5d65b6bep+6, 0x1.a3d93d9fc8b2bp+6, 
0x1.a3821adfaa4a1p+6, 0x1.a610d22a84b8ep+6, 0x1.a9b1458dd3bdbp+6, 
0x1.ade49151cc7b7p+6, 0x1.afdea250cd4dp+6, 0x1.adb23cbd7596ep+6, 
0x1.a1356a964bdc5p+6, 0x1.a367647afecedp+6)), class = "data.frame", row.names = c(NA, 
-172L))
