structure(list(period_id = c("1995Q1", "1995Q2", "1995Q3", "1995Q4", 
"1996Q1", "1996Q2", "1996Q3", "1996Q4", "1997Q1", "1997Q2", "1997Q3", 
"1997Q4", "1998Q1", "1998Q2", "1998Q3", "1998Q4", "1999Q1", "1999Q2", 
"1999Q3", "1999Q4", "2000Q1", "2000Q2", "2000Q3", "2000Q4", "2001Q1", 
"2001Q2", "2001Q3", "2001Q4", "2002Q1", "2002Q2", "2002Q3", "2002Q4", 
"2003Q1", "2003Q2", "2003Q3", "2003Q4", "2004Q1", "2004Q2", "2004Q3", 
"2004Q4", "2005Q1", "2005Q2", "2005Q3", "2005Q4", "2006Q1", "2006Q2", 
"2006Q3", "2006Q4", "2007Q1", "2007Q2", "2007Q3", "2007Q4", "2008Q1", 
"2008Q2", "2008Q3", "2008Q4", "2009Q1", "2009Q2", "2009Q3", "2009Q4", 
"2010Q1", "2010Q2", "2010Q3", "2010Q4", "2011Q1", "2011Q2", "2011Q3", 
"2011Q4", "2012Q1", "2012Q2", "2012Q3", "2012Q4", "2013Q1", "2013Q2", 
"2013Q3", "2013Q4", "2014Q1", "2014Q2", "2014Q3", "2014Q4", "2015Q1", 
"2015Q2", "2015Q3", "2015Q4", "2016Q1", "2016Q2", "2016Q3", "2016Q4", 
"2017Q1", "2017Q2", "2017Q3", "2017Q4", "2018Q1", "2018Q2", "2018Q3", 
"2018Q4", "2019Q1", "2019Q2", "2019Q3", "2019Q4", "2020Q1", "2020Q2", 
"2020Q3", "2020Q4", "2021Q1", "2021Q2", "2021Q3", "2021Q4", "2022Q1", 
"2022Q2", "2022Q3", "2022Q4", "2023Q1", "2023Q2", "2023Q3", "2023Q4", 
"2024Q1", "2024Q2", "2024Q3", "2024Q4", "2025Q1", "2025Q2"), 
    value = c(NA, NA, NA, NA, 0x1.97b32a94ff002p+9, 0x1.99fecaab8a5cep+9, 
    0x1.9fd98d79d0a67p+9, 0x1.a4b78e64b2314p+9, 0x1.aa4ee52589268p+9, 
    0x1.b4e9a6612839p+9, 0x1.b8e99c7368ad7p+9, 0x1.be3202c9081c3p+9, 
    0x1.c19a3bc4d22c9p+9, 0x1.c7906d698fe69p+9, 0x1.cf9e3dab5c39cp+9, 
    0x1.d75c2d6a9c561p+9, 0x1.e14cfe3f359ffp+9, 0x1.0a56d9fd36f7ep+10, 
    0x1.ea69b6fe2e6ebp+9, 0x1.f1502528ae74fp+9, 0x1.fa0d2630ec311p+9, 
    0x1.fe28b3700474ep+9, 0x1.0078e87d2c7b9p+10, 0x1.fd007485e3da3p+9, 
    0x1.f7cb9cb6848bfp+9, 0x1.fa999a73b42ccp+9, 0x1.fb54185058ddep+9, 
    0x1.0001d49d7ba67p+10, 0x1.fff6dfce3150ep+9, 0x1.0004eeed8904fp+10, 
    0x1.ffb6d1e96c3fcp+9, 0x1.0084870110a13p+10, 0x1.01c79bbf0dc77p+10, 
    0x1.018645f9df549p+10, 0x1.03d82070b8cfcp+10, 0x1.0708e83a109dp+10, 
    0x1.08a185fd04a3p+10, 0x1.0b0fa76102795p+10, 0x1.0f04bb517a461p+10, 
    0x1.112bd78811b1ep+10, 0x1.163dde5082cf5p+10, 0x1.19672018a43bbp+10, 
    0x1.1e7bff79c843p+10, 0x1.231fd7add15fp+10, 0x1.24ff5a3e39f77p+10, 
    0x1.2b645e9185ceep+10, 0x1.2b9cc193b3a69p+10, 0x1.2f099142b302fp+10, 
    0x1.342688c1db014p+10, 0x1.3766d22424a27p+10, 0x1.3fd5019f3c70dp+10, 
    0x1.46637f38c5437p+10, 0x1.4aad2d72ffd1ep+10, 0x1.4ee5e2ef4e011p+10, 
    0x1.4d7dd438d1d8ap+10, 0x1.4c8bc0fcb4f1ep+10, 0x1.2375b8950763ap+10, 
    0x1.22ee405708249p+10, 0x1.25d251efb6dcap+10, 0x1.240c6e9ff0cbbp+10, 
    0x1.216b944241c3fp+10, 0x1.261917dae8188p+10, 0x1.26017368ad688p+10, 
    0x1.2d3ded30f062dp+10, 0x1.38e1603925bb8p+10, 0x1.361d73eab367ap+10, 
    0x1.2e0eff6d33094p+10, 0x1.29c9b1c432ca5p+10, 0x1.2c80ca70d1fa3p+10, 
    0x1.2155a89331a09p+10, 0x1.27d5acc4ef88cp+10, 0x1.0e0caf640639dp+10, 
    0x1.14dbcb6c7a7cap+10, 0x1.164a46bf01323p+10, 0x1.1cbd39eadd591p+10, 
    0x1.1f5226394facep+10, 0x1.0e0c58d5842b7p+10, 0x1.1496724b76f6dp+10, 
    0x1.19e7cb4289119p+10, 0x1.157fab68cef67p+10, 0x1.16f42938de6dep+10, 
    0x1.1e171b6d43d04p+10, 0x1.1b22a25d8d79dp+10, 0x1.1891977c88e7ap+10, 
    0x1.1a16109d0635ap+10, 0x1.22da7c8d19589p+10, 0x1.1d6eb7b28954ap+10, 
    0x1.25df04c48adefp+10, 0x1.27cd7bcc2938ep+10, 0x1.2d5cce8101f32p+10, 
    0x1.2e945b078d93p+10, 0x1.326900c0f01fcp+10, 0x1.394910adcd2d4p+10, 
    0x1.38bae9ee45c36p+10, 0x1.3f9cfb43d89cep+10, 0x1.3a6c04039abf3p+10, 
    0x1.418b05dd8f92bp+10, 0x1.3bb4cb4f1e4b4p+10, 0x1.42eca6dacabc5p+10, 
    0x1.49ccfd9ba1b19p+10, 0x1.0948b03e20cdp+10, 0x1.091a6cce5f74p+10, 
    0x1.3aa684a9478c8p+10, 0x1.18439e279dd3cp+10, 0x1.2de18eb0318b9p+10, 
    0x1.3ee53821af7d3p+10, 0x1.4d12bbcf4e875p+10, 0x1.50385f3519bd4p+10, 
    0x1.549e1dffc547ap+10, 0x1.570928bb0a2cbp+10, 0x1.4d19f55582129p+10, 
    0x1.4383b5b2d4d4p+10, 0x1.4865a22706d5p+10, 0x1.4b74897204296p+10, 
    0x1.4b41cde5d1809p+10, 0x1.58cc90470a809p+10, 0x1.471ea02fb5d03p+10, 
    0x1.4d9b7a8d64d7fp+10, 0x1.514f475e6362ap+10, 0x1.52bbf51697f2p+10, 
    0x1.54a8fddebd902p+10, 0x1.53220bbb1f256p+10)), class = "data.frame", row.names = c(NA, 
-122L))
