structure(list(period_id = c("1995Q1", "1995Q2", "1995Q3", "1995Q4", 
"1996Q1", "1996Q2", "1996Q3", "1996Q4", "1997Q1", "1997Q2", "1997Q3", 
"1997Q4", "1998Q1", "1998Q2", "1998Q3", "1998Q4", "1999Q1", "1999Q2", 
"1999Q3", "1999Q4", "2000Q1", "2000Q2", "2000Q3", "2000Q4", "2001Q1", 
"2001Q2", "2001Q3", "2001Q4", "2002Q1", "2002Q2", "2002Q3", "2002Q4", 
"2003Q1", "2003Q2", "2003Q3", "2003Q4", "2004Q1", "2004Q2", "2004Q3", 
"2004Q4", "2005Q1", "2005Q2", "2005Q3", "2005Q4", "2006Q1", "2006Q2", 
"2006Q3", "2006Q4", "2007Q1", "2007Q2", "2007Q3", "2007Q4", "2008Q1", 
"2008Q2", "2008Q3", "2008Q4", "2009Q1", "2009Q2", "2009Q3", "2009Q4", 
"2010Q1", "2010Q2", "2010Q3", "2010Q4", "2011Q1", "2011Q2", "2011Q3", 
"2011Q4", "2012Q1", "2012Q2", "2012Q3", "2012Q4", "2013Q1", "2013Q2", 
"2013Q3", "2013Q4", "2014Q1", "2014Q2", "2014Q3", "2014Q4", "2015Q1", 
"2015Q2", "2015Q3", "2015Q4", "2016Q1", "2016Q2", "2016Q3", "2016Q4", 
"2017Q1", "2017Q2", "2017Q3", "2017Q4", "2018Q1", "2018Q2", "2018Q3", 
"2018Q4", "2019Q1", "2019Q2", "2019Q3", "2019Q4", "2020Q1", "2020Q2", 
"2020Q3", "2020Q4", "2021Q1", "2021Q2", "2021Q3", "2021Q4", "2022Q1", 
"2022Q2", "2022Q3", "2022Q4", "2023Q1", "2023Q2", "2023Q3", "2023Q4", 
"2024Q1", "2024Q2", "2024Q3", "2024Q4", "2025Q1", "2025Q2"), 
    value = c(0x1.2da00a9de8b3bp+7, 0x1.2c31e9d0e992p+7, 0x1.2844b46bacf74p+7, 
    0x1.409c58cd20afap+7, 0x1.4d773300de4c5p+7, 0x1.593ef6f8f0414p+7, 
    0x1.71c27e0ef998p+7, 0x1.7320b6f9fcb0cp+7, 0x1.68f6dacabc515p+7, 
    0x1.7d8b269df97abp+7, 0x1.9a066cb10342bp+7, 0x1.9f6ed19dece57p+7, 
    0x1.b046b95e5aff3p+7, 0x1.bdff0c564f97fp+7, 0x1.d0ad5b6805a2dp+7, 
    0x1.d85838194c016p+7, 0x1.e6cec1c1d6cf8p+7, 0x1.0151a4f00ef13p+8, 
    0x1.11a3342edbb5ap+8, 0x1.19bbca1059ea5p+8, 0x1.1041d8c6d612cp+8, 
    0x1.1a0034e3369bap+8, 0x1.302776a2f48c3p+8, 0x1.36f4094e5d5b2p+8, 
    0x1.3ed074a771c97p+8, 0x1.5001f9ce8d973p+8, 0x1.58df87485e3dap+8, 
    0x1.5c5373f316e37p+8, 0x1.a3982ce46499p+8, 0x1.957a2b1704ff4p+8, 
    0x1.993d5f45e0b4ep+8, 0x1.beb49613d31bap+8, 0x1.c2bd75e2046c7p+8, 
    0x1.df12ef8055fbbp+8, 0x1.e655bd4067cf2p+8, 0x1.d9fba16e7a312p+8, 
    0x1.f13ded06fef7cp+8, 0x1.0285b4f616723p+9, 0x1.f67771da37ef6p+8, 
    0x1.12a88c9b84556p+9, 0x1.f36fd60e94ee4p+8, 0x1.0e9c77b395c42p+9, 
    0x1.04aaefed63455p+9, 0x1.0b0ef0307f23dp+9, 0x1.101f79a6b50b1p+9, 
    0x1.1ca4057082492p+9, 0x1.22277c45cbbc3p+9, 0x1.33960370cdc87p+9, 
    0x1.405806c8711d8p+9, 0x1.43f916440f239p+9, 0x1.55c2db0dd82fdp+9, 
    0x1.59268c60cbf2bp+9, 0x1.79bca78af3e47p+9, 0x1.71bb3cd573648p+9, 
    0x1.7dee9bae46cfdp+9, 0x1.68f008d8ec95cp+9, 0x1.6944a59c065b6p+9, 
    0x1.5f45ba3443d47p+9, 0x1.5ee9b7281fd9cp+9, 0x1.64d46f71a7e31p+9, 
    0x1.79973bd167664p+9, 0x1.72292ebe596c8p+9, 0x1.6ec64a4095f24p+9, 
    0x1.6d2d628459967p+9, 0x1.72ac9fe86833cp+9, 0x1.773a57d9dba91p+9, 
    0x1.76b4945f9df55p+9, 0x1.761386db50f41p+9, 0x1.73f255fbb517ap+9, 
    0x1.6edf310129cbbp+9, 0x1.6c39af4adbc66p+9, 0x1.6c936dca07f67p+9, 
    0x1.6be729670196ep+9, 0x1.6fee1565c2d28p+9, 0x1.70f0fef7c243ep+9, 
    0x1.7a0b7763e4abep+9, 0x1.82a2bb6ed6777p+9, 0x1.8ac9f4128bf3cp+9, 
    0x1.8e609f16b11c7p+9, 0x1.8ecf1f79420b4p+9, 0x1.9435acb428912p+9, 
    0x1.94cb5d56f32bep+9, 0x1.9cf7d074213a1p+9, 0x1.9fc8b0a6fc58bp+9, 
    0x1.9efbeab367a1p+9, 0x1.a506df71eafeep+9, 0x1.ab4631d712a0fp+9, 
    0x1.b0e79b4dcebffp+9, 0x1.bfd3ed3953deap+9, 0x1.c9f40e1719f8p+9, 
    0x1.d30e288051c9fp+9, 0x1.de87c6c97d8cfp+9, 0x1.e5eadc4c9c90cp+9, 
    0x1.f17f36ef8056p+9, 0x1.f5f9f80991794p+9, 0x1.00c9f4b61fe22p+10, 
    0x1.016c64b662fep+10, 0x1.050d7ca643ccp+10, 0x1.073472799a1fdp+10, 
    0x1.08ab5c896dd27p+10, 0x1.0ae60520d130ep+10, 0x1.b525eec39799ep+9, 
    0x1.e21cb3b320536p+9, 0x1.f88a642396074p+9, 0x1.096f94d50ebabp+10, 
    0x1.11a2eb463497bp+10, 0x1.182f72580c309p+10, 0x1.2237f0cbaf966p+10, 
    0x1.2c668a43bb40bp+10, 0x1.38fea122fad6dp+10, 0x1.415023bff8a8fp+10, 
    0x1.4b2a28240b78p+10, 0x1.551af7db6e504p+10, 0x1.593aa37ef5a96p+10, 
    0x1.6087b463497b7p+10, 0x1.65442dadb8349p+10, 0x1.69c32e9ccb7d4p+10, 
    0x1.6ccc9d5e4a383p+10, 0x1.7219f9c62a1b6p+10, 0x1.7728ce13f4a99p+10, 
    0x1.7b673c5bd0e13p+10, 0x1.803f068986fcep+10)), class = "data.frame", row.names = c(NA, 
-122L))
