structure(list(period_id = c("1995Q1", "1995Q2", "1995Q3", "1995Q4", 
"1996Q1", "1996Q2", "1996Q3", "1996Q4", "1997Q1", "1997Q2", "1997Q3", 
"1997Q4", "1998Q1", "1998Q2", "1998Q3", "1998Q4", "1999Q1", "1999Q2", 
"1999Q3", "1999Q4", "2000Q1", "2000Q2", "2000Q3", "2000Q4", "2001Q1", 
"2001Q2", "2001Q3", "2001Q4", "2002Q1", "2002Q2", "2002Q3", "2002Q4", 
"2003Q1", "2003Q2", "2003Q3", "2003Q4", "2004Q1", "2004Q2", "2004Q3", 
"2004Q4", "2005Q1", "2005Q2", "2005Q3", "2005Q4", "2006Q1", "2006Q2", 
"2006Q3", "2006Q4", "2007Q1", "2007Q2", "2007Q3", "2007Q4", "2008Q1", 
"2008Q2", "2008Q3", "2008Q4", "2009Q1", "2009Q2", "2009Q3", "2009Q4", 
"2010Q1", "2010Q2", "2010Q3", "2010Q4", "2011Q1", "2011Q2", "2011Q3", 
"2011Q4", "2012Q1", "2012Q2", "2012Q3", "2012Q4", "2013Q1", "2013Q2", 
"2013Q3", "2013Q4", "2014Q1", "2014Q2", "2014Q3", "2014Q4", "2015Q1", 
"2015Q2", "2015Q3", "2015Q4", "2016Q1", "2016Q2", "2016Q3", "2016Q4", 
"2017Q1", "2017Q2", "2017Q3", "2017Q4", "2018Q1", "2018Q2", "2018Q3", 
"2018Q4", "2019Q1", "2019Q2", "2019Q3", "2019Q4", "2020Q1", "2020Q2", 
"2020Q3", "2020Q4", "2021Q1", "2021Q2", "2021Q3", "2021Q4", "2022Q1", 
"2022Q2", "2022Q3", "2022Q4", "2023Q1", "2023Q2", "2023Q3", "2023Q4", 
"2024Q1", "2024Q2", "2024Q3"), value = c(0x1.3924e3150dae4p+7, 
0x1.b5cbcb1cc9646p+7, 0x1.d9ac45cbbc2b9p+7, 0x1.b42719b4dcecp+7, 
0x1.d11ccd9620685p+7, 0x1.dcdd8665e02ebp+7, 0x1.cb73a1d323feep+7, 
0x1.767d2e9468017p+7, 0x1.b91a13c254a3cp+7, 0x1.26f956d19decep+8, 
0x1.c3da00192a737p+7, 0x1.aba9e731d2e0ep+7, 0x1.cb455cd91eeaap+7, 
0x1.0a443e63e8ddap+8, 0x1.0fef380cb6c7ap+8, 0x1.10ac35158b828p+8, 
0x1.233859c8c9321p+8, 0x1.84996798958dap+8, 0x1.e6b34fe79ee03p+7, 
0x1.1856fba01eeeep+8, 0x1.2919a9973d9ecp+8, 0x1.29ff1055b8994p+8, 
0x1.1a2f0c1333b97p+8, 0x1.222edb2f661f2p+8, 0x1.1d292b2bfdb4dp+8, 
0x1.37eaef2c73259p+8, 0x1.2f86e514c22eep+8, 0x1.3dff3d6c72192p+8, 
0x1.4332e5cd4ed2dp+8, 0x1.4adf87379746p+8, 0x1.5252d6a9c560cp+8, 
0x1.5973b1290257dp+8, 0x1.55cd60b6f9fcbp+8, 0x1.79a1c8754f377p+8, 
0x1.6fc899f1ae2dap+8, 0x1.a368f9096bb99p+8, 0x1.8552e33eff195p+8, 
0x1.a2d6e21101bp+8, 0x1.ae83dc9c4da9p+8, 0x1.b92f74ddf86e4p+8, 
0x1.9fcceb24a6a87p+8, 0x1.c9dc201cd5f9ap+8, 0x1.a80298aa8650ep+8, 
0x1.a7b877143393bp+8, 0x1.9fba2ad3e920cp+8, 0x1.cf5ad245b291cp+8, 
0x1.b70b3fe9fadbp+8, 0x1.d01381d7dbf48p+8, 0x1.d5cc08637bd06p+8, 
0x1.043ef861a60d4p+9, 0x1.02eb71fbc5deap+9, 0x1.0b5215ebfa8f8p+9, 
0x1.156e5c5718eb9p+9, 0x1.25c1374bc6a7fp+9, 0x1.106d37c1376d5p+9, 
0x1.04bcd352220bcp+9, 0x1.da477521144ccp+8, 0x1.f7441c2e33effp+8, 
0x1.029ae2da554b9p+9, 0x1.0304862f5989ep+9, 0x1.0acb4dc65c704p+9, 
0x1.0089f9591cd1cp+9, 0x1.e6f0692f6e829p+8, 0x1.f61f621fafc8bp+8, 
0x1.e9dc4b5dcc63fp+8, 0x1.e3f5807fed203p+8, 0x1.c7a26d7a56de3p+8, 
0x1.e7fb35c182ecbp+8, 0x1.c4473083558a7p+8, 0x1.b1077f38c5437p+8, 
0x1.8e669ca9ef523p+8, 0x1.93c424c404a73p+8, 0x1.75882e019b0abp+8, 
0x1.a3aeaaf35e311p+8, 0x1.6bd69973d9ec7p+8, 0x1.815a28bb0a2cbp+8, 
0x1.75c1cbbc2b94ep+8, 0x1.991aaae297397p+8, 0x1.92f71f36262ccp+8, 
0x1.b0a627179bfdfp+8, 0x1.aa433a9b06812p+8, 0x1.bc3013986338bp+8, 
0x1.adb6ecaeea63bp+8, 0x1.c60f0e7ff583ap+8, 0x1.cf93ed527e521p+8, 
0x1.ef84918e325d5p+8, 0x1.d606598e10cf6p+8, 0x1.010befd00713fp+9, 
0x1.0c9db95a29414p+9, 0x1.1f03d0b73d189p+9, 0x1.078d704790b85p+9, 
0x1.1d060e1719f8p+9, 0x1.170bf8d2e514cp+9, 0x1.2acb771865519p+9, 
0x1.147fede97d06cp+9, 0x1.23a5021d10b2p+9, 0x1.30dab6177ea1cp+9, 
0x1.3acc9e8815e39p+9, 0x1.272566f0cfe15p+9, 0x1.3a2b7dc7abfbap+9, 
0x1.063af0281ba8p+9, 0x1.1e74ee8d10f52p+9, 0x1.4e89cbccf28c8p+9, 
0x1.0efe9bd8383aep+9, 0x1.59e88db8bac71p+9, 0x1.8ecdb83cf2cf9p+9, 
0x1.8a1a20b3d4ae4p+9, 0x1.a1e42cb20fb22p+9, 0x1.630fe21d96e9cp+9, 
0x1.997f28e0c9d9dp+9, 0x1.965d63baba7b9p+9, 0x1.b627564b662fep+9, 
0x1.9f11b1fab96f2p+9, 0x1.cb9e83e425aeep+9, 0x1.98816d8f4f93cp+9, 
0x1.b6939de481f54p+9, 0x1.bc11aeee95747p+9, 0x1.daf919d66adb4p+9, 
0x1.aff2ef240fa9cp+9)), class = "data.frame", row.names = c(NA, 
-119L))
