structure(list(period_id = c("1995Q1", "1995Q2", "1995Q3", "1995Q4", 
"1996Q1", "1996Q2", "1996Q3", "1996Q4", "1997Q1", "1997Q2", "1997Q3", 
"1997Q4", "1998Q1", "1998Q2", "1998Q3", "1998Q4", "1999Q1", "1999Q2", 
"1999Q3", "1999Q4", "2000Q1", "2000Q2", "2000Q3", "2000Q4", "2001Q1", 
"2001Q2", "2001Q3", "2001Q4", "2002Q1", "2002Q2", "2002Q3", "2002Q4", 
"2003Q1", "2003Q2", "2003Q3", "2003Q4", "2004Q1", "2004Q2", "2004Q3", 
"2004Q4", "2005Q1", "2005Q2", "2005Q3", "2005Q4", "2006Q1", "2006Q2", 
"2006Q3", "2006Q4", "2007Q1", "2007Q2", "2007Q3", "2007Q4", "2008Q1", 
"2008Q2", "2008Q3", "2008Q4", "2009Q1", "2009Q2", "2009Q3", "2009Q4", 
"2010Q1", "2010Q2", "2010Q3", "2010Q4", "2011Q1", "2011Q2", "2011Q3", 
"2011Q4", "2012Q1", "2012Q2", "2012Q3", "2012Q4", "2013Q1", "2013Q2", 
"2013Q3", "2013Q4", "2014Q1", "2014Q2", "2014Q3", "2014Q4", "2015Q1", 
"2015Q2", "2015Q3", "2015Q4", "2016Q1", "2016Q2", "2016Q3", "2016Q4", 
"2017Q1", "2017Q2", "2017Q3", "2017Q4", "2018Q1", "2018Q2", "2018Q3", 
"2018Q4", "2019Q1", "2019Q2", "2019Q3", "2019Q4", "2020Q1", "2020Q2", 
"2020Q3", "2020Q4", "2021Q1", "2021Q2", "2021Q3", "2021Q4", "2022Q1", 
"2022Q2", "2022Q3", "2022Q4", "2023Q1", "2023Q2", "2023Q3", "2023Q4", 
"2024Q1", "2024Q2", "2024Q3", "2024Q4", "2025Q1", "2025Q2", "2025Q3"
), value = c(0x1.bd94d855970b5p+8, 0x1.ce4fb05faebc4p+8, 0x1.e352c647778ddp+8, 
0x1.fca11e215336ep+8, 0x1.0d1e0f01fb82cp+9, 0x1.1a07e75bc44bfp+9, 
0x1.250e10060781p+9, 0x1.2e3050268900cp+9, 0x1.356f906466b1ep+9, 
0x1.3d8167c286f8bp+9, 0x1.4666347629521p+9, 0x1.501e5b4245f5bp+9, 
0x1.5aa9908e581cfp+9, 0x1.647f014b599aap+9, 0x1.6da0289118c19p+9, 
0x1.760b79207d4e1p+9, 0x1.7dc018372e6a7p+9, 0x1.860e600b02928p+9, 
0x1.8ef6432ca57a8p+9, 0x1.987834b945309p+9, 0x1.a293a73b42cc3p+9, 
0x1.ad1e62456f75ep+9, 0x1.b81890d5a5b96p+9, 0x1.c381e6cd29132p+9, 
0x1.cf596b6e0d23dp+9, 0x1.dae7d91ab8e8fp+9, 0x1.e62c7eb6bf445p+9, 
0x1.f127beb9e492cp+9, 0x1.fbd876965f527p+9, 0x1.030b6e5cd4ed3p+10, 
0x1.07f12c4934268p+10, 0x1.0c9d98a65493p+10, 0x1.111095b78cc9ap+10, 
0x1.1641e5d18090bp+10, 0x1.1c319528f190dp+10, 0x1.22dfbcec84f9p+10, 
0x1.2a4c34efcbd55p+10, 0x1.312a455eaee2p+10, 0x1.377aa9e2bcf92p+10, 
0x1.3d3c973d9ec7p+10, 0x1.426f62ae4b018p+10, 0x1.4790f6cacd185p+10, 
0x1.4ca14a0e410b6p+10, 0x1.51a0cd6c2efd4p+10, 0x1.568f65668c261p+10, 
0x1.5bdb9ce075f7p+10, 0x1.6185c64fdb09ap+10, 0x1.678d9d16fc9bcp+10, 
0x1.6df32becedd48p+10, 0x1.7518e04c05921p+10, 0x1.7cfec0bdcad15p+10, 
0x1.85a51b6d43d04p+10, 0x1.8f0b7e5647347p+10, 0x1.9688601ffb481p+10, 
0x1.9c1c082cf52b9p+10, 0x1.9fc63f1c75819p+10, 0x1.a1872b3cc4ac7p+10, 
0x1.a3d377318fc5p+10, 0x1.a6ab4024b33dbp+10, 0x1.aa0edaf07bfe8p+10, 
0x1.adfdfbc1acde2p+10, 0x1.b1cb8d4fdf3b6p+10, 0x1.b57839a38fbcap+10, 
0x1.b9034e11dbca9p+10, 0x1.bc6c9e774eebfp+10, 0x1.bf97e215336dfp+10, 
0x1.c28575ee99a63p+10, 0x1.c535421c04428p+10, 0x1.c7a6eaa2a0a96p+10, 
0x1.c9b8423d9231cp+10, 0x1.cb69892253112p+10, 0x1.ccbac286f8ad2p+10, 
0x1.cdac01f75104dp+10, 0x1.cea0872f33ca3p+10, 0x1.cf98ed527e521p+10, 
0x1.d094b3700474ep+10, 0x1.d19403afb7e91p+10, 0x1.d327d24180d3dp+10, 
0x1.d55118372e6a7p+10, 0x1.d80f6cd6c2efdp+10, 0x1.db62d27c39368p+10, 
0x1.de1c5918a009fp+10, 0x1.e03cde3b8a19dp+10, 0x1.e1c3b445ed4a2p+10, 
0x1.e2b05caf2d7f9p+10, 0x1.e3fae89a88acep+10, 0x1.e5a299c38b04bp+10, 
0x1.e7a818efbb0e6p+10, 0x1.ea0b0b0af5fd4p+10, 0x1.ece6dfa871a3bp+10, 
0x1.f03ae9680e065p+10, 0x1.f40781626b2f2p+10, 0x1.f84d7d1fe64f5p+10, 
0x1.fce2051c9f72fp+10, 0x1.00e357b41bfbep+11, 0x1.037cb7d63022ep+11, 
0x1.063c21fd1569fp+11, 0x1.088913964a59cp+11, 0x1.0a63beff19503p+11, 
0x1.0bcc0ecfa69bep+11, 0x1.0cefdd7ecbb8p+11, 0x1.0ed2248f96e16p+11, 
0x1.11864ce5f7404p+11, 0x1.150c669270b07p+11, 0x1.1964737974602p+11, 
0x1.208ae5d3996fbp+11, 0x1.2a7faf5ba2bep+11, 0x1.37427329c347fp+11, 
0x1.46d30c8259e1fp+11, 0x1.53d82d3e920cp+11, 0x1.5e523191dde37p+11, 
0x1.66429acde19fcp+11, 0x1.6ba81f4d37c13p+11, 0x1.7068b65ecc3e3p+11, 
0x1.7482da1ec4e72p+11, 0x1.77f564b44a1f1p+11, 0x1.7ac1969c23b79p+11, 
0x1.7eca0a88effe3p+11, 0x1.840ef7ad4b274p+11, 0x1.8a8e91fd5885dp+11, 
0x1.924a4fa26a22bp+11, 0x1.99bb4ea077037p+11, 0x1.a0e34b09e98ddp+11
)), class = "data.frame", row.names = c(NA, -123L))
