structure(list(period_id = c("2000", "2001", "2002", "2003", 
"2004", "2005", "2006", "2007", "2008", "2009", "2010", "2011", 
"2012", "2013", "2014", "2015", "2016", "2017", "2018", "2019", 
"2020", "2021", "2022"), value = c(NA, NA, NA, NA, NA, NA, NA, 
NA, NA, NA, NA, NA, NA, NA, NA, NA, NA, NA, 0x1.c1fe3676ea423p+12, 
0x1.de6941a9b8cb9p+12, 0x1.b2e1c323358f3p+12, 0x1.fa80f43d89ce5p+12, 
0x1.23c63f023e9eap+13)), class = "data.frame", row.names = c(NA, 
-23L))
