structure(list(period_id = c("1995Q1", "1995Q2", "1995Q3", "1995Q4", 
"1996Q1", "1996Q2", "1996Q3", "1996Q4", "1997Q1", "1997Q2", "1997Q3", 
"1997Q4", "1998Q1", "1998Q2", "1998Q3", "1998Q4", "1999Q1", "1999Q2", 
"1999Q3", "1999Q4", "2000Q1", "2000Q2", "2000Q3", "2000Q4", "2001Q1", 
"2001Q2", "2001Q3", "2001Q4", "2002Q1", "2002Q2", "2002Q3", "2002Q4", 
"2003Q1", "2003Q2", "2003Q3", "2003Q4", "2004Q1", "2004Q2", "2004Q3", 
"2004Q4", "2005Q1", "2005Q2", "2005Q3", "2005Q4", "2006Q1", "2006Q2", 
"2006Q3", "2006Q4", "2007Q1", "2007Q2", "2007Q3", "2007Q4", "2008Q1", 
"2008Q2", "2008Q3", "2008Q4", "2009Q1", "2009Q2", "2009Q3", "2009Q4", 
"2010Q1", "2010Q2", "2010Q3", "2010Q4", "2011Q1", "2011Q2", "2011Q3", 
"2011Q4", "2012Q1", "2012Q2", "2012Q3", "2012Q4", "2013Q1", "2013Q2", 
"2013Q3", "2013Q4", "2014Q1", "2014Q2", "2014Q3", "2014Q4", "2015Q1", 
"2015Q2", "2015Q3", "2015Q4", "2016Q1", "2016Q2", "2016Q3", "2016Q4", 
"2017Q1", "2017Q2", "2017Q3", "2017Q4", "2018Q1", "2018Q2", "2018Q3", 
"2018Q4", "2019Q1", "2019Q2", "2019Q3", "2019Q4", "2020Q1", "2020Q2", 
"2020Q3", "2020Q4", "2021Q1", "2021Q2", "2021Q3", "2021Q4", "2022Q1", 
"2022Q2", "2022Q3", "2022Q4", "2023Q1", "2023Q2", "2023Q3", "2023Q4", 
"2024Q1", "2024Q2", "2024Q3", "2024Q4", "2025Q1"), value = c(NA, 
NA, NA, NA, 0x1.97b32a94ff002p+9, 0x1.99fecaab8a5cep+9, 0x1.9fd98d79d0a67p+9, 
0x1.a4b78e64b2314p+9, 0x1.aa4ee52589268p+9, 0x1.b4e9a6612839p+9, 
0x1.b8e99c7368ad7p+9, 0x1.be3202c9081c3p+9, 0x1.c19a3bc4d22c9p+9, 
0x1.c7906d698fe69p+9, 0x1.cf9e3dab5c39cp+9, 0x1.d75c2d6a9c561p+9, 
0x1.e14cfe3f359ffp+9, 0x1.0a56d9fd36f7ep+10, 0x1.ea69b6fe2e6ebp+9, 
0x1.f1502528ae74fp+9, 0x1.fa0d2630ec311p+9, 0x1.fe28b3700474ep+9, 
0x1.0078e87d2c7b9p+10, 0x1.fd007485e3da3p+9, 0x1.f7cb9cb6848bfp+9, 
0x1.fa999a73b42ccp+9, 0x1.fb54185058ddep+9, 0x1.0001d49d7ba67p+10, 
0x1.fff6dfce3150ep+9, 0x1.0004eeed8904fp+10, 0x1.ffb6d1e96c3fcp+9, 
0x1.0084870110a13p+10, 0x1.01c79bbf0dc77p+10, 0x1.018645f9df549p+10, 
0x1.03d82070b8cfcp+10, 0x1.0708e83a109dp+10, 0x1.08a185fd04a3p+10, 
0x1.0b0fa76102795p+10, 0x1.0f04bb517a461p+10, 0x1.112bd78811b1ep+10, 
0x1.163dde5082cf5p+10, 0x1.19672018a43bbp+10, 0x1.1e7bff79c843p+10, 
0x1.231fd7add15fp+10, 0x1.24ff5a3e39f77p+10, 0x1.2b645e9185ceep+10, 
0x1.2b9cc193b3a69p+10, 0x1.2f099142b302fp+10, 0x1.342688c1db014p+10, 
0x1.3766d22424a27p+10, 0x1.3fd5019f3c70dp+10, 0x1.46637f38c5437p+10, 
0x1.4aad2d72ffd1ep+10, 0x1.4ee5e2ef4e011p+10, 0x1.4d7dd438d1d8ap+10, 
0x1.4c8bc0fcb4f1ep+10, 0x1.2375b8950763ap+10, 0x1.22ee405708249p+10, 
0x1.25d251efb6dcap+10, 0x1.240c6e9ff0cbbp+10, 0x1.214478b370047p+10, 
0x1.25fa886df82b2p+10, 0x1.264f39b456b44p+10, 0x1.2d3af312b1b37p+10, 
0x1.3865f77292c49p+10, 0x1.360b2dba4d6e4p+10, 0x1.2e6a93f290abbp+10, 
0x1.29de6afcce1c6p+10, 0x1.2be213f077cccp+10, 0x1.21b055f3519bdp+10, 
0x1.27cbbead4f59p+10, 0x1.0de064f54d1e9p+10, 0x1.153d044f1a198p+10, 
0x1.16977f993d534p+10, 0x1.1c55970b49e02p+10, 0x1.1f08d25aab474p+10, 
0x1.0ecb127f5e84fp+10, 0x1.14a1616b54e2bp+10, 0x1.1987fe6d58c8fp+10, 
0x1.156b376d54973p+10, 0x1.17a841d8e864p+10, 0x1.1db2c6583e857p+10, 
0x1.1af5a76534374p+10, 0x1.18a00bbf50e34p+10, 0x1.1a2fbc44bf4cbp+10, 
0x1.22519fa54c554p+10, 0x1.1d8adce7cd035p+10, 0x1.260d9f05ea24dp+10, 
0x1.27e4d5454152bp+10, 0x1.2d33f4c6e6d9cp+10, 0x1.2ebd780fdc161p+10, 
0x1.32ba28c36da88p+10, 0x1.3908b1bbcf4e8p+10, 0x1.390b215b9a5a9p+10, 
0x1.3fa49dd7ecbb8p+10, 0x1.3ab5e53eb399fp+10, 0x1.40fe7b07075b4p+10, 
0x1.3c5b38476f2a6p+10, 0x1.43039cbee807cp+10, 0x1.4a1b1960fa15ep+10, 
0x1.0819a7829068ap+10, 0x1.096c3c64345dp+10, 0x1.3ac5c12f09d8cp+10, 
0x1.18cf63a190082p+10, 0x1.2d779dadfb507p+10, 0x1.3eac5a89b951cp+10, 
0x1.4ce5563ed0f62p+10, 0x1.50c4c80c73abdp+10, 0x1.549e6a65cf67bp+10, 
0x1.5681efe931876p+10, 0x1.4d0e51efb6dcap+10, 0x1.43d5b8950763ap+10, 
0x1.490a949e8815ep+10, 0x1.4b018fe69270bp+10, 0x1.4b303d9ec7p+10, 
0x1.5888ef49cf56fp+10, 0x1.47cee8533b107p+10, 0x1.4d1fd2a1f8e3bp+10, 
0x1.512341c8216c6p+10, 0x1.5272777079e5ap+10, 0x1.5602ea1c68ec5p+10
)), class = "data.frame", row.names = c(NA, -121L))
