structure(list(period_id = c("1995Q1", "1995Q2", "1995Q3", "1995Q4", 
"1996Q1", "1996Q2", "1996Q3", "1996Q4", "1997Q1", "1997Q2", "1997Q3", 
"1997Q4", "1998Q1", "1998Q2", "1998Q3", "1998Q4", "1999Q1", "1999Q2", 
"1999Q3", "1999Q4", "2000Q1", "2000Q2", "2000Q3", "2000Q4", "2001Q1", 
"2001Q2", "2001Q3", "2001Q4", "2002Q1", "2002Q2", "2002Q3", "2002Q4", 
"2003Q1", "2003Q2", "2003Q3", "2003Q4", "2004Q1", "2004Q2", "2004Q3", 
"2004Q4", "2005Q1", "2005Q2", "2005Q3", "2005Q4", "2006Q1", "2006Q2", 
"2006Q3", "2006Q4", "2007Q1", "2007Q2", "2007Q3", "2007Q4", "2008Q1", 
"2008Q2", "2008Q3", "2008Q4", "2009Q1", "2009Q2", "2009Q3", "2009Q4", 
"2010Q1", "2010Q2", "2010Q3", "2010Q4", "2011Q1", "2011Q2", "2011Q3", 
"2011Q4", "2012Q1", "2012Q2", "2012Q3", "2012Q4", "2013Q1", "2013Q2", 
"2013Q3", "2013Q4", "2014Q1", "2014Q2", "2014Q3", "2014Q4", "2015Q1", 
"2015Q2", "2015Q3", "2015Q4", "2016Q1", "2016Q2", "2016Q3", "2016Q4", 
"2017Q1", "2017Q2", "2017Q3", "2017Q4", "2018Q1", "2018Q2", "2018Q3", 
"2018Q4", "2019Q1", "2019Q2", "2019Q3", "2019Q4", "2020Q1", "2020Q2", 
"2020Q3", "2020Q4", "2021Q1", "2021Q2", "2021Q3", "2021Q4", "2022Q1", 
"2022Q2", "2022Q3", "2022Q4", "2023Q1", "2023Q2", "2023Q3", "2023Q4", 
"2024Q1", "2024Q2", "2024Q3", "2024Q4", "2025Q1"), value = c(0x1.2da00a9de8b3bp+7, 
0x1.2c31e9d0e992p+7, 0x1.2844b46bacf74p+7, 0x1.409c58cd20afap+7, 
0x1.4d773300de4c5p+7, 0x1.593ef6f8f0414p+7, 0x1.71c27e0ef998p+7, 
0x1.7320b6f9fcb0cp+7, 0x1.68f6dacabc515p+7, 0x1.7d8b269df97abp+7, 
0x1.9a066cb10342bp+7, 0x1.9f6ed19dece57p+7, 0x1.b046b95e5aff3p+7, 
0x1.bdff0c564f97fp+7, 0x1.d0ad5b6805a2dp+7, 0x1.d85838194c016p+7, 
0x1.e6cec1c1d6cf8p+7, 0x1.0151a4f00ef13p+8, 0x1.11a3342edbb5ap+8, 
0x1.19bbca1059ea5p+8, 0x1.1041d8c6d612cp+8, 0x1.1a0034e3369bap+8, 
0x1.302776a2f48c3p+8, 0x1.36f4094e5d5b2p+8, 0x1.3ed074a771c97p+8, 
0x1.5001f9ce8d973p+8, 0x1.58df87485e3dap+8, 0x1.5c5373f316e37p+8, 
0x1.a3982ce46499p+8, 0x1.957a2b1704ff4p+8, 0x1.993d5f45e0b4ep+8, 
0x1.beb49613d31bap+8, 0x1.c2bd75e2046c7p+8, 0x1.df12ef8055fbbp+8, 
0x1.e655bd4067cf2p+8, 0x1.d9fba16e7a312p+8, 0x1.f13ded06fef7cp+8, 
0x1.0285b4f616723p+9, 0x1.f67771da37ef6p+8, 0x1.12a88c9b84556p+9, 
0x1.f36fd60e94ee4p+8, 0x1.0e9c77b395c42p+9, 0x1.04aaefed63455p+9, 
0x1.0b0ef0307f23dp+9, 0x1.101f79a6b50b1p+9, 0x1.1ca4057082492p+9, 
0x1.22277c45cbbc3p+9, 0x1.33960370cdc87p+9, 0x1.405806c8711d8p+9, 
0x1.43f916440f239p+9, 0x1.55c2db0dd82fdp+9, 0x1.59268c60cbf2bp+9, 
0x1.79bca78af3e47p+9, 0x1.71bb3cd573648p+9, 0x1.7dee9bae46cfdp+9, 
0x1.68f008d8ec95cp+9, 0x1.6944a59c065b6p+9, 0x1.5f45ba3443d47p+9, 
0x1.5ee9b7281fd9cp+9, 0x1.64d46f71a7e31p+9, 0x1.7997d640e9d52p+9, 
0x1.7228ff2a172acp+9, 0x1.6ec63c42a66dcp+9, 0x1.6d2e13f4a98abp+9, 
0x1.72ad5bb384fd3p+9, 0x1.773ab34e7685ap+9, 0x1.76b46b2f23034p+9, 
0x1.7614b4d8ba40ep+9, 0x1.73f335b0bbf51p+9, 0x1.6edfda1ec4e72p+9, 
0x1.6c391c6d1e109p+9, 0x1.6c9451a005c46p+9, 0x1.6be85718eb895p+9, 
0x1.6fef20f2beceep+9, 0x1.70f08709741d1p+9, 0x1.7a0bb09a671efp+9, 
0x1.82a3e310dbf05p+9, 0x1.8acb09d8c6d61p+9, 0x1.8e6121c475e63p+9, 
0x1.8ecf168f8e7dep+9, 0x1.9436631f8a09p+9, 0x1.94cbd1f601798p+9, 
0x1.9cf91feeb2d0ap+9, 0x1.9fc8e503fb374p+9, 0x1.9efcade657b85p+9, 
0x1.a50746b26bf87p+9, 0x1.ab47317efe0cep+9, 0x1.b0e7de2691644p+9, 
0x1.bfd4b37867f0bp+9, 0x1.c9f50a808c826p+9, 0x1.d30ec7eae5bc8p+9, 
0x1.de886eeb7026p+9, 0x1.e5eb4f9c1f85dp+9, 0x1.f180228997c3dp+9, 
0x1.f5facf41f212dp+9, 0x1.00ca81adea897p+10, 0x1.016c8dac258d6p+10, 
0x1.050d72c5197a2p+10, 0x1.07356da0168b6p+10, 0x1.08abd82ba5a04p+10, 
0x1.0ae6d94d0dcfdp+10, 0x1.b5249203a322bp+9, 0x1.e21e6c332f017p+9, 
0x1.f88aa84380885p+9, 0x1.0970e019b0ab3p+10, 0x1.11a2aed99cbefp+10, 
0x1.182fec84f8f8ap+10, 0x1.2237c0ad03d9bp+10, 0x1.2c68523f67f4ep+10, 
0x1.38fe866a11ec9p+10, 0x1.415048d3ae686p+10, 0x1.4b2a288051c9fp+10, 
0x1.551d2f9873ffbp+10, 0x1.5939dbf487fccp+10, 0x1.60876ac215b9ap+10, 
0x1.6543399f5dfecp+10, 0x1.69d4e1fc08fa8p+10, 0x1.6cbc727dcbddcp+10, 
0x1.720e1ad6451b9p+10, 0x1.771a44998d046p+10, 0x1.7b3989939218ap+10
)), class = "data.frame", row.names = c(NA, -121L))
