structure(list(period_id = c("1995Q1", "1995Q2", "1995Q3", "1995Q4", 
"1996Q1", "1996Q2", "1996Q3", "1996Q4", "1997Q1", "1997Q2", "1997Q3", 
"1997Q4", "1998Q1", "1998Q2", "1998Q3", "1998Q4", "1999Q1", "1999Q2", 
"1999Q3", "1999Q4", "2000Q1", "2000Q2", "2000Q3", "2000Q4", "2001Q1", 
"2001Q2", "2001Q3", "2001Q4", "2002Q1", "2002Q2", "2002Q3", "2002Q4", 
"2003Q1", "2003Q2", "2003Q3", "2003Q4", "2004Q1", "2004Q2", "2004Q3", 
"2004Q4", "2005Q1", "2005Q2", "2005Q3", "2005Q4", "2006Q1", "2006Q2", 
"2006Q3", "2006Q4", "2007Q1", "2007Q2", "2007Q3", "2007Q4", "2008Q1", 
"2008Q2", "2008Q3", "2008Q4", "2009Q1", "2009Q2", "2009Q3", "2009Q4", 
"2010Q1", "2010Q2", "2010Q3", "2010Q4", "2011Q1", "2011Q2", "2011Q3", 
"2011Q4", "2012Q1", "2012Q2", "2012Q3", "2012Q4", "2013Q1", "2013Q2", 
"2013Q3", "2013Q4", "2014Q1", "2014Q2", "2014Q3", "2014Q4", "2015Q1", 
"2015Q2", "2015Q3", "2015Q4", "2016Q1", "2016Q2", "2016Q3", "2016Q4", 
"2017Q1", "2017Q2", "2017Q3", "2017Q4", "2018Q1", "2018Q2", "2018Q3", 
"2018Q4", "2019Q1", "2019Q2", "2019Q3", "2019Q4", "2020Q1", "2020Q2", 
"2020Q3", "2020Q4", "2021Q1", "2021Q2", "2021Q3", "2021Q4", "2022Q1", 
"2022Q2", "2022Q3", "2022Q4", "2023Q1", "2023Q2", "2023Q3", "2023Q4", 
"2024Q1", "2024Q2", "2024Q3", "2024Q4", "2025Q1", "2025Q2"), 
    value = c(0x1.f793519bd4068p+9, 0x1.09ae19ce075f7p+10, 0x1.07d687d6f9768p+10, 
    0x1.188a9118c197ep+10, 0x1.1d1e8a009f623p+10, 0x1.30077460242dp+10, 
    0x1.354ea48f96e16p+10, 0x1.373daa369fcf4p+10, 0x1.481ccd24e160ep+10, 
    0x1.65292d5171e2ap+10, 0x1.719fc17a89332p+10, 0x1.767e1c10d7beap+10, 
    0x1.973dc083126e9p+10, 0x1.85ea9b1fab96fp+10, 0x1.8c6af5b1c8649p+10, 
    0x1.9ad4f7d30ad47p+10, 0x1.8f6146e4c0df6p+10, 0x1.de6469014b59ap+10, 
    0x1.a2d766d373bp+10, 0x1.d6b7148fd9fd3p+10, 0x1.fd4b46e8f29d4p+10, 
    0x1.05cd6adf71ebp+11, 0x1.1cf4576ee73e7p+11, 0x1.20f2158537e2cp+11, 
    0x1.24c23b1290258p+11, 0x1.2d0ef44d44567p+11, 0x1.2e59356b87379p+11, 
    0x1.2ab88d173fb7ap+11, 0x1.37483be6601bdp+11, 0x1.388235d031056p+11, 
    0x1.42a9524180d3dp+11, 0x1.4b570a2446306p+11, 0x1.54034c2938de7p+11, 
    0x1.53625918a009fp+11, 0x1.5f6ee358298ccp+11, 0x1.672a8ac9f2fdcp+11, 
    0x1.7969dee136e72p+11, 0x1.a5dfbecaab8a6p+11, 0x1.add29e6ab9b24p+11, 
    0x1.bb2e308787486p+11, 0x1.b782dc33721d5p+11, 0x1.ca25a2e1ac57ep+11, 
    0x1.e3f67674d1633p+11, 0x1.00414944ed6fep+12, 0x1.06d7bf50e3476p+12, 
    0x1.07c53605ab3abp+12, 0x1.17493eb8d8234p+12, 0x1.2b7fe175d13d7p+12, 
    0x1.38ef0bccf28c8p+12, 0x1.43e9c7b45f17cp+12, 0x1.4fd8e30caa327p+12, 
    0x1.4fb6df6db941p+12, 0x1.5b029c768dfbdp+12, 0x1.6b31c29f16b12p+12, 
    0x1.6c6962da554b9p+12, 0x1.37ba942c3c9efp+12, 0x1.00a6b55bccaf7p+12, 
    0x1.f2a4adcf4623dp+11, 0x1.0bc146fcdee35p+12, 0x1.0ede779d909f2p+12, 
    0x1.137a586876e1ep+12, 0x1.2834eef6f8f04p+12, 0x1.3438cb1359792p+12, 
    0x1.401d11526d8b2p+12, 0x1.4a0b0e8b7e4dep+12, 0x1.52361eedcc20dp+12, 
    0x1.58f437b4a233ap+12, 0x1.56608aafbc1adp+12, 0x1.536dc1c6088d7p+12, 
    0x1.4c9b889f40a28p+12, 0x1.4c62da2c66905p+12, 0x1.49d8cd7be9857p+12, 
    0x1.50da1ba6efc37p+12, 0x1.4d80a72a7bd49p+12, 0x1.4a587efbf401cp+12, 
    0x1.53588c8cd63ccp+12, 0x1.4fde2ab7995eep+12, 0x1.4c0cfce95faa9p+12, 
    0x1.5a2e6d14a0a0fp+12, 0x1.5a75646e08f21p+12, 0x1.59b78d1e96c4p+12, 
    0x1.5c6e3644955b4p+12, 0x1.5e7e1b0468449p+12, 0x1.5d6ac746455ebp+12, 
    0x1.629251cc100e7p+12, 0x1.65bc801c4fc1ep+12, 0x1.70b4d24074645p+12, 
    0x1.7cc25146e4c0ep+12, 0x1.93f57606b7aa2p+12, 0x1.9be7e64f54d1fp+12, 
    0x1.a65363d5fdcdfp+12, 0x1.bab65269595ffp+12, 0x1.c19965accd53p+12, 
    0x1.ce1b08c1db014p+12, 0x1.d0decf0520d13p+12, 0x1.e2d3622706d5p+12, 
    0x1.e0d7519157abcp+12, 0x1.e492e264e4862p+12, 0x1.eb3a1918a009fp+12, 
    0x1.d83d5528f190dp+12, 0x1.c93241f53825ep+12, 0x1.6925147ae147bp+12, 
    0x1.a9224853c1483p+12, 0x1.c182968e820e6p+12, 0x1.dfb1db56323bcp+12, 
    0x1.02a0ebed740c4p+13, 0x1.0c2424eb56fb9p+13, 0x1.28a2405bc01a3p+13, 
    0x1.477a2ce358299p+13, 0x1.60d79ae03b3eap+13, 0x1.68cec19eb6391p+13, 
    0x1.63e48b8173322p+13, 0x1.50d917bc7f77bp+13, 0x1.3e6c0ea9e6eebp+13, 
    0x1.35a5797f62b6bp+13, 0x1.42d0bc8c0ce92p+13, 0x1.460a800b02928p+13, 
    0x1.4a1895d0b73d2p+13, 0x1.45b9988a04d12p+13, 0x1.41d3869ced0b3p+13, 
    0x1.52e6b471715c6p+13, 0x1.50273b0b39192p+13)), class = "data.frame", row.names = c(NA, 
-122L))
