structure(list(period_id = c("2000M01", "2000M02", "2000M03", 
"2000M04", "2000M05", "2000M06", "2000M07", "2000M08", "2000M09", 
"2000M10", "2000M11", "2000M12", "2001M01", "2001M02", "2001M03", 
"2001M04", "2001M05", "2001M06", "2001M07", "2001M08", "2001M09", 
"2001M10", "2001M11", "2001M12", "2002M01", "2002M02", "2002M03", 
"2002M04", "2002M05", "2002M06", "2002M07", "2002M08", "2002M09", 
"2002M10", "2002M11", "2002M12", "2003M01", "2003M02", "2003M03", 
"2003M04", "2003M05", "2003M06", "2003M07", "2003M08", "2003M09", 
"2003M10", "2003M11", "2003M12", "2004M01", "2004M02", "2004M03", 
"2004M04", "2004M05", "2004M06", "2004M07", "2004M08", "2004M09", 
"2004M10", "2004M11", "2004M12", "2005M01", "2005M02", "2005M03", 
"2005M04", "2005M05", "2005M06", "2005M07", "2005M08", "2005M09", 
"2005M10", "2005M11", "2005M12", "2006M01", "2006M02", "2006M03", 
"2006M04", "2006M05", "2006M06", "2006M07", "2006M08", "2006M09", 
"2006M10", "2006M11", "2006M12", "2007M01", "2007M02", "2007M03", 
"2007M04", "2007M05", "2007M06", "2007M07", "2007M08", "2007M09", 
"2007M10", "2007M11", "2007M12", "2008M01", "2008M02", "2008M03", 
"2008M04", "2008M05", "2008M06", "2008M07", "2008M08", "2008M09", 
"2008M10", "2008M11", "2008M12", "2009M01", "2009M02", "2009M03", 
"2009M04", "2009M05", "2009M06", "2009M07", "2009M08", "2009M09", 
"2009M10", "2009M11", "2009M12", "2010M01", "2010M02", "2010M03", 
"2010M04", "2010M05", "2010M06", "2010M07", "2010M08", "2010M09", 
"2010M10", "2010M11", "2010M12", "2011M01", "2011M02", "2011M03", 
"2011M04", "2011M05", "2011M06", "2011M07", "2011M08", "2011M09", 
"2011M10", "2011M11", "2011M12", "2012M01", "2012M02", "2012M03", 
"2012M04", "2012M05", "2012M06", "2012M07", "2012M08", "2012M09", 
"2012M10", "2012M11", "2012M12", "2013M01", "2013M02", "2013M03", 
"2013M04", "2013M05", "2013M06", "2013M07", "2013M08", "2013M09", 
"2013M10", "2013M11", "2013M12", "2014M01", "2014M02", "2014M03", 
"2014M04", "2014M05", "2014M06", "2014M07", "2014M08", "2014M09", 
"2014M10", "2014M11", "2014M12", "2015M01", "2015M02", "2015M03", 
"2015M04", "2015M05", "2015M06", "2015M07", "2015M08", "2015M09", 
"2015M10", "2015M11", "2015M12", "2016M01", "2016M02", "2016M03", 
"2016M04", "2016M05", "2016M06", "2016M07", "2016M08", "2016M09", 
"2016M10", "2016M11", "2016M12", "2017M01", "2017M02", "2017M03", 
"2017M04", "2017M05", "2017M06", "2017M07", "2017M08", "2017M09", 
"2017M10", "2017M11", "2017M12", "2018M01", "2018M02", "2018M03", 
"2018M04", "2018M05", "2018M06", "2018M07", "2018M08", "2018M09", 
"2018M10", "2018M11", "2018M12", "2019M01", "2019M02", "2019M03", 
"2019M04", "2019M05", "2019M06", "2019M07", "2019M08", "2019M09", 
"2019M10", "2019M11", "2019M12", "2020M01", "2020M02", "2020M03", 
"2020M04", "2020M05", "2020M06", "2020M07", "2020M08", "2020M09", 
"2020M10", "2020M11", "2020M12", "2021M01", "2021M02", "2021M03", 
"2021M04", "2021M05", "2021M06", "2021M07", "2021M08", "2021M09", 
"2021M10", "2021M11", "2021M12", "2022M01", "2022M02", "2022M03", 
"2022M04", "2022M05", "2022M06", "2022M07", "2022M08", "2022M09", 
"2022M10", "2022M11", "2022M12", "2023M01", "2023M02", "2023M03", 
"2023M04", "2023M05", "2023M06", "2023M07", "2023M08", "2023M09", 
"2023M10", "2023M11", "2023M12", "2024M01", "2024M02", "2024M03", 
"2024M04", "2024M05", "2024M06", "2024M07", "2024M08", "2024M09", 
"2024M10", "2024M11", "2024M12", "2025M01", "2025M02", "2025M03", 
"2025M04", "2025M05"), value = c(NA, NA, NA, NA, NA, NA, NA, 
NA, NA, NA, NA, NA, NA, NA, NA, NA, NA, NA, NA, NA, NA, NA, NA, 
NA, NA, NA, NA, NA, NA, NA, NA, NA, NA, NA, NA, NA, NA, NA, NA, 
NA, NA, NA, NA, NA, NA, NA, NA, NA, NA, NA, NA, NA, NA, NA, NA, 
NA, NA, NA, NA, NA, NA, NA, NA, NA, NA, NA, NA, NA, NA, NA, NA, 
NA, NA, NA, NA, NA, NA, NA, NA, NA, NA, NA, NA, NA, NA, NA, NA, 
NA, NA, NA, NA, NA, NA, NA, NA, NA, NA, NA, NA, NA, NA, NA, NA, 
NA, NA, NA, NA, NA, NA, NA, NA, NA, NA, NA, NA, NA, NA, NA, NA, 
NA, 0x1.1e6b029c87b59p+6, 0x1.1fbee7ce89dcbp+6, 0x1.28bfc19ff30a5p+6, 
0x1.2aabaf0148df7p+6, 0x1.2b2de7a268d18p+6, 0x1.3062c6bbb74dbp+6, 
0x1.28f60d88e154ep+6, 0x1.21bda813f3aaep+6, 0x1.2839c631327fap+6, 
0x1.238377c1d44bep+6, 0x1.255d162289a51p+6, 0x1.2542c2bf74829p+6, 
0x1.1dd123e6f5f61p+6, 0x1.370afa86fa0c4p+6, 0x1.2ec2e9c74a6bap+6, 
0x1.2db56a2e3f85p+6, 0x1.2bfa91f3d64eap+6, 0x1.236d1704ea5adp+6, 
0x1.26a61df06d69ep+6, 0x1.2b27b6cc74cf8p+6, 0x1.31ad84e389b7dp+6, 
0x1.30e234ca7fa68p+6, 0x1.2d54c57a5cc0ap+6, 0x1.28f345e68670ep+6, 
0x1.2a491057389f3p+6, 0x1.26d1472d75691p+6, 0x1.2df5bccb25874p+6, 
0x1.25b5372e7d20ap+6, 0x1.2859881b6f5d2p+6, 0x1.2895af89b9c9fp+6, 
0x1.2e310832a70e4p+6, 0x1.2d7bdb67d8859p+6, 0x1.22d2f2b7b4768p+6, 
0x1.21596c880a095p+6, 0x1.1d8076ed39a96p+6, 0x1.20341e535043ep+6, 
0x1.2269ceecd9f86p+6, 0x1.1ec1b2fce2b27p+6, 0x1.186046589686p+6, 
0x1.225a7d01509e7p+6, 0x1.22f62d0b7b663p+6, 0x1.26b88da90f0afp+6, 
0x1.1b23d8207868p+6, 0x1.20d8bca1ac449p+6, 0x1.1de0442904ab8p+6, 
0x1.2623139a67bf1p+6, 0x1.2694a10c035fcp+6, 0x1.31c687c602d8ep+6, 
0x1.348a399d3fbecp+6, 0x1.2b1a1d452c39cp+6, 0x1.2f0d15cfb8687p+6, 
0x1.32f72427d882ap+6, 0x1.2bc79037bfe9ap+6, 0x1.2fb9f17d9f249p+6, 
0x1.2f5a5c7cb645dp+6, 0x1.35d04c1cedea5p+6, 0x1.32826f6b0ad7p+6, 
0x1.2fff4c4836ce4p+6, 0x1.304be9d3bb2a8p+6, 0x1.2945e76057b8bp+6, 
0x1.30cabeb948e64p+6, 0x1.3727674b3b119p+6, 0x1.383e163f0a1e7p+6, 
0x1.3a8739a596d6bp+6, 0x1.3a07160bd874bp+6, 0x1.36622875af697p+6, 
0x1.39feead898c1dp+6, 0x1.37f2dd55d56b2p+6, 0x1.3c0469eec84adp+6, 
0x1.3607f3abef4ccp+6, 0x1.3e9f5959813fp+6, 0x1.36b1f097c36eep+6, 
0x1.406da4d132d1ap+6, 0x1.3e390241462c4p+6, 0x1.3e44313e480d6p+6, 
0x1.3fe225ae0e3dap+6, 0x1.40b0a28249ca2p+6, 0x1.3d3c93f7036a1p+6, 
0x1.41ff17e98c5bcp+6, 0x1.42dbf487e99e8p+6, 0x1.44e10c326687cp+6, 
0x1.4d7bf4954cf64p+6, 0x1.4e2bae1c9462bp+6, 0x1.53e89c6202ac3p+6, 
0x1.507d6236857f5p+6, 0x1.5c5e487409dbfp+6, 0x1.55d2b8cf872b3p+6, 
0x1.5897cbf1d97p+6, 0x1.5d2995b8c1c3ap+6, 0x1.57f6863d204e7p+6, 
0x1.61dc5c5a4f494p+6, 0x1.66d8824ee321bp+6, 0x1.5f28bbe405b64p+6, 
0x1.601dafd507f2p+6, 0x1.66b84c92e082ep+6, 0x1.6dfa94d01f8f1p+6, 
0x1.68c5d5a8cc2dap+6, 0x1.62b59c57c8458p+6, 0x1.6e411248447f1p+6, 
0x1.7060c7ffd4c43p+6, 0x1.7e1e984995e37p+6, 0x1.852c900cde0fp+6, 
0x1.8196e70f00095p+6, 0x1.84a5681509168p+6, 0x1.891c08f506453p+6, 
0x1.95d57d9364ba3p+6, 0x1.94024dc19cff4p+6, 0x1.9a1ad09c174e7p+6, 
0x1.88436b6f95907p+6, 0x1.8bb8d1f3a9d96p+6, 0x1.883e217e10d5cp+6, 
0x1.82448f13fcbe9p+6, 0x1.82d3bc9c6b9ecp+6, 0x1.88160cd13049bp+6, 
0x1.898cc39e0f7adp+6, 0x1.8473ce0d23622p+6, 0x1.8605d7936c8d1p+6, 
0x1.80a8fd3f1c4ap+6, 0x1.7a01651d7de24p+6, 0x1.84290521a3eaep+6, 
0x1.80014c71ff3f1p+6, 0x1.7dd7a3efc4336p+6, 0x1.6e3bace0edcebp+6, 
0x1.3e64701f24aa9p+6, 0x1.63080abc1eaeap+6, 0x1.6e95a137f5bf4p+6, 
0x1.7e61d878082cfp+6, 0x1.78b6cd0ae390bp+6, 0x1.7a1c2f583d2e7p+6, 
0x1.79c1c82df574cp+6, 0x1.7166a2459299ap+6, 0x1.6f85b7be6b4e8p+6, 
0x1.69e0be6dc5155p+6, 0x1.836413a27e0cap+6, 0x1.95ac612185175p+6, 
0x1.8cc8b9b86cbecp+6, 0x1.8a51ed521b856p+6, 0x1.924e1129c9d82p+6, 
0x1.873647ac59f6p+6, 0x1.88180bf9f9a04p+6, 0x1.8e11d5c297d94p+6, 
0x1.923118984fa18p+6, 0x1.a231c8a23441dp+6, 0x1.8d83669c2098bp+6, 
0x1.a94289ab9c0bap+6, 0x1.b91a0bf8ad16cp+6, 0x1.b55396d09b745p+6, 
0x1.ba4112395a8e4p+6, 0x1.bbf826d61cc42p+6, 0x1.ad9c3fadc7e4fp+6, 
0x1.ab4f66c653035p+6, 0x1.b0deb4a82520ap+6, 0x1.b3b193367b451p+6, 
0x1.aa42f39ed2d06p+6, 0x1.a7b7360512e0dp+6, 0x1.95313c947aecfp+6, 
0x1.a76647142db6dp+6, 0x1.a07994d9a2cfp+6, 0x1.9f2f7841de8acp+6, 
0x1.9c5f0287f354ap+6, 0x1.a2a89a5e2c831p+6, 0x1.94362fceff785p+6, 
0x1.8e264563691a7p+6, 0x1.8c7a0037e8723p+6, 0x1.9262a5bf2a02fp+6, 
0x1.988163953280ep+6, 0x1.97106d312ea0fp+6, 0x1.94a34c74d736dp+6, 
0x1.9607f221a157dp+6, 0x1.9adb03c44a09ep+6, 0x1.a1d7500520202p+6, 
0x1.a1dad6e6bce4ep+6, 0x1.9d414e986a82fp+6, 0x1.a7645f54ab6cbp+6, 
0x1.acfcce3faf384p+6, 0x1.a93a040c13164p+6, 0x1.a1f5da22f54ep+6, 
0x1.a073f261a28a5p+6, 0x1.a354925b10549p+6, 0x1.a7b25e8de62e6p+6, 
