structure(list(period_id = c("1995Q1", "1995Q2", "1995Q3", "1995Q4", 
"1996Q1", "1996Q2", "1996Q3", "1996Q4", "1997Q1", "1997Q2", "1997Q3", 
"1997Q4", "1998Q1", "1998Q2", "1998Q3", "1998Q4", "1999Q1", "1999Q2", 
"1999Q3", "1999Q4", "2000Q1", "2000Q2", "2000Q3", "2000Q4", "2001Q1", 
"2001Q2", "2001Q3", "2001Q4", "2002Q1", "2002Q2", "2002Q3", "2002Q4", 
"2003Q1", "2003Q2", "2003Q3", "2003Q4", "2004Q1", "2004Q2", "2004Q3", 
"2004Q4", "2005Q1", "2005Q2", "2005Q3", "2005Q4", "2006Q1", "2006Q2", 
"2006Q3", "2006Q4", "2007Q1", "2007Q2", "2007Q3", "2007Q4", "2008Q1", 
"2008Q2", "2008Q3", "2008Q4", "2009Q1", "2009Q2", "2009Q3", "2009Q4", 
"2010Q1", "2010Q2", "2010Q3", "2010Q4", "2011Q1", "2011Q2", "2011Q3", 
"2011Q4", "2012Q1", "2012Q2", "2012Q3", "2012Q4", "2013Q1", "2013Q2", 
"2013Q3", "2013Q4", "2014Q1", "2014Q2", "2014Q3", "2014Q4", "2015Q1", 
"2015Q2", "2015Q3", "2015Q4", "2016Q1", "2016Q2", "2016Q3", "2016Q4", 
"2017Q1", "2017Q2", "2017Q3", "2017Q4", "2018Q1", "2018Q2", "2018Q3", 
"2018Q4", "2019Q1", "2019Q2", "2019Q3", "2019Q4", "2020Q1", "2020Q2", 
"2020Q3", "2020Q4", "2021Q1", "2021Q2", "2021Q3", "2021Q4", "2022Q1", 
"2022Q2", "2022Q3", "2022Q4", "2023Q1", "2023Q2", "2023Q3", "2023Q4", 
"2024Q1", "2024Q2", "2024Q3"), value = c(NA, NA, NA, NA, 0x1.8ec96c84f8f8ap+11, 
0x1.a4fe757d5a9ebp+11, 0x1.b4b9559f6ec5bp+11, 0x1.ae0299e731d2ep+11, 
0x1.8eaf1008205ffp+11, 0x1.bc33e62fdfc1ap+11, 0x1.c27e67be553acp+11, 
0x1.bdbdf04577d95p+11, 0x1.9662eb11c6d1ep+11, 0x1.bc2fd870da5dbp+11, 
0x1.d138321815a08p+11, 0x1.d647939eadd59p+11, 0x1.b3d596ce789e7p+11, 
0x1.ecaa5028a1dfcp+11, 0x1.e54ab4bb5e0f8p+11, 0x1.e6889c51dabe2p+11, 
0x1.ba925a4ce8102p+11, 0x1.d8e14cf28c79fp+11, 0x1.e8ed51d4738a4p+11, 
0x1.e40a990f301ebp+11, 0x1.bcebbd76ee73ep+11, 0x1.f2c4a2df9378fp+11, 
0x1.ef216c3b927d4p+11, 0x1.f24b59f0a1be3p+11, 0x1.c4f658b3f63c3p+11, 
0x1.f98f9146e4c0ep+11, 0x1.f9ed5a3a08399p+11, 0x1.fc1f5fbd6a594p+11, 
0x1.cdbcee9bbf0dcp+11, 0x1.08560ee286727p+12, 0x1.085b9b10fd7e4p+12, 
0x1.082534a01abd2p+12, 0x1.dd7f0c111ada7p+11, 0x1.0ea0131a8ef78p+12, 
0x1.0e32e7807789ap+12, 0x1.106009fd7a13cp+12, 0x1.ef9ae481f5382p+11, 
0x1.1a2268c8abd5ep+12, 0x1.0cbf37e0ac7dap+12, 0x1.1545022ab25b3p+12, 
0x1.fc036060fe47ap+11, 0x1.1bad257eaa2a1p+12, 0x1.1190ec02f2f98p+12, 
0x1.185a55432873cp+12, 0x1.09a507863beecp+12, 0x1.2c44da31a4bdcp+12, 
0x1.2d56d15f02c4dp+12, 0x1.2b93541fa7653p+12, 0x1.13d71c1d6cf85p+12, 
0x1.3746f54c12275p+12, 0x1.31cc0eb67c287p+12, 0x1.3082e6aca7935p+12, 
0x1.18bb6071c53f4p+12, 0x1.3a0466edaa92ep+12, 0x1.3a56f368ad688p+12, 
0x1.399d9fd47bedbp+12, 0x1.1f0c5cf67b1cp+12, 0x1.3d55eff8ec0f9p+12, 
0x1.39c478f366949p+12, 0x1.3c08e6634118p+12, 0x1.2147e3c85c24cp+12, 
0x1.3733c38c111aep+12, 0x1.43be36640a6b9p+12, 0x1.3d02c6b37867fp+12, 
0x1.29043c8b0079ap+12, 0x1.2d5d78e1932d7p+12, 0x1.30b88545846e9p+12, 
0x1.34e3d307af20fp+12, 0x1.15e11c11e42e1p+12, 0x1.2289ca31e7d9ap+12, 
0x1.2370236e2eb1cp+12, 0x1.3103b78897e99p+12, 0x1.1c4d068986fcep+12, 
0x1.2569ebe7afa72p+12, 0x1.252580f98fa37p+12, 0x1.32d558a761028p+12, 
0x1.1e2a52e2fbe34p+12, 0x1.2cf7dadfb506ep+12, 0x1.319330cdc8755p+12, 
0x1.3a57e7136a401p+12, 0x1.269f6c29bf163p+12, 0x1.37953ce63a5c2p+12, 
0x1.3bede8c47a17fp+12, 0x1.4e54f152f3c2ep+12, 0x1.2fc03ee5eedccp+12, 
0x1.3dbe86327ed85p+12, 0x1.41252fdfc19c1p+12, 0x1.594899806f263p+12, 
0x1.3af49813879c4p+12, 0x1.472b8066c2accp+12, 0x1.4a222878fabdap+12, 
0x1.6724c16f0068ep+12, 0x1.4a6107d6f9768p+12, 0x1.5a220bf8fcd68p+12, 
0x1.6205dfec99f1bp+12, 0x1.76ae821d10b2p+12, 0x1.42e7786d2ed78p+12, 
0x1.2e6bc787485e4p+12, 0x1.66f739496249ap+12, 0x1.4db6c7789a459p+12, 
0x1.3956304ab606bp+12, 0x1.567f1ef73c0c2p+12, 0x1.839e29142b303p+12, 
0x1.9c8de7ac81d3bp+12, 0x1.5b6d2b1b36bd3p+12, 0x1.77c03f0aa21a7p+12, 
0x1.84feb460242dp+12, 0x1.a08c0fb65668cp+12, 0x1.6273cbe9424e6p+12, 
0x1.74376fd86a8fcp+12, 0x1.80c7710880d8p+12, 0x1.a3b4d4ac29bf1p+12, 
0x1.699303f3e0371p+12, 0x1.7bd5755ffe6d6p+12, 0x1.88444e10cf5b2p+12
)), class = "data.frame", row.names = c(NA, -119L))
