structure(list(period_id = c("1995", "1996", "1997", "1998", 
"1999", "2000", "2001", "2002", "2003", "2004", "2005", "2006", 
"2007", "2008", "2009", "2010", "2011", "2012", "2013", "2014", 
"2015", "2016", "2017", "2018", "2019", "2020", "2021", "2022", 
"2023"), value = c(0x1.011b9d05af6c7p+13, 0x1.245923992c8c5p+13, 
0x1.4ed045b7cfe58p+13, 0x1.6c96de5c0b999p+13, 0x1.9056139eadd59p+13, 
0x1.be7220b1bbcf5p+13, 0x1.f1ad723a29c78p+13, 0x1.123c1834d26fap+14, 
0x1.24146c5e6ff7ep+14, 0x1.389fc9f234656p+14, 0x1.4d43b2ef0ae53p+14, 
0x1.5fb6cd249e45p+14, 0x1.7f1acef5a964fp+14, 0x1.a02c96b3fe9fbp+14, 
0x1.a0bbaa15db339p+14, 0x1.a798580dc3372p+14, 0x1.b061cb2bfdb4dp+14, 
0x1.a62ea7f0ed3d8p+14, 0x1.a387998201cd6p+14, 0x1.a6c96c8f75537p+14, 
0x1.af6f0cabc5155p+14, 0x1.c25625e5aff2ap+14, 0x1.d7a087ef177a7p+14, 
0x1.f4b29b0ee49f5p+14, 0x1.0ae83b7f38c54p+15, 0x1.18f1fd9cf13cfp+15, 
0x1.30562cbf4cb19p+15, 0x1.4c8a9dbad3a6p+15, 0x1.68c03d147f13p+15
)), class = "data.frame", row.names = c(NA, -29L))
