structure(list(period_id = c("1995Q1", "1995Q2", "1995Q3", "1995Q4", 
"1996Q1", "1996Q2", "1996Q3", "1996Q4", "1997Q1", "1997Q2", "1997Q3", 
"1997Q4", "1998Q1", "1998Q2", "1998Q3", "1998Q4", "1999Q1", "1999Q2", 
"1999Q3", "1999Q4", "2000Q1", "2000Q2", "2000Q3", "2000Q4", "2001Q1", 
"2001Q2", "2001Q3", "2001Q4", "2002Q1", "2002Q2", "2002Q3", "2002Q4", 
"2003Q1", "2003Q2", "2003Q3", "2003Q4", "2004Q1", "2004Q2", "2004Q3", 
"2004Q4", "2005Q1", "2005Q2", "2005Q3", "2005Q4", "2006Q1", "2006Q2", 
"2006Q3", "2006Q4", "2007Q1", "2007Q2", "2007Q3", "2007Q4", "2008Q1", 
"2008Q2", "2008Q3", "2008Q4", "2009Q1", "2009Q2", "2009Q3", "2009Q4", 
"2010Q1", "2010Q2", "2010Q3", "2010Q4", "2011Q1", "2011Q2", "2011Q3", 
"2011Q4", "2012Q1", "2012Q2", "2012Q3", "2012Q4", "2013Q1", "2013Q2", 
"2013Q3", "2013Q4", "2014Q1", "2014Q2", "2014Q3", "2014Q4", "2015Q1", 
"2015Q2", "2015Q3", "2015Q4", "2016Q1", "2016Q2", "2016Q3", "2016Q4", 
"2017Q1", "2017Q2", "2017Q3", "2017Q4", "2018Q1", "2018Q2", "2018Q3", 
"2018Q4", "2019Q1", "2019Q2", "2019Q3", "2019Q4", "2020Q1", "2020Q2", 
"2020Q3", "2020Q4", "2021Q1", "2021Q2", "2021Q3", "2021Q4", "2022Q1", 
"2022Q2", "2022Q3", "2022Q4", "2023Q1", "2023Q2", "2023Q3", "2023Q4", 
"2024Q1", "2024Q2", "2024Q3"), value = c(0x1.bbfb4d48882f1p+5, 
0x1.d509a8049667bp+5, 0x1.e050678c0053ep+5, 0x1.03e06d0d4994ap+6, 
0x1.f08969a0ad8a1p+5, 0x1.066ea5f84cad5p+6, 0x1.0f36de33269ep+6, 
0x1.1ac6e5471715cp+6, 0x1.2f0d96638433dp+6, 0x1.4508915bdd767p+6, 
0x1.4b92cfd8f0c78p+6, 0x1.6444395810625p+6, 0x1.5906bca5375c9p+6, 
0x1.6d13fe5c91d15p+6, 0x1.799f9335d249ep+6, 0x1.a3107d912556dp+6, 
0x1.a542b0ea18373p+6, 0x1.dbd775b813016p+6, 0x1.e839e83e425afp+6, 
0x1.01a853198288p+7, 0x1.e1b9d8c6d612cp+6, 0x1.ed9d57bc7f77bp+6, 
0x1.00aa56366d7a5p+7, 0x1.12b6223e18698p+7, 0x1.19a10342aa9f8p+7, 
0x1.22858fd5cb791p+7, 0x1.20a30e5e67946p+7, 0x1.4be873de1e2dfp+7, 
0x1.402c6f1561911p+7, 0x1.4b7a0d130df9cp+7, 0x1.4190db6a1e81dp+7, 
0x1.638ad1d041cc5p+7, 0x1.33e45996744b3p+7, 0x1.3b60b827fa1a1p+7, 
0x1.35abcba301217p+7, 0x1.6944c78e9f6a9p+7, 0x1.549f8012dfd69p+7, 
0x1.734012be48a59p+7, 0x1.6cb6a012599edp+7, 0x1.9451c2a023209p+7, 
0x1.65f1b10fd7e46p+7, 0x1.6ededf3f9618p+7, 0x1.7a6ca31e7d999p+7, 
0x1.c37faaef2c732p+7, 0x1.94524d8fd5cb8p+7, 0x1.79ad8b3f63c32p+7, 
0x1.9b5caeea63b69p+7, 0x1.fddb5eb7457c1p+7, 0x1.b8f0f9b13165dp+7, 
0x1.b398405b39e28p+7, 0x1.c3fe874c8ffb9p+7, 0x1.093bba8826aa9p+8, 
0x1.c5e9e7d9988d3p+7, 0x1.01fd95ee136e7p+8, 0x1.e7b11c8eabffdp+7, 
0x1.15d931ca7d673p+8, 0x1.ee1ec508b32cfp+7, 0x1.028150b955f78p+8, 
0x1.011cb71b8aap+8, 0x1.299684cf0739bp+8, 0x1.0fe9769a91106p+8, 
0x1.1d7a10cf5b1c8p+8, 0x1.13da605ee568ap+8, 0x1.30b4828c36da8p+8, 
0x1.1115f1ae2da55p+8, 0x1.1a31bee3d5fddp+8, 0x1.13775ba2be059p+8, 
0x1.299eb7dc7abfcp+8, 0x1.13fea0fd3b29ap+8, 0x1.1a0b4080f98fap+8, 
0x1.0bea2d1f1cfbcp+8, 0x1.2214bdec5f395p+8, 0x1.18ecb4289118cp+8, 
0x1.22bd4cb9ecf64p+8, 0x1.14eb416bdb1a7p+8, 0x1.20ec4ba0e8427p+8, 
0x1.16b231d712a0fp+8, 0x1.1188e379b77cp+8, 0x1.0adc087442c8p+8, 
0x1.1b1794b7b2895p+8, 0x1.12855aaf78fefp+8, 0x1.1296fba01eeeep+8, 
0x1.11002acb85a4fp+8, 0x1.2482a6b0d9514p+8, 0x1.1619cb039ef0fp+8, 
0x1.18ce109d0635ap+8, 0x1.1074a18bd6627p+8, 0x1.2cf3dc486ad2ep+8, 
0x1.2c860dbad3a6p+8, 0x1.336f891e21533p+8, 0x1.319b2799a1fd1p+8, 
0x1.47c4ceb356dap+8, 0x1.4305d627bf61bp+8, 0x1.4dc452b4d8ba4p+8, 
0x1.4b9e7f5e84f09p+8, 0x1.71fcf1800a7c6p+8, 0x1.72492806af46bp+8, 
0x1.896401e68a0d3p+8, 0x1.773c929aa1d75p+8, 0x1.9038ad03d9a95p+8, 
0x1.8ce98958d9b5fp+8, 0x1.769e1a60d4563p+8, 0x1.6a5cdc8754f37p+8, 
0x1.6a88b76f6d762p+8, 0x1.980d87a4a48f9p+8, 0x1.89776c8b43958p+8, 
0x1.920d7b95a2941p+8, 0x1.8de9d99029ae5p+8, 0x1.c57ff3e0370cep+8, 
0x1.d45f4b1ee2435p+8, 0x1.c6a918b0d0edcp+8, 0x1.baed71e29b6b3p+8, 
0x1.e6bd718eb895p+8, 0x1.d78853c148345p+8, 0x1.abe1c3265addap+8, 
0x1.bd551244a6224p+8, 0x1.06e8f123c42a6p+9, 0x1.00ab3458cd20bp+9, 
0x1.c6509c4da9004p+8)), class = "data.frame", row.names = c(NA, 
-119L))
