structure(list(period_id = c("1995Q1", "1995Q2", "1995Q3", "1995Q4", 
"1996Q1", "1996Q2", "1996Q3", "1996Q4", "1997Q1", "1997Q2", "1997Q3", 
"1997Q4", "1998Q1", "1998Q2", "1998Q3", "1998Q4", "1999Q1", "1999Q2", 
"1999Q3", "1999Q4", "2000Q1", "2000Q2", "2000Q3", "2000Q4", "2001Q1", 
"2001Q2", "2001Q3", "2001Q4", "2002Q1", "2002Q2", "2002Q3", "2002Q4", 
"2003Q1", "2003Q2", "2003Q3", "2003Q4", "2004Q1", "2004Q2", "2004Q3", 
"2004Q4", "2005Q1", "2005Q2", "2005Q3", "2005Q4", "2006Q1", "2006Q2", 
"2006Q3", "2006Q4", "2007Q1", "2007Q2", "2007Q3", "2007Q4", "2008Q1", 
"2008Q2", "2008Q3", "2008Q4", "2009Q1", "2009Q2", "2009Q3", "2009Q4", 
"2010Q1", "2010Q2", "2010Q3", "2010Q4", "2011Q1", "2011Q2", "2011Q3", 
"2011Q4", "2012Q1", "2012Q2", "2012Q3", "2012Q4", "2013Q1", "2013Q2", 
"2013Q3", "2013Q4", "2014Q1", "2014Q2", "2014Q3", "2014Q4", "2015Q1", 
"2015Q2", "2015Q3", "2015Q4", "2016Q1", "2016Q2", "2016Q3", "2016Q4", 
"2017Q1", "2017Q2", "2017Q3", "2017Q4", "2018Q1", "2018Q2", "2018Q3", 
"2018Q4", "2019Q1", "2019Q2", "2019Q3", "2019Q4", "2020Q1", "2020Q2", 
"2020Q3", "2020Q4", "2021Q1", "2021Q2", "2021Q3", "2021Q4", "2022Q1", 
"2022Q2", "2022Q3", "2022Q4", "2023Q1", "2023Q2", "2023Q3", "2023Q4", 
"2024Q1", "2024Q2", "2024Q3", "2024Q4"), value = c(0x1.8076e19b90eaap+7, 
0x1.8f9848beb5b2dp+7, 0x1.9eae73e681a9cp+7, 0x1.aceb8194c016p+7, 
0x1.bbaa22706d506p+7, 0x1.c65177a7008a7p+7, 0x1.d2dafb5d03105p+7, 
0x1.de79737542a24p+7, 0x1.eab0c79f66623p+7, 0x1.f9b174c4cdfadp+7, 
0x1.02b6b11c6d1e1p+8, 0x1.09e2f74cd3177p+8, 0x1.0fc6235b4edb3p+8, 
0x1.14e1b3d07c84bp+8, 0x1.198a6362a5e78p+8, 0x1.1ec4df8b15726p+8, 
0x1.24811a32b12d3p+8, 0x1.2a84295a6c5d2p+8, 0x1.336e3bbc6eb0bp+8, 
0x1.3931d9d3458cdp+8, 0x1.3e541f969e3c9p+8, 0x1.44ff7aa25d8d8p+8, 
0x1.486077681669dp+8, 0x1.4e1eb92c06184p+8, 0x1.5795426fe718bp+8, 
0x1.5a997e670e2c1p+8, 0x1.61635d67ba238p+8, 0x1.687f2abef06b3p+8, 
0x1.6eb348a159818p+8, 0x1.768a517e77d52p+8, 0x1.7e64c5004fb12p+8, 
0x1.8306366d7a56ep+8, 0x1.8600271fff79dp+8, 0x1.8f8e0a41a261cp+8, 
0x1.94ad10a137f39p+8, 0x1.9bf91ed9dfdacp+8, 0x1.a3ec169c23b79p+8, 
0x1.b9f5b1e9f2778p+8, 0x1.b1bc24b33daf9p+8, 0x1.ce9083558a761p+8, 
0x1.d407a1e3eaf68p+8, 0x1.dba4690de0935p+8, 0x1.ce9b8e086bdf5p+8, 
0x1.ddbe2cdc011d3p+8, 0x1.e87230121683p+8, 0x1.f1ee01797cc3ap+8, 
0x1.fffd8a7610279p+8, 0x1.06749129888f8p+9, 0x1.0b9dbf487fcb9p+9, 
0x1.1270215b9a5a9p+9, 0x1.17ebfdac68a93p+9, 0x1.1de9b5e0f7fdp+9, 
0x1.245b1dffc547ap+9, 0x1.3c8f76ee73e68p+9, 0x1.2ac449cb252cep+9, 
0x1.39badbdf8f473p+9, 0x1.2dbff8ca8198fp+9, 0x1.2ff394855da27p+9, 
0x1.32bddf43c7d5fp+9, 0x1.331a97a67a52bp+9, 0x1.32c93b213e3e3p+9, 
0x1.346d8adab9f56p+9, 0x1.32f921ab4b72cp+9, 0x1.337d89c5e6ff8p+9, 
0x1.313496cc5fbf8p+9, 0x1.358da52263d81p+9, 0x1.3728e44b6e936p+9, 
0x1.36da75818c5cap+9, 0x1.36d643aa79bbbp+9, 0x1.32ef5b24e9c45p+9, 
0x1.33424241c3efbp+9, 0x1.35a233f85510dp+9, 0x1.37ecbcf0b6b6ep+9, 
0x1.3a38b074a771dp+9, 0x1.371b374bc6a7fp+9, 0x1.37fa91212513bp+9, 
0x1.37dbdb5525cc4p+9, 0x1.3a0638da3c212p+9, 0x1.3db627c7c5261p+9, 
0x1.3e99a30984e4p+9, 0x1.43dfd36f7e3d2p+9, 0x1.42188de2ac322p+9, 
0x1.4576028e4fb98p+9, 0x1.48827dfe32a06p+9, 0x1.4b8b00c521ddap+9, 
0x1.4e0a593a2df93p+9, 0x1.5140ada33bd9dp+9, 0x1.4fcc577531db4p+9, 
0x1.544d95c422036p+9, 0x1.56461c6088d6dp+9, 0x1.582ce7ee9142bp+9, 
0x1.634bebc83a96dp+9, 0x1.6189ea3df6db9p+9, 0x1.693ed29131ec1p+9, 
0x1.6cd2c586876e2p+9, 0x1.72202c01e68a1p+9, 0x1.7203304039abfp+9, 
0x1.75d6201cd5f9ap+9, 0x1.8091463cfb331p+9, 0x1.7c0b2d905c033p+9, 
0x1.8477c358afc48p+9, 0x1.7cc46bacf7447p+9, 0x1.7de033df2a9d6p+9, 
0x1.7a175d13d74d6p+9, 0x1.7a2c101f31f47p+9, 0x1.85617da61e0c6p+9, 
0x1.a7b1a311e85fdp+9, 0x1.be18404a72eaep+9, 0x1.c9d628ed5f139p+9, 
0x1.d8898fabda0ep+9, 0x1.e0ddce1826677p+9, 0x1.e6864adff822cp+9, 
0x1.ee7d50d2806afp+9, 0x1.f8c192428d435p+9, 0x1.036b8205ff1d8p+10, 
0x1.0c9f1294573a8p+10, 0x1.148f45ed4a1adp+10, 0x1.157ee15ca6cap+10, 
0x1.17c5fdc5931cap+10, 0x1.16461c10d7beap+10)), class = "data.frame", row.names = c(NA, 
-120L))
