structure(list(period_id = c("1999M01", "1999M02", "1999M03", 
"1999M04", "1999M05", "1999M06", "1999M07", "1999M08", "1999M09", 
"1999M10", "1999M11", "1999M12", "2000M01", "2000M02", "2000M03", 
"2000M04", "2000M05", "2000M06", "2000M07", "2000M08", "2000M09", 
"2000M10", "2000M11", "2000M12", "2001M01", "2001M02", "2001M03", 
"2001M04", "2001M05", "2001M06", "2001M07", "2001M08", "2001M09", 
"2001M10", "2001M11", "2001M12", "2002M01", "2002M02", "2002M03", 
"2002M04", "2002M05", "2002M06", "2002M07", "2002M08", "2002M09", 
"2002M10", "2002M11", "2002M12", "2003M01", "2003M02", "2003M03", 
"2003M04", "2003M05", "2003M06", "2003M07", "2003M08", "2003M09", 
"2003M10", "2003M11", "2003M12", "2004M01", "2004M02", "2004M03", 
"2004M04", "2004M05", "2004M06", "2004M07", "2004M08", "2004M09", 
"2004M10", "2004M11", "2004M12", "2005M01", "2005M02", "2005M03", 
"2005M04", "2005M05", "2005M06", "2005M07", "2005M08", "2005M09", 
"2005M10", "2005M11", "2005M12", "2006M01", "2006M02", "2006M03", 
"2006M04", "2006M05", "2006M06", "2006M07", "2006M08", "2006M09", 
"2006M10", "2006M11", "2006M12", "2007M01", "2007M02", "2007M03", 
"2007M04", "2007M05", "2007M06", "2007M07", "2007M08", "2007M09", 
"2007M10", "2007M11", "2007M12", "2008M01", "2008M02", "2008M03", 
"2008M04", "2008M05", "2008M06", "2008M07", "2008M08", "2008M09", 
"2008M10", "2008M11", "2008M12", "2009M01", "2009M02", "2009M03", 
"2009M04", "2009M05", "2009M06", "2009M07", "2009M08", "2009M09", 
"2009M10", "2009M11", "2009M12", "2010M01", "2010M02", "2010M03", 
"2010M04", "2010M05", "2010M06", "2010M07", "2010M08", "2010M09", 
"2010M10", "2010M11", "2010M12", "2011M01", "2011M02", "2011M03", 
"2011M04", "2011M05", "2011M06", "2011M07", "2011M08", "2011M09", 
"2011M10", "2011M11", "2011M12", "2012M01", "2012M02", "2012M03", 
"2012M04", "2012M05", "2012M06", "2012M07", "2012M08", "2012M09", 
"2012M10", "2012M11", "2012M12", "2013M01", "2013M02", "2013M03", 
"2013M04", "2013M05", "2013M06", "2013M07", "2013M08", "2013M09", 
"2013M10", "2013M11", "2013M12", "2014M01", "2014M02", "2014M03", 
"2014M04", "2014M05", "2014M06", "2014M07", "2014M08", "2014M09", 
"2014M10", "2014M11", "2014M12", "2015M01", "2015M02", "2015M03", 
"2015M04", "2015M05", "2015M06", "2015M07", "2015M08", "2015M09", 
"2015M10", "2015M11", "2015M12", "2016M01", "2016M02", "2016M03", 
"2016M04", "2016M05", "2016M06", "2016M07", "2016M08", "2016M09", 
"2016M10", "2016M11", "2016M12", "2017M01", "2017M02", "2017M03", 
"2017M04", "2017M05", "2017M06", "2017M07", "2017M08", "2017M09", 
"2017M10", "2017M11", "2017M12", "2018M01", "2018M02", "2018M03", 
"2018M04", "2018M05", "2018M06", "2018M07", "2018M08", "2018M09", 
"2018M10", "2018M11", "2018M12", "2019M01", "2019M02", "2019M03", 
"2019M04", "2019M05", "2019M06", "2019M07", "2019M08", "2019M09", 
"2019M10", "2019M11", "2019M12", "2020M01", "2020M02", "2020M03", 
"2020M04", "2020M05", "2020M06", "2020M07", "2020M08", "2020M09", 
"2020M10", "2020M11", "2020M12", "2021M01", "2021M02", "2021M03", 
"2021M04", "2021M05", "2021M06", "2021M07", "2021M08", "2021M09", 
"2021M10", "2021M11", "2021M12", "2022M01", "2022M02", "2022M03", 
"2022M04", "2022M05", "2022M06", "2022M07", "2022M08", "2022M09", 
"2022M10", "2022M11", "2022M12", "2023M01", "2023M02", "2023M03", 
"2023M04", "2023M05", "2023M06", "2023M07", "2023M08", "2023M09", 
"2023M10", "2023M11", "2023M12", "2024M01", "2024M02", "2024M03", 
"2024M04", "2024M05", "2024M06", "2024M07", "2024M08", "2024M09", 
"2024M10", "2024M11", "2024M12", "2025M01", "2025M02", "2025M03", 
"2025M04", "2025M05", "2025M06"), value = c(NA, NA, NA, NA, NA, 
NA, NA, NA, NA, NA, NA, NA, NA, NA, NA, NA, NA, NA, NA, NA, NA, 
NA, NA, NA, NA, NA, NA, NA, NA, NA, NA, NA, NA, NA, NA, NA, NA, 
NA, NA, NA, NA, NA, NA, NA, NA, NA, NA, NA, NA, NA, NA, NA, NA, 
NA, NA, NA, NA, NA, NA, NA, NA, NA, NA, NA, NA, NA, NA, NA, NA, 
NA, NA, NA, NA, NA, NA, NA, NA, NA, NA, NA, NA, NA, NA, NA, NA, 
NA, NA, NA, NA, NA, NA, NA, NA, NA, NA, NA, NA, NA, NA, NA, NA, 
NA, NA, NA, NA, NA, NA, NA, NA, NA, NA, NA, NA, NA, NA, NA, NA, 
NA, NA, NA, NA, NA, NA, NA, NA, NA, NA, NA, NA, NA, NA, NA, -0x1.8fba7ea42be1p+2, 
-0x1.3bc12c0bd6e0cp+2, -0x1.ce29135ac6623p+2, 0x1.62402781c9fb3p+1, 
0x1.8d65b7de48e33p+1, 0x1.01e28f0a875ep+4, 0x1.2c679b6700129p+3, 
0x1.8fac9600e6628p+4, 0x1.3f07e7a92efe7p+3, 0x1.97ebb94660a12p+3, 
0x1.9b556ea7b1121p+2, 0x1.d81c2f4a92c2bp+3, -0x1.f9dde635e5a65p-1, 
0x1.77864495c939fp+3, -0x1.bc80a3c5004a9p+2, 0x1.04e4960d3f7b1p+3, 
0x1.0917f7545c641p+4, 0x1.924b57dbf8d38p+3, -0x1.aa02d46215bf7p+0, 
-0x1.e28a3e0a665b3p-2, 0x1.ee185fd70deaep+3, 0x1.c337dd4a4dap+3, 
0x1.f794c489e787dp+3, 0x1.cc7725739bc7ep+3, -0x1.7fd92637d2484p-1, 
0x1.d170a7c47de98p+2, 0x1.3b6f38b0c1409p-1, 0x1.d224cfd2ce8a1p+2, 
-0x1.c3c863ed33766p+0, 0x1.1482cfb22dafdp+2, -0x1.b3b549be3a0cfp+1, 
0x1.06798c5ca7f34p+2, 0x1.598ee867fe841p+3, -0x1.2f97c94d4778cp+2, 
-0x1.b3c0e213a6931p+2, 0x1.37f5679e4667fp+1, 0x1.42665323c70d2p-3, 
-0x1.62a06b7981be6p+3, -0x1.b9260c7f2c6a7p+2, -0x1.96c8de69aefa9p+2, 
-0x1.c4e1429eb7c5ep+2, 0x1.058ea9d25ecd9p+4, 0x1.c9358a34e310dp+3, 
0x1.58d982add0d07p+2, 0x1.97434485a577cp+2, 0x1.0187cf1523133p+4, 
-0x1.1af5121dfe877p+3, -0x1.6d6c8fa04687p-1, 0x1.f6af8ed9aab45p+2, 
-0x1.4cdb20622030ap-1, -0x1.63800f47a4371p+1, 0x1.094e4628b5293p+1, 
0x1.248d41386904p+4, 0x1.29dbcb901b478p+1, 0x1.8b62dbf74d841p+3, 
0x1.402f7b68df9b1p+3, 0x1.2a2e369e478a5p+3, 0x1.16a8f732510b1p+4, 
0x1.2636c756c6544p+4, 0x1.b8dbd45d918afp+3, 0x1.640d0c5df2a9ap+4, 
0x1.274b3bfeacf07p+4, 0x1.290ea88e79e1ep+3, 0x1.65353e69232d7p+4, 
0x1.3a69980cda36ap+4, 0x1.59d5f5974130cp+2, 0x1.9b10c817b674p+2, 
0x1.e7ed0d4202baep+3, 0x1.71ac6aaa38905p+4, 0x1.ba65b66e87345p+3, 
0x1.d97400740b6ep+3, 0x1.854d8bb22c35ep+3, 0x1.a22c0894b6f74p+4, 
0x1.6287ee4c75e5cp+4, 0x1.55159c60c41c1p+4, 0x1.cec756f902823p+2, 
0x1.c09263030ee61p+3, 0x1.164b12be9cd4p+4, 0x1.5478928fc993p+4, 
0x1.7db1652c03ddfp+4, 0x1.eb1c440bc51b8p+4, 0x1.5a33019294513p+3, 
0x1.377b63fc891p+4, 0x1.30eaf52f63e83p+4, 0x1.5eb0d6700461fp+3, 
0x1.0395efdfb7bb3p+4, 0x1.bdcae086f85e2p+4, 0x1.5aa4710995709p+3, 
0x1.720b266e3f28p+3, 0x1.007241d788341p+5, 0x1.8bc80d277ef6bp+4, 
0x1.29e0b54ac5b91p+4, 0x1.88ca7fcf35605p+4, 0x1.c92e3c7b359f5p+4, 
0x1.f1b780dbb0e0fp+4, 0x1.3c61defa9ae8p+4, 0x1.f15d09914e469p+4, 
0x1.14785173274e8p+4, 0x1.3b3d286736cccp+2, 0x1.4345a9eb2074fp+3, 
0x1.0a015a46d624dp+1, 0x1.6e87c8a8233fep+4, 0x1.6c92e95e56613p+3, 
0x1.555f6e5e0502ap+3, 0x1.18186f424a55dp+4, 0x1.3cd1f63a7d811p+4, 
0x1.58123f23fd166p+3, 0x1.90065ecd880c1p+3, 0x1.a34a477213f58p+4, 
0x1.ed87cc4915defp+3, 0x1.852b9f9b740bdp+4, 0x1.70e1e02e8704ap+3, 
0x1.a67611d944ap+4, 0x1.2341799d1c527p+4, 0x1.2175b4a984372p+4, 
0x1.73402833550bp+4, 0x1.4f85083e6eceep+4, 0x1.43722ba01c08bp+4, 
0x1.7aa8a2f1f509ep+2, 0x1.01e32f9c96475p+4, 0x1.9167788a98596p+3, 
0x1.01e0bd57373f2p+5, 0x1.d50f9957d8c3ap+2, -0x1.e88757ee4e5ddp+4, 
-0x1.5605f89474ee5p+4, -0x1.6aac35b5137ebp+2, 0x1.200119189ec02p+3, 
0x1.acc264616b8f5p+3, 0x1.f4a800c2fdd3fp+3, 0x1.24fe392157eb3p+1, 
-0x1.4654bcfc262ap+3, -0x1.61a494ae14a94p+3, -0x1.add36957840bcp+4, 
-0x1.e583e49bbdb9ap+3, -0x1.0fca1b718874p+3, 0x1.1d0297558ed63p+2, 
0x1.10e3c861fed9bp+4, 0x1.b07b576d304c5p+4, 0x1.07052abc971f9p+4, 
0x1.3b7ed5bf0d115p+4, 0x1.1d287afefeed1p+3, 0x1.80425e0ef8173p-2, 
0x1.59a0491aff746p+2, 0x1.398035faa0b61p+3, 0x1.64d07ee55c677p+3, 
0x1.060c3464f0f75p+4, 0x1.2a8988e27f4b1p+4, 0x1.8fbb81f8be175p+4, 
0x1.9d8a36ebab5d8p+4, 0x1.7c6d2c72463afp+4, 0x1.c83a4a03cc6bcp+4, 
0x1.6d0663a7f545fp+4, 0x1.f2220be75f8d4p+3, 0x1.9a5f87a040ff6p+3, 
0x1.26c7b333996b9p+4, 0x1.407f774940437p+4, 0x1.fa6749b531a3ep+3, 
0x1.091833927ce57p+4, 0x1.d22957674508ap+2, 0x1.0d7965c7de652p+4, 
0x1.9ac9f74f9f7dfp+3, 0x1.03e08275bf089p+4, 0x1.dff4e81f19bdfp+1, 
0x1.3f525ecc89c9p+4, 0x1.0dbac5480cf8dp+4, 0x1.05c74ebf4b72p+4, 
0x1.18b1e0e39d2d5p+1, 0x1.b59e2876669abp+3, 0x1.d127a5558377fp+3, 
0x1.2b50e920c5915p+3, 0x1.2d94d38e38e6ap+2, 0x1.211ed708c5337p+4, 
