structure(list(period_id = c("1995Q1", "1995Q2", "1995Q3", "1995Q4", 
"1996Q1", "1996Q2", "1996Q3", "1996Q4", "1997Q1", "1997Q2", "1997Q3", 
"1997Q4", "1998Q1", "1998Q2", "1998Q3", "1998Q4", "1999Q1", "1999Q2", 
"1999Q3", "1999Q4", "2000Q1", "2000Q2", "2000Q3", "2000Q4", "2001Q1", 
"2001Q2", "2001Q3", "2001Q4", "2002Q1", "2002Q2", "2002Q3", "2002Q4", 
"2003Q1", "2003Q2", "2003Q3", "2003Q4", "2004Q1", "2004Q2", "2004Q3", 
"2004Q4", "2005Q1", "2005Q2", "2005Q3", "2005Q4", "2006Q1", "2006Q2", 
"2006Q3", "2006Q4", "2007Q1", "2007Q2", "2007Q3", "2007Q4", "2008Q1", 
"2008Q2", "2008Q3", "2008Q4", "2009Q1", "2009Q2", "2009Q3", "2009Q4", 
"2010Q1", "2010Q2", "2010Q3", "2010Q4", "2011Q1", "2011Q2", "2011Q3", 
"2011Q4", "2012Q1", "2012Q2", "2012Q3", "2012Q4", "2013Q1", "2013Q2", 
"2013Q3", "2013Q4", "2014Q1", "2014Q2", "2014Q3", "2014Q4", "2015Q1", 
"2015Q2", "2015Q3", "2015Q4", "2016Q1", "2016Q2", "2016Q3", "2016Q4", 
"2017Q1", "2017Q2", "2017Q3", "2017Q4", "2018Q1", "2018Q2", "2018Q3", 
"2018Q4", "2019Q1", "2019Q2", "2019Q3", "2019Q4", "2020Q1", "2020Q2", 
"2020Q3", "2020Q4", "2021Q1", "2021Q2", "2021Q3", "2021Q4", "2022Q1", 
"2022Q2", "2022Q3", "2022Q4", "2023Q1", "2023Q2", "2023Q3", "2023Q4", 
"2024Q1", "2024Q2", "2024Q3", "2024Q4", "2025Q1", "2025Q2"), 
    value = c(0x1.8076e19b90eaap+7, 0x1.8f9848beb5b2dp+7, 0x1.9eae73e681a9cp+7, 
    0x1.aceb8194c016p+7, 0x1.bbaa22706d506p+7, 0x1.c65177a7008a7p+7, 
    0x1.d2dafb5d03105p+7, 0x1.de79737542a24p+7, 0x1.eab0c79f66623p+7, 
    0x1.f9b174c4cdfadp+7, 0x1.02b6b11c6d1e1p+8, 0x1.09e2f74cd3177p+8, 
    0x1.0fc6235b4edb3p+8, 0x1.14e1b3d07c84bp+8, 0x1.198a6362a5e78p+8, 
    0x1.1ec4df8b15726p+8, 0x1.24811a32b12d3p+8, 0x1.2a84295a6c5d2p+8, 
    0x1.336e3bbc6eb0bp+8, 0x1.3931d9d3458cdp+8, 0x1.3e541f969e3c9p+8, 
    0x1.44ff7aa25d8d8p+8, 0x1.486077681669dp+8, 0x1.4e1eb92c06184p+8, 
    0x1.5795426fe718bp+8, 0x1.5a997e670e2c1p+8, 0x1.61635d67ba238p+8, 
    0x1.687f2abef06b3p+8, 0x1.6eb348a159818p+8, 0x1.768a517e77d52p+8, 
    0x1.7e64c5004fb12p+8, 0x1.8306366d7a56ep+8, 0x1.8600271fff79dp+8, 
    0x1.8f8e0a41a261cp+8, 0x1.94ad10a137f39p+8, 0x1.9bf91ed9dfdacp+8, 
    0x1.a3ec169c23b79p+8, 0x1.b9f5b1e9f2778p+8, 0x1.b1bc24b33daf9p+8, 
    0x1.ce9083558a761p+8, 0x1.d407a1e3eaf68p+8, 0x1.dba4690de0935p+8, 
    0x1.ce9b8e086bdf5p+8, 0x1.ddbe2cdc011d3p+8, 0x1.e87230121683p+8, 
    0x1.f1ee01797cc3ap+8, 0x1.fffd8a7610279p+8, 0x1.06749129888f8p+9, 
    0x1.0b9dbf487fcb9p+9, 0x1.1270215b9a5a9p+9, 0x1.17ebfdac68a93p+9, 
    0x1.1de9b5e0f7fdp+9, 0x1.245b1dffc547ap+9, 0x1.3c8f76ee73e68p+9, 
    0x1.2ac449cb252cep+9, 0x1.39badbdf8f473p+9, 0x1.2dbff8ca8198fp+9, 
    0x1.2ff394855da27p+9, 0x1.32bddf43c7d5fp+9, 0x1.331a97a67a52bp+9, 
    0x1.32e8461f9f01cp+9, 0x1.34545bfad2999p+9, 0x1.32f844ae85b9fp+9, 
    0x1.336f66a55087p+9, 0x1.3165e43675dddp+9, 0x1.35758982cb21p+9, 
    0x1.372418611fd59p+9, 0x1.36c2f6598e10dp+9, 0x1.36d6b3a2595bcp+9, 
    0x1.32ec7f88765bap+9, 0x1.33541700cd856p+9, 0x1.359a3571d1d47p+9, 
    0x1.37dc699c7bcc3p+9, 0x1.3a227f562174cp+9, 0x1.3728f826edaa9p+9, 
    0x1.37fd254e6e222p+9, 0x1.37ce3fc43b2ddp+9, 0x1.3a060bb2bba99p+9, 
    0x1.3db0770bd017ep+9, 0x1.3ea039b456b44p+9, 0x1.43bc4ea4a8c15p+9, 
    0x1.4229a95c853c1p+9, 0x1.4570a6c1a048ep+9, 0x1.4886c2e770bdp+9, 
    0x1.4b740a9de8b3bp+9, 0x1.4e11042528ae7p+9, 0x1.5135f8982cb21p+9, 
    0x1.4fc3aa1d755bdp+9, 0x1.544bd944aa54p+9, 0x1.564b93f6c269ap+9, 
    0x1.58351b36bd2b7p+9, 0x1.6314cd530489dp+9, 0x1.61a6ba3875925p+9, 
    0x1.694746aa087cap+9, 0x1.6cbe856605ee5p+9, 0x1.71ff4f0d844dp+9, 
    0x1.72112146a1a5p+9, 0x1.75f83821af7d3p+9, 0x1.805e529bae46dp+9, 
    0x1.7c20e4ead0c3dp+9, 0x1.844b93f6c269ap+9, 0x1.7ccd8c5436b9p+9, 
    0x1.7de1961804d98p+9, 0x1.7a26fd3b29a1cp+9, 0x1.7a0c3e07a28bbp+9, 
    0x1.8537636f3b214p+9, 0x1.a8060e736049fp+9, 0x1.be13952d234ecp+9, 
    0x1.c97cb6f9fcb0cp+9, 0x1.d87c120e1f7d7p+9, 0x1.e128b673c4f3cp+9, 
    0x1.e6a3330941c82p+9, 0x1.ed8c5d9e40c84p+9, 0x1.f95862f5989dfp+9, 
    0x1.03a7accd53049p+10, 0x1.0cd18d21bc127p+10, 0x1.132f468017119p+10, 
    0x1.16588de6ddf01p+10, 0x1.183940a6b93cdp+10, 0x1.16bf3b688bda9p+10, 
    0x1.1d5df2dc2b0eap+10, 0x1.1d85471b47842p+10)), class = "data.frame", row.names = c(NA, 
-122L))
