structure(list(period_id = c("1995Q1", "1995Q2", "1995Q3", "1995Q4", 
"1996Q1", "1996Q2", "1996Q3", "1996Q4", "1997Q1", "1997Q2", "1997Q3", 
"1997Q4", "1998Q1", "1998Q2", "1998Q3", "1998Q4", "1999Q1", "1999Q2", 
"1999Q3", "1999Q4", "2000Q1", "2000Q2", "2000Q3", "2000Q4", "2001Q1", 
"2001Q2", "2001Q3", "2001Q4", "2002Q1", "2002Q2", "2002Q3", "2002Q4", 
"2003Q1", "2003Q2", "2003Q3", "2003Q4", "2004Q1", "2004Q2", "2004Q3", 
"2004Q4", "2005Q1", "2005Q2", "2005Q3", "2005Q4", "2006Q1", "2006Q2", 
"2006Q3", "2006Q4", "2007Q1", "2007Q2", "2007Q3", "2007Q4", "2008Q1", 
"2008Q2", "2008Q3", "2008Q4", "2009Q1", "2009Q2", "2009Q3", "2009Q4", 
"2010Q1", "2010Q2", "2010Q3", "2010Q4", "2011Q1", "2011Q2", "2011Q3", 
"2011Q4", "2012Q1", "2012Q2", "2012Q3", "2012Q4", "2013Q1", "2013Q2", 
"2013Q3", "2013Q4", "2014Q1", "2014Q2", "2014Q3", "2014Q4", "2015Q1", 
"2015Q2", "2015Q3", "2015Q4", "2016Q1", "2016Q2", "2016Q3", "2016Q4", 
"2017Q1", "2017Q2", "2017Q3", "2017Q4", "2018Q1", "2018Q2", "2018Q3", 
"2018Q4", "2019Q1", "2019Q2", "2019Q3", "2019Q4", "2020Q1", "2020Q2", 
"2020Q3", "2020Q4", "2021Q1", "2021Q2", "2021Q3", "2021Q4", "2022Q1", 
"2022Q2", "2022Q3", "2022Q4", "2023Q1", "2023Q2", "2023Q3", "2023Q4", 
"2024Q1", "2024Q2", "2024Q3", "2024Q4", "2025Q1", "2025Q2"), 
    value = c(NA, NA, NA, NA, 0x1.a9dbef75d9a0fp+11, 0x1.a1c4694ccab3fp+11, 
    0x1.a7319d30270f4p+11, 0x1.a815fd4bf0996p+11, 0x1.abb79a2a4db16p+11, 
    0x1.b544d6733ebcp+11, 0x1.b4687e8ccdd94p+11, 0x1.b4b3f04790b85p+11, 
    0x1.b29c59d55e6bcp+11, 0x1.b7605db1209eep+11, 0x1.c0979c2a02321p+11, 
    0x1.c746e0e0eb67cp+11, 0x1.d266c4f3ba776p+11, 0x1.e3ce3f5f91601p+11, 
    0x1.d483c1acde1ap+11, 0x1.d6a4f67d34dfp+11, 0x1.d7942e7d566cfp+11, 
    0x1.d1567a02fb5dp+11, 0x1.ddeaf485e3da3p+11, 0x1.de7297f62b6aep+11, 
    0x1.df1f82c2bd7f5p+11, 0x1.ea6fe41f64495p+11, 0x1.e566c87768167p+11, 
    0x1.e9ddd5bee3d6p+11, 0x1.eba1dbc23315dp+11, 0x1.ec2c22b3892efp+11, 
    0x1.ee435147f1306p+11, 0x1.f3ad2fc04c8bdp+11, 0x1.f36cb6f19934fp+11, 
    0x1.005c81e9af5bap+12, 0x1.02b23361565c3p+12, 0x1.027bd60c7c0f4p+12, 
    0x1.01b4076295209p+12, 0x1.046e491f2dc2bp+12, 0x1.07ec24c51116bp+12, 
    0x1.07c96f9b994e2p+12, 0x1.0b2f4f366948ap+12, 0x1.0d674667f90dap+12, 
    0x1.09148a02b8412p+12, 0x1.1119dbc44bf4dp+12, 0x1.0fc8239e6ab9bp+12, 
    0x1.11998067cf1c3p+12, 0x1.0f62d119ce076p+12, 0x1.1672680cf9e38p+12, 
    0x1.1d76fd6733ebcp+12, 0x1.2357ba604e1e7p+12, 0x1.29f4859641f64p+12, 
    0x1.2898ebf9830e4p+12, 0x1.2b0c6e1ef73c1p+12, 0x1.2b2584f4c6e6ep+12, 
    0x1.2c3bbf7596851p+12, 0x1.2c2160c9d9d34p+12, 0x1.2d477dcdf6988p+12, 
    0x1.2fc66d5171e2ap+12, 0x1.32bbbfac1d29ep+12, 0x1.31cd8bf7f067p+12, 
    0x1.33aaa074ea8dap+12, 0x1.33e72d38476f3p+12, 0x1.329208fd9fd37p+12, 
    0x1.34b5d233df2aap+12, 0x1.364c17a67a52bp+12, 0x1.34a0fdc7abfbap+12, 
    0x1.398a2de76427cp+12, 0x1.336165ca29846p+12, 0x1.3d376a8112ba1p+12, 
    0x1.2e5442d59d55ep+12, 0x1.2a9596fc9bc77p+12, 0x1.28fb54d0dcfccp+12, 
    0x1.24c903d9a9542p+12, 0x1.2442a0a73f749p+12, 0x1.2323e4a59c066p+12, 
    0x1.24c1fbdad7519p+12, 0x1.2749d7a89331ap+12, 0x1.260aabc515486p+12, 
    0x1.260ce0dcb9a9ep+12, 0x1.28b41897a67a5p+12, 0x1.29e3622a2c237p+12, 
    0x1.2ca0a0d5629d8p+12, 0x1.30660bd1244a6p+12, 0x1.2fa639a49c2c2p+12, 
    0x1.34f02b9d3cbc5p+12, 0x1.385e6f640639dp+12, 0x1.3ae670d1fa333p+12, 
    0x1.3e926897635e7p+12, 0x1.3e8ba9f05ea25p+12, 0x1.40f3bf1305964p+12, 
    0x1.43292f6512a95p+12, 0x1.46038148344c3p+12, 0x1.48a5ce7ff583ap+12, 
    0x1.4b0dbaf20ea5bp+12, 0x1.4d68da4484945p+12, 0x1.5335add9c27e9p+12, 
    0x1.5bbd81376d549p+12, 0x1.5cb4216b54e2bp+12, 0x1.5f5a4980b242p+12, 
    0x1.5fec2e147ae14p+12, 0x1.5db9e19a847b2p+12, 0x1.31364486ad2ddp+12, 
    0x1.5eb9dce075f7p+12, 0x1.360706b69db66p+12, 0x1.58ce94940bbb2p+12, 
    0x1.5acc6619da9cap+12, 0x1.7af6d042d8c2ap+12, 0x1.7c91b0307f23dp+12, 
    0x1.7c6c5cb6848bfp+12, 0x1.7e81a6ddf00acp+12, 0x1.7f1e75dedf1e1p+12, 
    0x1.7e892a6e32e38p+12, 0x1.7f4cb3b107747p+12, 0x1.7dbc76b3bb83dp+12, 
    0x1.7e93e043a2164p+12, 0x1.8135b97353b4bp+12, 0x1.84486038194cp+12, 
    0x1.82d41d2ae8e1dp+12, 0x1.8596df59ccfafp+12, 0x1.87890c2c5e2cep+12, 
    0x1.88c7705d95dd5p+12, 0x1.8dae7ef8ceb35p+12)), class = "data.frame", row.names = c(NA, 
-122L))
