structure(list(period_id = c("2000M01", "2000M02", "2000M03", 
"2000M04", "2000M05", "2000M06", "2000M07", "2000M08", "2000M09", 
"2000M10", "2000M11", "2000M12", "2001M01", "2001M02", "2001M03", 
"2001M04", "2001M05", "2001M06", "2001M07", "2001M08", "2001M09", 
"2001M10", "2001M11", "2001M12", "2002M01", "2002M02", "2002M03", 
"2002M04", "2002M05", "2002M06", "2002M07", "2002M08", "2002M09", 
"2002M10", "2002M11", "2002M12", "2003M01", "2003M02", "2003M03", 
"2003M04", "2003M05", "2003M06", "2003M07", "2003M08", "2003M09", 
"2003M10", "2003M11", "2003M12", "2004M01", "2004M02", "2004M03", 
"2004M04", "2004M05", "2004M06", "2004M07", "2004M08", "2004M09", 
"2004M10", "2004M11", "2004M12", "2005M01", "2005M02", "2005M03", 
"2005M04", "2005M05", "2005M06", "2005M07", "2005M08", "2005M09", 
"2005M10", "2005M11", "2005M12", "2006M01", "2006M02", "2006M03", 
"2006M04", "2006M05", "2006M06", "2006M07", "2006M08", "2006M09", 
"2006M10", "2006M11", "2006M12", "2007M01", "2007M02", "2007M03", 
"2007M04", "2007M05", "2007M06", "2007M07", "2007M08", "2007M09", 
"2007M10", "2007M11", "2007M12", "2008M01", "2008M02", "2008M03", 
"2008M04", "2008M05", "2008M06", "2008M07", "2008M08", "2008M09", 
"2008M10", "2008M11", "2008M12", "2009M01", "2009M02", "2009M03", 
"2009M04", "2009M05", "2009M06", "2009M07", "2009M08", "2009M09", 
"2009M10", "2009M11", "2009M12", "2010M01", "2010M02", "2010M03", 
"2010M04", "2010M05", "2010M06", "2010M07", "2010M08", "2010M09", 
"2010M10", "2010M11", "2010M12", "2011M01", "2011M02", "2011M03", 
"2011M04", "2011M05", "2011M06", "2011M07", "2011M08", "2011M09", 
"2011M10", "2011M11", "2011M12", "2012M01", "2012M02", "2012M03", 
"2012M04", "2012M05", "2012M06", "2012M07", "2012M08", "2012M09", 
"2012M10", "2012M11", "2012M12", "2013M01", "2013M02", "2013M03", 
"2013M04", "2013M05", "2013M06", "2013M07", "2013M08", "2013M09", 
"2013M10", "2013M11", "2013M12", "2014M01", "2014M02", "2014M03", 
"2014M04", "2014M05", "2014M06", "2014M07", "2014M08", "2014M09", 
"2014M10", "2014M11", "2014M12", "2015M01", "2015M02", "2015M03", 
"2015M04", "2015M05", "2015M06", "2015M07", "2015M08", "2015M09", 
"2015M10", "2015M11", "2015M12", "2016M01", "2016M02", "2016M03", 
"2016M04", "2016M05", "2016M06", "2016M07", "2016M08", "2016M09", 
"2016M10", "2016M11", "2016M12", "2017M01", "2017M02", "2017M03", 
"2017M04", "2017M05", "2017M06", "2017M07", "2017M08", "2017M09", 
"2017M10", "2017M11", "2017M12", "2018M01", "2018M02", "2018M03", 
"2018M04", "2018M05", "2018M06", "2018M07", "2018M08", "2018M09", 
"2018M10", "2018M11", "2018M12", "2019M01", "2019M02", "2019M03", 
"2019M04", "2019M05", "2019M06", "2019M07", "2019M08", "2019M09", 
"2019M10", "2019M11", "2019M12", "2020M01", "2020M02", "2020M03", 
"2020M04", "2020M05", "2020M06", "2020M07", "2020M08", "2020M09", 
"2020M10", "2020M11", "2020M12", "2021M01", "2021M02", "2021M03", 
"2021M04", "2021M05", "2021M06", "2021M07", "2021M08", "2021M09", 
"2021M10", "2021M11", "2021M12", "2022M01", "2022M02", "2022M03", 
"2022M04", "2022M05", "2022M06", "2022M07", "2022M08", "2022M09", 
"2022M10", "2022M11", "2022M12", "2023M01", "2023M02", "2023M03", 
"2023M04", "2023M05", "2023M06", "2023M07", "2023M08", "2023M09", 
"2023M10", "2023M11", "2023M12", "2024M01", "2024M02", "2024M03", 
"2024M04", "2024M05", "2024M06", "2024M07", "2024M08", "2024M09", 
"2024M10", "2024M11", "2024M12", "2025M01", "2025M02", "2025M03", 
"2025M04", "2025M05"), value = c(0x1.3f8b47d0b46b7p+5, 0x1.4e9e230745dfap+5, 
0x1.55d4089452a47p+5, 0x1.5742bedc41c79p+5, 0x1.5db53417a0bc8p+5, 
0x1.59d76693426ap+5, 0x1.56c8d6ce6e8c5p+5, 0x1.595ebbdc75a29p+5, 
0x1.5e078d83b9b62p+5, 0x1.6282d25c1da7p+5, 0x1.699b89808bdffp+5, 
0x1.6b8f639a7a849p+5, 0x1.6ecda96ba75fdp+5, 0x1.6f320cc3e1827p+5, 
0x1.6db77e82e03ddp+5, 0x1.78892f3e90048p+5, 0x1.73c6aaf9a128dp+5, 
0x1.70c468bb9f001p+5, 0x1.7b29c1e8dd8c1p+5, 0x1.7d34f31c17fa8p+5, 
0x1.7701e38a3975fp+5, 0x1.795fd50b36f05p+5, 0x1.7f3d14ed390acp+5, 
0x1.831e783b8fb86p+5, 0x1.800ff04ea9949p+5, 0x1.7c8adb4313f4p+5, 
0x1.8564b0edfb55ep+5, 0x1.7c0edfe334e2dp+5, 0x1.7ce9dc826a8f6p+5, 
0x1.86b66853822eap+5, 0x1.88b41c714ad5bp+5, 0x1.8c53228e62c76p+5, 
0x1.8a23258bc54a2p+5, 0x1.878fc7358b364p+5, 0x1.8d0b00fcc3417p+5, 
0x1.91c7005164278p+5, 0x1.8d2ddf721586bp+5, 0x1.9b55feac35369p+5, 
0x1.8a4f23bdcfd19p+5, 0x1.913f24de195d8p+5, 0x1.9787d2f2c33a9p+5, 
0x1.9a17c8aaa8fd4p+5, 0x1.9779cee88779ap+5, 0x1.95d23c44a0506p+5, 
0x1.9df9c0a0e27fep+5, 0x1.9c59fc5e4c4c3p+5, 0x1.959b883b8ce36p+5, 
0x1.9aaa9b342c6a1p+5, 0x1.a0c7984641236p+5, 0x1.95427cd3a076p+5, 
0x1.9cbdb8b96621fp+5, 0x1.b82af9359d9a7p+5, 0x1.a07575794b85p+5, 
0x1.a5374ca545b75p+5, 0x1.a8bae1021d255p+5, 0x1.a5abe1868a188p+5, 
0x1.b001b4b9fba2fp+5, 0x1.ae4c21535c617p+5, 0x1.a4bd8d8c1a7dbp+5, 
0x1.aa368d890c3bbp+5, 0x1.c091836f1aed2p+5, 0x1.bc06f051fbcfep+5, 
0x1.c26d178b41ap+5, 0x1.c0678921fda99p+5, 0x1.c633e1988c408p+5, 
0x1.d5b09f2ecaca5p+5, 0x1.d3175e468b03p+5, 0x1.e13394d6cc1e1p+5, 
0x1.d7737c843d6a1p+5, 0x1.d6b8118e9d66p+5, 0x1.f1a805ad65071p+5, 
0x1.f31fa3f7658fep+5, 0x1.e2896c0f4b65bp+5, 0x1.e7ba859fbd6a7p+5, 
0x1.e3d0c3c6ca1e8p+5, 0x1.f64fec9bd6b21p+5, 0x1.f01d32985d8fdp+5, 
0x1.ebcd5452faf29p+5, 0x1.f86c5d557d3cep+5, 0x1.efa44863fdaefp+5, 
0x1.f3efc2448013fp+5, 0x1.0089fe7021dcp+6, 0x1.005ae7857743bp+6, 
0x1.07496c2f19342p+6, 0x1.eb01695fc84dbp+5, 0x1.017fddb17c76dp+6, 
0x1.0bc08446f6b35p+6, 0x1.0da42bb8ea638p+6, 0x1.103ad61ae960bp+6, 
0x1.0f39801829cedp+6, 0x1.144bfcc6b3eb3p+6, 0x1.1a3abbea067fdp+6, 
0x1.1ff61be53f4cbp+6, 0x1.22bf4fa5abbe8p+6, 0x1.201a02b7f5256p+6, 
0x1.1bd2b0ed3ba4p+6, 0x1.21e8a15ebf1d9p+6, 0x1.2fed89e1bc54ep+6, 
0x1.2a2cad277c338p+6, 0x1.282294653b1ffp+6, 0x1.34331914c8322p+6, 
0x1.2ecb723454c18p+6, 0x1.2f502c3bb2f2fp+6, 0x1.33b77c1318a88p+6, 
0x1.39e681d9221ecp+6, 0x1.295159f4e9b2cp+6, 0x1.27fbf07695465p+6, 
0x1.184bd825b71cep+6, 0x1.11d5089d80cd5p+6, 0x1.0644a05d94eddp+6, 
0x1.06b58a0572cb1p+6, 0x1.01e3deaa1fbc3p+6, 0x1.0358677427a0cp+6, 
0x1.01062ebdbc0e6p+6, 0x1.049891b14d9a3p+6, 0x1.0344d250e6731p+6, 
0x1.002d82226f1efp+6, 0x1.0493acca7c34dp+6, 0x1.014a8caefe297p+6, 
0x1.05f0eb539c6d1p+6, 0x1.0658e5c6dd214p+6, 0x1.028ce62bfb994p+6, 
0x1.0abbfd2de45fp+6, 0x1.0c9700e0ab0cbp+6, 0x1.093ed8a61cff5p+6, 
0x1.102458c4d815p+6, 0x1.0ea333d987a98p+6, 0x1.095c5362007fdp+6, 
0x1.122a7ee299985p+6, 0x1.129b6e8d03073p+6, 0x1.16dad68b8a482p+6, 
0x1.0f6092cf6af52p+6, 0x1.154fe346bbca4p+6, 0x1.1cfd2b73c3e72p+6, 
0x1.14d1b77ae961dp+6, 0x1.1935cad5cf3bfp+6, 0x1.18f7bf9d17294p+6, 
0x1.120863b2db23cp+6, 0x1.154dc96f5134cp+6, 0x1.1836d10e0022ep+6, 
0x1.1b93545c3de98p+6, 0x1.19df150840ee9p+6, 0x1.14ec9a166bfdp+6, 
0x1.119fcc6a8396fp+6, 0x1.19f708fe1a2c9p+6, 0x1.136f68c34ce3ap+6, 
0x1.15d1ffb8c983dp+6, 0x1.0e36c40b41416p+6, 0x1.0b4c0d4d4f809p+6, 
0x1.0e2170050d45bp+6, 0x1.0f2a6a5748f78p+6, 0x1.0f5a0cfeb125p+6, 
0x1.06a85644f10ecp+6, 0x1.0783a9c435393p+6, 0x1.07dbdc79c3836p+6, 
0x1.08d124e9962bbp+6, 0x1.09e8d7f917e51p+6, 0x1.068fe9dfb8effp+6, 
0x1.072d75b925614p+6, 0x1.0d90f1e148ccdp+6, 0x1.1055777c1adfp+6, 
0x1.19cadd4e63c24p+6, 0x1.fa01d8dee1b86p+5, 0x1.08fd923e86af1p+6, 
0x1.083e756d16eb4p+6, 0x1.0c63da297613bp+6, 0x1.0f953113b044fp+6, 
0x1.118128c9594ddp+6, 0x1.111afeade8b2ep+6, 0x1.0a197d2753149p+6, 
0x1.0e9ac81a82c8fp+6, 0x1.0fb6a57b202d5p+6, 0x1.0903c08be522fp+6, 
0x1.0f70673089fbdp+6, 0x1.1281c88220805p+6, 0x1.11aeecdcf8cp+6, 
0x1.1697a00fe3a6p+6, 0x1.1525f0451ff17p+6, 0x1.145c44305956cp+6, 
0x1.13b668cee1b88p+6, 0x1.191485de305c7p+6, 0x1.165d3686c6687p+6, 
0x1.1b9903aafc231p+6, 0x1.1d376ee224021p+6, 0x1.210da33db6afdp+6, 
0x1.22633886f8b39p+6, 0x1.1f38e8dfc2729p+6, 0x1.1d7ee1592d5ecp+6, 
0x1.24e93c8bdcf31p+6, 0x1.2274bc29e5f2cp+6, 0x1.22ca07e082527p+6, 
0x1.266b9d33f8e2dp+6, 0x1.2f4b8635bcab3p+6, 0x1.330963255a85fp+6, 
0x1.2f90ba53893a5p+6, 0x1.3692f1b0ae6f3p+6, 0x1.380494a6c40abp+6, 
0x1.36068f5349dcbp+6, 0x1.3a7d59b26cdddp+6, 0x1.3b8f6f2ca4ec7p+6, 
0x1.40b9513ebb06ep+6, 0x1.4b6642b493d18p+6, 0x1.4ca3cb0a273dp+6, 
