structure(list(period_id = c("1995", "1996", "1997", "1998", 
"1999", "2000", "2001", "2002", "2003", "2004", "2005", "2006", 
"2007", "2008", "2009", "2010", "2011", "2012", "2013", "2014", 
"2015", "2016", "2017", "2018", "2019", "2020", "2021", "2022", 
"2023", "2024"), value = c(0x1.6361a858bc59cp+14, 0x1.6dbc65f5f0b28p+14, 
0x1.80a63df37329cp+14, 0x1.8c6f32b346131p+14, 0x1.a1518d0e12e84p+14, 
0x1.afea7fe75bc45p+14, 0x1.bc2231461b6d4p+14, 0x1.cab66e542e558p+14, 
0x1.d95e5ea747d8p+14, 0x1.eee358def416cp+14, 0x1.00fb18870110ap+15, 
0x1.102a4fd3d4281p+15, 0x1.239885d9e40c8p+15, 0x1.2d6dd948dc11ep+15, 
0x1.168c821c25d07p+15, 0x1.19a58e9728a61p+15, 0x1.1b7e23810e886p+15, 
0x1.133a3630014f9p+15, 0x1.10f5caf965b21p+15, 0x1.1880665471716p+15, 
0x1.1f36feb356dap+15, 0x1.27ee1c180d3dp+15, 0x1.373e23b4916cap+15, 
0x1.44df4fbd8be73p+15, 0x1.5042890f733a9p+15, 0x1.42861061c79b3p+15, 
0x1.5dab89569f49p+15, 0x1.670043c3e74bp+15, 0x1.6f87c15ce9e5ep+15, 
0x1.75e4c9bc77143p+15)), class = "data.frame", row.names = c(NA, 
-30L))
