structure(list(period_id = c("2000M01", "2000M02", "2000M03", 
"2000M04", "2000M05", "2000M06", "2000M07", "2000M08", "2000M09", 
"2000M10", "2000M11", "2000M12", "2001M01", "2001M02", "2001M03", 
"2001M04", "2001M05", "2001M06", "2001M07", "2001M08", "2001M09", 
"2001M10", "2001M11", "2001M12", "2002M01", "2002M02", "2002M03", 
"2002M04", "2002M05", "2002M06", "2002M07", "2002M08", "2002M09", 
"2002M10", "2002M11", "2002M12", "2003M01", "2003M02", "2003M03", 
"2003M04", "2003M05", "2003M06", "2003M07", "2003M08", "2003M09", 
"2003M10", "2003M11", "2003M12", "2004M01", "2004M02", "2004M03", 
"2004M04", "2004M05", "2004M06", "2004M07", "2004M08", "2004M09", 
"2004M10", "2004M11", "2004M12", "2005M01", "2005M02", "2005M03", 
"2005M04", "2005M05", "2005M06", "2005M07", "2005M08", "2005M09", 
"2005M10", "2005M11", "2005M12", "2006M01", "2006M02", "2006M03", 
"2006M04", "2006M05", "2006M06", "2006M07", "2006M08", "2006M09", 
"2006M10", "2006M11", "2006M12", "2007M01", "2007M02", "2007M03", 
"2007M04", "2007M05", "2007M06", "2007M07", "2007M08", "2007M09", 
"2007M10", "2007M11", "2007M12", "2008M01", "2008M02", "2008M03", 
"2008M04", "2008M05", "2008M06", "2008M07", "2008M08", "2008M09", 
"2008M10", "2008M11", "2008M12", "2009M01", "2009M02", "2009M03", 
"2009M04", "2009M05", "2009M06", "2009M07", "2009M08", "2009M09", 
"2009M10", "2009M11", "2009M12", "2010M01", "2010M02", "2010M03", 
"2010M04", "2010M05", "2010M06", "2010M07", "2010M08", "2010M09", 
"2010M10", "2010M11", "2010M12", "2011M01", "2011M02", "2011M03", 
"2011M04", "2011M05", "2011M06", "2011M07", "2011M08", "2011M09", 
"2011M10", "2011M11", "2011M12", "2012M01", "2012M02", "2012M03", 
"2012M04", "2012M05", "2012M06", "2012M07", "2012M08", "2012M09", 
"2012M10", "2012M11", "2012M12", "2013M01", "2013M02", "2013M03", 
"2013M04", "2013M05", "2013M06", "2013M07", "2013M08", "2013M09", 
"2013M10", "2013M11", "2013M12", "2014M01", "2014M02", "2014M03", 
"2014M04", "2014M05", "2014M06", "2014M07", "2014M08", "2014M09", 
"2014M10", "2014M11", "2014M12", "2015M01", "2015M02", "2015M03", 
"2015M04", "2015M05", "2015M06", "2015M07", "2015M08", "2015M09", 
"2015M10", "2015M11", "2015M12", "2016M01", "2016M02", "2016M03", 
"2016M04", "2016M05", "2016M06", "2016M07", "2016M08", "2016M09", 
"2016M10", "2016M11", "2016M12", "2017M01", "2017M02", "2017M03", 
"2017M04", "2017M05", "2017M06", "2017M07", "2017M08", "2017M09", 
"2017M10", "2017M11", "2017M12", "2018M01", "2018M02", "2018M03", 
"2018M04", "2018M05", "2018M06", "2018M07", "2018M08", "2018M09", 
"2018M10", "2018M11", "2018M12", "2019M01", "2019M02", "2019M03", 
"2019M04", "2019M05", "2019M06", "2019M07", "2019M08", "2019M09", 
"2019M10", "2019M11", "2019M12", "2020M01", "2020M02", "2020M03", 
"2020M04", "2020M05", "2020M06", "2020M07", "2020M08", "2020M09", 
"2020M10", "2020M11", "2020M12", "2021M01", "2021M02", "2021M03", 
"2021M04", "2021M05", "2021M06", "2021M07", "2021M08", "2021M09", 
"2021M10", "2021M11", "2021M12", "2022M01", "2022M02", "2022M03", 
"2022M04", "2022M05", "2022M06", "2022M07", "2022M08", "2022M09", 
"2022M10", "2022M11", "2022M12", "2023M01", "2023M02", "2023M03", 
"2023M04", "2023M05", "2023M06", "2023M07", "2023M08", "2023M09", 
"2023M10", "2023M11", "2023M12", "2024M01", "2024M02", "2024M03", 
"2024M04", "2024M05", "2024M06", "2024M07", "2024M08", "2024M09", 
"2024M10", "2024M11", "2024M12", "2025M01", "2025M02", "2025M03", 
"2025M04", "2025M05", "2025M06", "2025M07"), value = c(0x1.a9851eb851eb8p+5, 
0x1.ad1eb851eb852p+5, 0x1.b051eb851eb85p+5, 0x1.b451eb851eb85p+5, 
0x1.b68f5c28f5c29p+5, 0x1.b9ae147ae147bp+5, 0x1.bcccccccccccdp+5, 
0x1.c147ae147ae14p+5, 0x1.c4147ae147ae1p+5, 0x1.c666666666666p+5, 
0x1.cb70a3d70a3d7p+5, 0x1.cf33333333333p+5, 0x1.d466666666666p+5, 
0x1.d9ae147ae147bp+5, 0x1.df33333333333p+5, 0x1.e2ccccccccccdp+5, 
0x1.e3d70a3d70a3dp+5, 0x1.e91eb851eb852p+5, 0x1.eb5c28f5c28f6p+5, 
0x1.ed851eb851eb8p+5, 0x1.f50a3d70a3d71p+5, 0x1.f6f5c28f5c28fp+5, 
0x1.fa3d70a3d70a4p+5, 0x1.fcb851eb851ecp+5, 0x1.03b851eb851ecp+6, 
0x1.079999999999ap+6, 0x1.0928f5c28f5c3p+6, 0x1.0bc28f5c28f5cp+6, 
0x1.0deb851eb851fp+6, 0x1.0f66666666666p+6, 0x1.13147ae147ae1p+6, 
0x1.15c28f5c28f5cp+6, 0x1.15f5c28f5c28fp+6, 0x1.150a3d70a3d71p+6, 
0x1.15a3d70a3d70ap+6, 0x1.17147ae147ae1p+6, 0x1.198f5c28f5c29p+6, 
0x1.1b8f5c28f5c29p+6, 0x1.1cb851eb851ecp+6, 0x1.1e8f5c28f5c29p+6, 
0x1.21851eb851eb8p+6, 0x1.24ccccccccccdp+6, 0x1.27ae147ae147bp+6, 
0x1.29p+6, 0x1.2847ae147ae14p+6, 0x1.271eb851eb852p+6, 0x1.273d70a3d70a4p+6, 
0x1.29b851eb851ecp+6, 0x1.2c1eb851eb852p+6, 0x1.2dd70a3d70a3dp+6, 
0x1.2e147ae147ae1p+6, 0x1.310a3d70a3d71p+6, 0x1.33147ae147ae1p+6, 
0x1.36a3d70a3d70ap+6, 0x1.3a66666666666p+6, 0x1.3ceb851eb851fp+6, 
0x1.390a3d70a3d71p+6, 0x1.38147ae147ae1p+6, 0x1.37f5c28f5c28fp+6, 
0x1.383d70a3d70a4p+6, 0x1.398f5c28f5c29p+6, 0x1.3a9999999999ap+6, 
0x1.3b70a3d70a3d7p+6, 0x1.3bd70a3d70a3dp+6, 0x1.3d147ae147ae1p+6, 
0x1.3eeb851eb851fp+6, 0x1.42eb851eb851fp+6, 0x1.4551eb851eb85p+6, 
0x1.4266666666666p+6, 0x1.40e147ae147aep+6, 0x1.40a3d70a3d70ap+6, 
0x1.41a3d70a3d70ap+6, 0x1.4233333333333p+6, 0x1.42eb851eb851fp+6, 
0x1.4528f5c28f5c3p+6, 0x1.46eb851eb851fp+6, 0x1.4870a3d70a3d7p+6, 
0x1.4a1eb851eb852p+6, 0x1.4f851eb851eb8p+6, 0x1.51ae147ae147bp+6, 
0x1.4e5c28f5c28f6p+6, 0x1.4bccccccccccdp+6, 0x1.4c70a3d70a3d7p+6, 
0x1.4fae147ae147bp+6, 0x1.5228f5c28f5c3p+6, 0x1.51ccccccccccdp+6, 
0x1.5151eb851eb85p+6, 0x1.5266666666666p+6, 0x1.563d70a3d70a4p+6, 
0x1.597ae147ae148p+6, 0x1.601eb851eb852p+6, 0x1.6328f5c28f5c3p+6, 
0x1.5e851eb851eb8p+6, 0x1.5c33333333333p+6, 0x1.5d3d70a3d70a4p+6, 
0x1.60147ae147ae1p+6, 0x1.623d70a3d70a4p+6, 0x1.63ae147ae147bp+6, 
0x1.64f5c28f5c28fp+6, 0x1.669999999999ap+6, 0x1.67e147ae147aep+6, 
0x1.6bae147ae147bp+6, 0x1.730a3d70a3d71p+6, 0x1.761eb851eb852p+6, 
0x1.6f47ae147ae14p+6, 0x1.6c5c28f5c28f6p+6, 0x1.6c851eb851eb8p+6, 
0x1.6d70a3d70a3d7p+6, 0x1.6e147ae147ae1p+6, 0x1.6f851eb851eb8p+6, 
0x1.7070a3d70a3d7p+6, 0x1.6f7ae147ae148p+6, 0x1.71b851eb851ecp+6, 
0x1.7733333333333p+6, 0x1.7dd70a3d70a3dp+6, 0x1.7fae147ae147bp+6, 
0x1.768f5c28f5c29p+6, 0x1.73ae147ae147bp+6, 0x1.7370a3d70a3d7p+6, 
0x1.735c28f5c28f6p+6, 0x1.75147ae147ae1p+6, 0x1.763d70a3d70a4p+6, 
0x1.7666666666666p+6, 0x1.77147ae147ae1p+6, 0x1.78f5c28f5c28fp+6, 
0x1.7ca3d70a3d70ap+6, 0x1.8133333333333p+6, 0x1.83c28f5c28f5cp+6, 
0x1.7570a3d70a3d7p+6, 0x1.7247ae147ae14p+6, 0x1.71f5c28f5c28fp+6, 
0x1.738f5c28f5c29p+6, 0x1.71ccccccccccdp+6, 0x1.6cf5c28f5c28fp+6, 
0x1.7466666666666p+6, 0x1.74b851eb851ecp+6, 0x1.76ae147ae147bp+6, 
0x1.78a3d70a3d70ap+6, 0x1.7e1eb851eb852p+6, 0x1.7fb851eb851ecp+6, 
0x1.7aae147ae147bp+6, 0x1.75eb851eb851fp+6, 0x1.75eb851eb851fp+6, 
0x1.75p+6, 0x1.780a3d70a3d71p+6, 0x1.7928f5c28f5c3p+6, 0x1.77d70a3d70a3dp+6, 
0x1.78c28f5c28f5cp+6, 0x1.793d70a3d70a4p+6, 0x1.7b851eb851eb8p+6, 
0x1.80d70a3d70a3dp+6, 0x1.83ae147ae147bp+6, 0x1.820a3d70a3d71p+6, 
0x1.7d5c28f5c28f6p+6, 0x1.7e8f5c28f5c29p+6, 0x1.7eb851eb851ecp+6, 
0x1.7fb851eb851ecp+6, 0x1.8070a3d70a3d7p+6, 0x1.7fe147ae147aep+6, 
0x1.81d70a3d70a3dp+6, 0x1.830a3d70a3d71p+6, 0x1.8647ae147ae14p+6, 
0x1.8ec28f5c28f5cp+6, 0x1.91ae147ae147bp+6, 0x1.8a8f5c28f5c29p+6, 
0x1.87ae147ae147bp+6, 0x1.857ae147ae148p+6, 0x1.80f5c28f5c28fp+6, 
0x1.86b851eb851ecp+6, 0x1.87p+6, 0x1.87eb851eb851fp+6, 0x1.89b851eb851ecp+6, 
0x1.8b70a3d70a3d7p+6, 0x1.8f47ae147ae14p+6, 0x1.941eb851eb852p+6, 
0x1.95e147ae147aep+6, 0x1.8eccccccccccdp+6, 0x1.8cc28f5c28f5cp+6, 
0x1.871eb851eb852p+6, 0x1.8c1eb851eb852p+6, 0x1.8d9999999999ap+6, 
0x1.8fd70a3d70a3dp+6, 0x1.8eae147ae147bp+6, 0x1.8c147ae147ae1p+6, 
0x1.8c9999999999ap+6, 0x1.8eae147ae147bp+6, 0x1.95ae147ae147bp+6, 
0x1.9828f5c28f5c3p+6, 0x1.9151eb851eb85p+6, 0x1.8f47ae147ae14p+6, 
0x1.8f33333333333p+6, 0x1.8ee147ae147aep+6, 0x1.8eeb851eb851fp+6, 
0x1.9066666666666p+6, 0x1.91p+6, 0x1.9051eb851eb85p+6, 0x1.9470a3d70a3d7p+6, 
0x1.99p+6, 0x1.9fe147ae147aep+6, 0x1.a1p+6, 0x1.99147ae147ae1p+6, 
0x1.96p+6, 0x1.953d70a3d70a4p+6, 0x1.95a3d70a3d70ap+6, 0x1.93c28f5c28f5cp+6, 
