structure(list(period_id = c("2000M01", "2000M02", "2000M03", 
"2000M04", "2000M05", "2000M06", "2000M07", "2000M08", "2000M09", 
"2000M10", "2000M11", "2000M12", "2001M01", "2001M02", "2001M03", 
"2001M04", "2001M05", "2001M06", "2001M07", "2001M08", "2001M09", 
"2001M10", "2001M11", "2001M12", "2002M01", "2002M02", "2002M03", 
"2002M04", "2002M05", "2002M06", "2002M07", "2002M08", "2002M09", 
"2002M10", "2002M11", "2002M12", "2003M01", "2003M02", "2003M03", 
"2003M04", "2003M05", "2003M06", "2003M07", "2003M08", "2003M09", 
"2003M10", "2003M11", "2003M12", "2004M01", "2004M02", "2004M03", 
"2004M04", "2004M05", "2004M06", "2004M07", "2004M08", "2004M09", 
"2004M10", "2004M11", "2004M12", "2005M01", "2005M02", "2005M03", 
"2005M04", "2005M05", "2005M06", "2005M07", "2005M08", "2005M09", 
"2005M10", "2005M11", "2005M12", "2006M01", "2006M02", "2006M03", 
"2006M04", "2006M05", "2006M06", "2006M07", "2006M08", "2006M09", 
"2006M10", "2006M11", "2006M12", "2007M01", "2007M02", "2007M03", 
"2007M04", "2007M05", "2007M06", "2007M07", "2007M08", "2007M09", 
"2007M10", "2007M11", "2007M12", "2008M01", "2008M02", "2008M03", 
"2008M04", "2008M05", "2008M06", "2008M07", "2008M08", "2008M09", 
"2008M10", "2008M11", "2008M12", "2009M01", "2009M02", "2009M03", 
"2009M04", "2009M05", "2009M06", "2009M07", "2009M08", "2009M09", 
"2009M10", "2009M11", "2009M12", "2010M01", "2010M02", "2010M03", 
"2010M04", "2010M05", "2010M06", "2010M07", "2010M08", "2010M09", 
"2010M10", "2010M11", "2010M12", "2011M01", "2011M02", "2011M03", 
"2011M04", "2011M05", "2011M06", "2011M07", "2011M08", "2011M09", 
"2011M10", "2011M11", "2011M12", "2012M01", "2012M02", "2012M03", 
"2012M04", "2012M05", "2012M06", "2012M07", "2012M08", "2012M09", 
"2012M10", "2012M11", "2012M12", "2013M01", "2013M02", "2013M03", 
"2013M04", "2013M05", "2013M06", "2013M07", "2013M08", "2013M09", 
"2013M10", "2013M11", "2013M12", "2014M01", "2014M02", "2014M03", 
"2014M04", "2014M05", "2014M06", "2014M07", "2014M08", "2014M09", 
"2014M10", "2014M11", "2014M12", "2015M01", "2015M02", "2015M03", 
"2015M04", "2015M05", "2015M06", "2015M07", "2015M08", "2015M09", 
"2015M10", "2015M11", "2015M12", "2016M01", "2016M02", "2016M03", 
"2016M04", "2016M05", "2016M06", "2016M07", "2016M08", "2016M09", 
"2016M10", "2016M11", "2016M12", "2017M01", "2017M02", "2017M03", 
"2017M04", "2017M05", "2017M06", "2017M07", "2017M08", "2017M09", 
"2017M10", "2017M11", "2017M12", "2018M01", "2018M02", "2018M03", 
"2018M04", "2018M05", "2018M06", "2018M07", "2018M08", "2018M09", 
"2018M10", "2018M11", "2018M12", "2019M01", "2019M02", "2019M03", 
"2019M04", "2019M05", "2019M06", "2019M07", "2019M08", "2019M09", 
"2019M10", "2019M11", "2019M12", "2020M01", "2020M02", "2020M03", 
"2020M04", "2020M05", "2020M06", "2020M07", "2020M08", "2020M09", 
"2020M10", "2020M11", "2020M12", "2021M01", "2021M02", "2021M03", 
"2021M04", "2021M05", "2021M06", "2021M07", "2021M08", "2021M09", 
"2021M10", "2021M11", "2021M12", "2022M01", "2022M02", "2022M03", 
"2022M04", "2022M05", "2022M06", "2022M07", "2022M08", "2022M09", 
"2022M10", "2022M11", "2022M12", "2023M01", "2023M02", "2023M03", 
"2023M04", "2023M05", "2023M06", "2023M07", "2023M08", "2023M09", 
"2023M10", "2023M11", "2023M12", "2024M01", "2024M02", "2024M03", 
"2024M04", "2024M05", "2024M06", "2024M07", "2024M08", "2024M09", 
"2024M10", "2024M11", "2024M12", "2025M01", "2025M02", "2025M03", 
"2025M04", "2025M05", "2025M06"), value = c(0x1.3f8441fdd0f54p+5, 
0x1.4e9b4a950b03bp+5, 0x1.55dab25cf196ap+5, 0x1.574622717af82p+5, 
0x1.5dbc5d8022f73p+5, 0x1.59d887d76be88p+5, 0x1.56c54b83463f7p+5, 
0x1.595e925e26884p+5, 0x1.5e05940ff0edap+5, 0x1.627ee58394d3ap+5, 
0x1.699a4627de53ap+5, 0x1.6b9564c3cb082p+5, 0x1.6ecccbdf94fc7p+5, 
0x1.6f377c038cc9p+5, 0x1.6db51b07550c8p+5, 0x1.7887944d34b75p+5, 
0x1.73c485f0984d8p+5, 0x1.70c48cc68e393p+5, 0x1.7b29d1fc5dd2ep+5, 
0x1.7d3618439f99fp+5, 0x1.76fc679f3276p+5, 0x1.795b2297f64a8p+5, 
0x1.7f42875e20598p+5, 0x1.831c0110e915p+5, 0x1.8009d5b591bbfp+5, 
0x1.7c8873893c7f2p+5, 0x1.8563ad7031e77p+5, 0x1.7c11db8e28be2p+5, 
0x1.7ced859843aap+5, 0x1.86b448c985aaep+5, 0x1.88b9eb7566c76p+5, 
0x1.8c5477608aa22p+5, 0x1.8a23a5109321bp+5, 0x1.8790651a91dd1p+5, 
0x1.8d0645fdcc7e5p+5, 0x1.91c86e07f4cf8p+5, 0x1.8d318f141271bp+5, 
0x1.9b5c3b1280dfap+5, 0x1.8a48478f30766p+5, 0x1.9141c0b1d8b54p+5, 
0x1.9782e1c09a159p+5, 0x1.9a1546487f5c8p+5, 0x1.977ce1ab4eb66p+5, 
0x1.95ceafb894d81p+5, 0x1.9dfb117cb8bbcp+5, 0x1.9c59d41d4b77dp+5, 
0x1.9599366897d49p+5, 0x1.9aaf1494b52dfp+5, 0x1.a0c448142133p+5, 
0x1.953c1974cee19p+5, 0x1.9cbec7c6f2ef2p+5, 0x1.b82c35272846fp+5, 
0x1.a0752d63e4cafp+5, 0x1.a538cc5130f3ap+5, 0x1.a8baaad637437p+5, 
0x1.a5ac1174b616dp+5, 0x1.b005b9599341fp+5, 0x1.ae4bb30f4b71cp+5, 
0x1.a4ba5aeddfafep+5, 0x1.aa42d28f174e4p+5, 0x1.c0936182bce86p+5, 
0x1.bc07fc09dce7ep+5, 0x1.c26a06880bbd2p+5, 0x1.c062b9fdcee28p+5, 
0x1.c6321a6b95edfp+5, 0x1.d5b7c1a235072p+5, 0x1.d31a6ed220989p+5, 
0x1.e1391154fc25p+5, 0x1.d7764b57a0fe5p+5, 0x1.d6b363e6ac703p+5, 
0x1.f1ae3f89e700fp+5, 0x1.f31f4fd905d4p+5, 0x1.e2887f252a9bap+5, 
0x1.e7b43d5754f44p+5, 0x1.e3d5ab0e7b294p+5, 0x1.f64f59dfbf284p+5, 
0x1.f023a288e46cap+5, 0x1.ebcc2c7c8082dp+5, 0x1.f8688eb817b2cp+5, 
0x1.efa57574287e5p+5, 0x1.f3f1540325355p+5, 0x1.008b60ea9481fp+6, 
0x1.0058a36828042p+6, 0x1.074b899501e9p+6, 0x1.eb05e25628209p+5, 
0x1.0182953bceac2p+6, 0x1.0bbe4d20ec8e7p+6, 0x1.0da10a9a4248ap+6, 
0x1.1039ca4acf1e1p+6, 0x1.0f3717570f082p+6, 0x1.144b15cba5dacp+6, 
0x1.1a3af26352511p+6, 0x1.1ff46d7497d4dp+6, 0x1.22c1786d449c4p+6, 
0x1.201c5f0b8c758p+6, 0x1.1bccfb3f7ee3ep+6, 0x1.21e4db6f569e4p+6, 
0x1.2feadecee92d8p+6, 0x1.2a2a69efc7aaep+6, 0x1.28250d949d2fep+6, 
0x1.3431a8fba03dfp+6, 0x1.2ec4df03ba012p+6, 0x1.2f4f785a5ae8cp+6, 
0x1.33b2e0b4a4081p+6, 0x1.39e73c74d1432p+6, 0x1.2955746d6d0ep+6, 
0x1.27fa609aa0ca9p+6, 0x1.184d535df4dbep+6, 0x1.11d1609e5a55fp+6, 
0x1.064797192ea1ep+6, 0x1.06b6d579563e4p+6, 0x1.01e48304f343bp+6, 
0x1.03595659e39b2p+6, 0x1.010629678337ep+6, 0x1.049bdf8e35d29p+6, 
0x1.034374d3305f1p+6, 0x1.00307e14af98p+6, 0x1.0496a9007728p+6, 
0x1.0149736d9d876p+6, 0x1.05ef66d0329bbp+6, 0x1.065902e96edb5p+6, 
0x1.028eee6d90121p+6, 0x1.0ac06cd255653p+6, 0x1.0c99507d55b8fp+6, 
0x1.093f34b544e83p+6, 0x1.1022e3ca23859p+6, 0x1.0ea0cacfabeddp+6, 
0x1.095a7b7a522dep+6, 0x1.122c5e4b8ba8dp+6, 0x1.129de49eba357p+6, 
0x1.16d901e645582p+6, 0x1.0f6500b45183dp+6, 0x1.1551a011bc98bp+6, 
0x1.1d001cb4f3531p+6, 0x1.14d344d5fc54cp+6, 0x1.19339e9b70659p+6, 
0x1.18f648c6ccbep+6, 0x1.120bd3a8ea496p+6, 0x1.154d64ac480d7p+6, 
0x1.18394b9df3032p+6, 0x1.1b95233b947p+6, 0x1.19ddbcad8360ap+6, 
0x1.14ee8b18f0d92p+6, 0x1.119b3cd41deb9p+6, 0x1.19f8d820442c3p+6, 
0x1.136bbc6be92a6p+6, 0x1.15d05ab6803bbp+6, 0x1.0e3441db676c6p+6, 
0x1.0b485022372ap+6, 0x1.0e22b6502a1ccp+6, 0x1.0f29776491fa8p+6, 
0x1.0f5c27ae3db1dp+6, 0x1.06a5bcd44e305p+6, 0x1.0783f12357b3cp+6, 
0x1.07dd417194e5fp+6, 0x1.08ca4f2f4835ap+6, 0x1.09ec10606d1b7p+6, 
0x1.068be22adbb86p+6, 0x1.072cdb6a4213fp+6, 0x1.0d9380a15f4d1p+6, 
0x1.10567212dd9f5p+6, 0x1.19cb68241cfe7p+6, 0x1.fa06a273ed26cp+5, 
0x1.08ff8f2fd04e1p+6, 0x1.083f2e376357cp+6, 0x1.0c675df257d73p+6, 
0x1.0f9174b29f4b2p+6, 0x1.117f1da65954bp+6, 0x1.111e6d7912749p+6, 
0x1.0a1b0df85dcd3p+6, 0x1.0e9709fbde8c1p+6, 0x1.0fb9fb47c5fc5p+6, 
0x1.08fe6878e5c25p+6, 0x1.0f6f0bb043c11p+6, 0x1.1280f7675f27ep+6, 
0x1.11ac1513c70b9p+6, 0x1.1697a7de4bf39p+6, 0x1.1527df78cf9fdp+6, 
0x1.145b295ac23e1p+6, 0x1.13b8671cb7f27p+6, 0x1.1917f988bfb35p+6, 
0x1.165e2e8d94467p+6, 0x1.1b980cffc983dp+6, 0x1.1d3a648d3d96ap+6, 
0x1.210b8885d44d7p+6, 0x1.226598f2df653p+6, 0x1.1f3b46a6aa0bap+6, 
0x1.1d7d1b039a83dp+6, 0x1.24eb8a0539e75p+6, 0x1.2276a702aca8p+6, 
0x1.22c8fce9ebbd2p+6, 0x1.266cca97ba36p+6, 0x1.2f4bb263f43eep+6, 
0x1.3308196fa66d8p+6, 0x1.2f90ad051505ap+6, 0x1.3692ad9902bdep+6, 
0x1.380123cd75afcp+6, 0x1.3609a09faeb3ap+6, 0x1.3a7a5bd581629p+6, 
0x1.3b8fc33b939dcp+6, 0x1.40b828621e5e5p+6, 0x1.4b646990d554cp+6, 
