structure(list(period_id = c("1995Q1", "1995Q2", "1995Q3", "1995Q4", 
"1996Q1", "1996Q2", "1996Q3", "1996Q4", "1997Q1", "1997Q2", "1997Q3", 
"1997Q4", "1998Q1", "1998Q2", "1998Q3", "1998Q4", "1999Q1", "1999Q2", 
"1999Q3", "1999Q4", "2000Q1", "2000Q2", "2000Q3", "2000Q4", "2001Q1", 
"2001Q2", "2001Q3", "2001Q4", "2002Q1", "2002Q2", "2002Q3", "2002Q4", 
"2003Q1", "2003Q2", "2003Q3", "2003Q4", "2004Q1", "2004Q2", "2004Q3", 
"2004Q4", "2005Q1", "2005Q2", "2005Q3", "2005Q4", "2006Q1", "2006Q2", 
"2006Q3", "2006Q4", "2007Q1", "2007Q2", "2007Q3", "2007Q4", "2008Q1", 
"2008Q2", "2008Q3", "2008Q4", "2009Q1", "2009Q2", "2009Q3", "2009Q4", 
"2010Q1", "2010Q2", "2010Q3", "2010Q4", "2011Q1", "2011Q2", "2011Q3", 
"2011Q4", "2012Q1", "2012Q2", "2012Q3", "2012Q4", "2013Q1", "2013Q2", 
"2013Q3", "2013Q4", "2014Q1", "2014Q2", "2014Q3", "2014Q4", "2015Q1", 
"2015Q2", "2015Q3", "2015Q4", "2016Q1", "2016Q2", "2016Q3", "2016Q4", 
"2017Q1", "2017Q2", "2017Q3", "2017Q4", "2018Q1", "2018Q2", "2018Q3", 
"2018Q4", "2019Q1", "2019Q2", "2019Q3", "2019Q4", "2020Q1", "2020Q2", 
"2020Q3", "2020Q4", "2021Q1", "2021Q2", "2021Q3", "2021Q4", "2022Q1", 
"2022Q2", "2022Q3", "2022Q4", "2023Q1", "2023Q2", "2023Q3", "2023Q4", 
"2024Q1", "2024Q2", "2024Q3", "2024Q4", "2025Q1"), value = c(0x1.7ec800eae18adp+7, 
0x1.865cfb1183b6p+7, 0x1.8c0d14e3bcd36p+7, 0x1.a977e1da7b0b4p+7, 
0x1.c0b6dbb59ddc2p+7, 0x1.df81a02752546p+7, 0x1.060882278d0ccp+8, 
0x1.0a7fa12b5e52ap+8, 0x1.15d521bc126a6p+8, 0x1.3115d744f5d35p+8, 
0x1.32e30df9bdc6ap+8, 0x1.36d531337eb29p+8, 0x1.44fd29aa1d756p+8, 
0x1.4eb774ddf86e4p+8, 0x1.545caa7589efep+8, 0x1.6e9b26e115593p+8, 
0x1.74f39841aac54p+8, 0x1.d55cd92fb19e7p+8, 0x1.89130468448cfp+8, 
0x1.9f327b9170d63p+8, 0x1.c8b2917507e9ep+8, 0x1.d3e13ef6b5d46p+8, 
0x1.eeadc27e95315p+8, 0x1.f9ac6a3bddfcap+8, 0x1.ee9a0c38f3669p+8, 
0x1.f4661db877ab3p+8, 0x1.fc553c361134p+8, 0x1.002bddc1e7968p+9, 
0x1.0043b877ab325p+9, 0x1.01051244a6224p+9, 0x1.109b148fd9fd3p+9, 
0x1.1a2f8af3e468dp+9, 0x1.27728d10f51adp+9, 0x1.3ae3e6eeb7026p+9, 
0x1.3a44f50a02b84p+9, 0x1.44fdc1615ebfbp+9, 0x1.4fe6c05921038p+9, 
0x1.4a1eeee0f3cb4p+9, 0x1.61ef5bd512ec7p+9, 0x1.5f8408205ff1ep+9, 
0x1.6662bd556084ap+9, 0x1.6f891819d2392p+9, 0x1.65b706c43f5f9p+9, 
0x1.6a9284cf0739bp+9, 0x1.5ee039cd8127bp+9, 0x1.6eada9e2bcf92p+9, 
0x1.7cfe80064a9cep+9, 0x1.9929f601797ccp+9, 0x1.a96761d4306e6p+9, 
0x1.c8e80663c74fbp+9, 0x1.e366495e17e35p+9, 0x1.f9c7c58ab92cp+9, 
0x1.189b1dcd7060cp+10, 0x1.10f81db0142f6p+10, 0x1.16014c37e6f72p+10, 
0x1.033e84406c00ep+10, 0x1.ddfdf1a5ca298p+9, 0x1.c81acc2d6a9c5p+9, 
0x1.a73fa5a89b952p+9, 0x1.9425f676ea423p+9, 0x1.72201f5be5d9ep+9, 
0x1.6e4cf2170931p+9, 0x1.5eff795b35b0cp+9, 0x1.489bdd54da4cfp+9, 
0x1.27f510129cbabp+9, 0x1.15d93cd573648p+9, 0x1.1de0509bf9c63p+9, 
0x1.2c0590c9107fbp+9, 0x1.1a7739c0ebeep+9, 0x1.178f8c8eef1bbp+9, 
0x1.3023aeee95747p+9, 0x1.0a6951efb6dcap+9, 0x1.048b4906034f4p+9, 
0x1.f9fb1e7d9988dp+8, 0x1.1a66ba9d1f601p+9, 0x1.3c67d48cb4aedp+9, 
0x1.41280eb67c287p+9, 0x1.563d57abb8801p+9, 0x1.5145ccf28c79fp+9, 
0x1.2ea2c0a4a05dep+9, 0x1.40185db76b3bcp+9, 0x1.43b116a055758p+9, 
0x1.29e55e95b78cdp+9, 0x1.2893c72e275abp+9, 0x1.e8e295421c044p+8, 
0x1.f80dadc8fb86fp+8, 0x1.fcb27cd035372p+8, 0x1.09eacba732df5p+9, 
0x1.198c8448cf7cbp+9, 0x1.14bf990afe60cp+9, 0x1.01362003ab863p+9, 
0x1.3c69436b8f9b1p+9, 0x1.3254229a5ebb7p+9, 0x1.4548573a79789p+9, 
0x1.560e6c8f75537p+9, 0x1.6e6f1bbcf4e87p+9, 0x1.7a78bc7b45f18p+9, 
0x1.8d790014f8b59p+9, 0x1.631b73647baaap+9, 0x1.5dcaeb78897eap+9, 
0x1.767acae642bfap+9, 0x1.4d42edd484513p+9, 0x1.67903afb7e91p+9, 
0x1.72b49973d9ec7p+9, 0x1.83eec122749f1p+9, 0x1.94e81a93293d1p+9, 
0x1.b366e075f6fd2p+9, 0x1.b8c208e150119p+9, 0x1.ccabc105186dbp+9, 
0x1.ee42f96e15875p+9, 0x1.06ad650a45d42p+10, 0x1.072d90b849881p+10, 
0x1.1eba46e8f29d4p+10, 0x1.2fbbc72e275abp+10, 0x1.34607cd035372p+10, 
0x1.0f4053e707e17p+10, 0x1.289587ce95fabp+10, 0x1.246bce075f6fdp+10, 
0x1.031c9d30270f4p+10, 0x1.13246173b85e8p+10, 0x1.1d142ae4b0186p+10
)), class = "data.frame", row.names = c(NA, -121L))
