structure(list(period_id = c("1999Q1", "1999Q2", "1999Q3", "1999Q4", 
"2000Q1", "2000Q2", "2000Q3", "2000Q4", "2001Q1", "2001Q2", "2001Q3", 
"2001Q4", "2002Q1", "2002Q2", "2002Q3", "2002Q4", "2003Q1", "2003Q2", 
"2003Q3", "2003Q4", "2004Q1", "2004Q2", "2004Q3", "2004Q4", "2005Q1", 
"2005Q2", "2005Q3", "2005Q4", "2006Q1", "2006Q2", "2006Q3", "2006Q4", 
"2007Q1", "2007Q2", "2007Q3", "2007Q4", "2008Q1", "2008Q2", "2008Q3", 
"2008Q4", "2009Q1", "2009Q2", "2009Q3", "2009Q4", "2010Q1", "2010Q2", 
"2010Q3", "2010Q4", "2011Q1", "2011Q2", "2011Q3", "2011Q4", "2012Q1", 
"2012Q2", "2012Q3", "2012Q4", "2013Q1", "2013Q2", "2013Q3", "2013Q4", 
"2014Q1", "2014Q2", "2014Q3", "2014Q4", "2015Q1", "2015Q2", "2015Q3", 
"2015Q4", "2016Q1", "2016Q2", "2016Q3", "2016Q4", "2017Q1", "2017Q2", 
"2017Q3", "2017Q4", "2018Q1", "2018Q2", "2018Q3", "2018Q4", "2019Q1", 
"2019Q2", "2019Q3", "2019Q4", "2020Q1", "2020Q2", "2020Q3", "2020Q4", 
"2021Q1", "2021Q2", "2021Q3", "2021Q4", "2022Q1", "2022Q2", "2022Q3", 
"2022Q4", "2023Q1", "2023Q2", "2023Q3", "2023Q4", "2024Q1", "2024Q2", 
"2024Q3", "2024Q4", "2025Q1"), value = c(0x1.0fd805e5f30e8p+5, 
0x1.440b1ee243569p+5, 0x1.4803aa79bbadcp+5, 0x1.e6b67d34df04ep+5, 
0x1.3afc5a3e39f77p+5, 0x1.63bf08893b7d8p+5, 0x1.279dcf0307f24p+5, 
0x1.01d13cab81f97p+6, 0x1.b1cd9d7774abap+4, 0x1.37c7913e81451p+5, 
0x1.753f444e0daa1p+5, 0x1.37aa25d8d79d1p+6, 0x1.233b8023a6ce3p+5, 
0x1.77423fab10ba6p+5, 0x1.a44176577531ep+5, 0x1.61c57b84db9c7p+6, 
0x1.a7f96fa82e87dp+5, 0x1.973a5332acfb7p+5, 0x1.ef6db7ae5796cp+5, 
0x1.8c6e13b18dac2p+6, 0x1.82ae1719f7f8dp+5, 0x1.a5bedfa43fe5dp+5, 
0x1.022f3f961804ep+6, 0x1.43a904f6dfc5dp+6, 0x1.4e9ab21815a08p+5, 
0x1.c040685553ef7p+5, 0x1.e49d7ba6698bbp+4, 0x1.5be945f9df549p+6, 
0x1.695fa22706d5p+4, 0x1.eb2de76427c7cp+4, 0x1.770a1b5c7cd8ap+5, 
0x1.2d98d0cc35ce2p+6, 0x1.f1cef459d9903p+3, 0x1.d11dece571088p+4, 
0x1.cf573eab367a1p+4, 0x1.68f516db0dd83p+6, 0x1.e579cc74b838cp+3, 
0x1.be1d18090b418p+4, 0x1.093ab21815a08p+6, 0x1.ca3d05af6c69bp+5, 
0x1.552b3cc4ac6cep+3, 0x1.f3bb866e43aa8p+5, 0x1.84acd7cf5f4e4p+4, 
0x1.9f46cfc829cfep+5, 0x1.c2055757d5a9fp+2, 0x1.2edb5525cc426p+5, 
0x1.3954152b0a6fcp+3, 0x1.12e6f1dc50ce5p+5, 0x1.c7a396073de1ep+3, 
0x1.42714a90470a8p+4, 0x1.367ec460ed80ap+4, 0x1.955e29307af21p+5, 
0x1.75c7baa9b499dp+3, 0x1.204f9c1f85d74p+3, 0x1.222877ee4e26dp+4, 
0x1.5e921ab4b72c5p+5, 0x1.3248b220791c5p+3, 0x1.3955c0fcb4f1ep+3, 
0x1.0c7aeff5c6c12p+3, 0x1.855273d5bab22p+5, 0x1.d45c358afc47ep+3, 
0x1.b81b23dd54da5p+3, 0x1.6f5247cb70ac4p+3, 0x1.006f3dc054ef4p+5, 
0x1.c3ce63a5c1c61p+3, 0x1.978316a055758p+3, 0x1.6555b24e9c454p+3, 
0x1.eb588d2a1f8e4p+4, 0x1.c3ba7fc32ebe6p+3, 0x1.f77f455a7d242p+3, 
0x1.72ca686e7e62ep+3, 0x1.7d7c4b09e98ddp+4, 0x1.1823d9231c64cp+3, 
0x1.f745803cd141ap+3, 0x1.d8c443914f484p+3, 0x1.3e2f8e7ddca4bp+5, 
0x1.2aaac322291fbp+3, 0x1.4ebe76c8b4396p+4, 0x1.bb4ca0c282c6fp+3, 
0x1.be467dfe32a06p+5, 0x1.7716d8f4f93bcp+3, 0x1.2bc67dfe32a06p+4, 
0x1.99bb43d89ce4ap+4, 0x1.0e18a04d12019p+6, 0x1.d79b1d92b7fe1p+3, 
0x1.4cdfcf3dc054fp+4, 0x1.bed40cc78e9f7p+4, 0x1.20a8327674d16p+6, 
0x1.ceac6045baf53p+3, 0x1.4ec6de76427c8p+4, 0x1.553dd3bafd977p+5, 
0x1.2778637bd05afp+6, 0x1.0809dcf893fafp+4, 0x1.1c811ec918e32p+5, 
0x1.1ff1dc50ce4ebp+5, 0x1.db73704790b85p+6, 0x1.06d8ceb356dap+5, 
0x1.32b8769ec2ce4p+5, 0x1.4fb487fcb923ap+6, 0x1.850889c1b5419p+7, 
0x1.ae5e02ea960b7p+5, 0x1.88b2d44dca8e3p+5, 0x1.3a8a9f383f0bbp+6, 
0x1.07ad9a52263d8p+7, 0x1.1ea187a4a48f9p+5)), class = "data.frame", row.names = c(NA, 
-105L))
