structure(list(period_id = c("1995Q1", "1995Q2", "1995Q3", "1995Q4", 
"1996Q1", "1996Q2", "1996Q3", "1996Q4", "1997Q1", "1997Q2", "1997Q3", 
"1997Q4", "1998Q1", "1998Q2", "1998Q3", "1998Q4", "1999Q1", "1999Q2", 
"1999Q3", "1999Q4", "2000Q1", "2000Q2", "2000Q3", "2000Q4", "2001Q1", 
"2001Q2", "2001Q3", "2001Q4", "2002Q1", "2002Q2", "2002Q3", "2002Q4", 
"2003Q1", "2003Q2", "2003Q3", "2003Q4", "2004Q1", "2004Q2", "2004Q3", 
"2004Q4", "2005Q1", "2005Q2", "2005Q3", "2005Q4", "2006Q1", "2006Q2", 
"2006Q3", "2006Q4", "2007Q1", "2007Q2", "2007Q3", "2007Q4", "2008Q1", 
"2008Q2", "2008Q3", "2008Q4", "2009Q1", "2009Q2", "2009Q3", "2009Q4", 
"2010Q1", "2010Q2", "2010Q3", "2010Q4", "2011Q1", "2011Q2", "2011Q3", 
"2011Q4", "2012Q1", "2012Q2", "2012Q3", "2012Q4", "2013Q1", "2013Q2", 
"2013Q3", "2013Q4", "2014Q1", "2014Q2", "2014Q3", "2014Q4", "2015Q1", 
"2015Q2", "2015Q3", "2015Q4", "2016Q1", "2016Q2", "2016Q3", "2016Q4", 
"2017Q1", "2017Q2", "2017Q3", "2017Q4", "2018Q1", "2018Q2", "2018Q3", 
"2018Q4", "2019Q1", "2019Q2", "2019Q3", "2019Q4", "2020Q1", "2020Q2", 
"2020Q3", "2020Q4", "2021Q1", "2021Q2", "2021Q3", "2021Q4", "2022Q1", 
"2022Q2", "2022Q3", "2022Q4", "2023Q1", "2023Q2", "2023Q3", "2023Q4", 
"2024Q1", "2024Q2", "2024Q3", "2024Q4", "2025Q1"), value = c(0x1.8076e19b90eaap+7, 
0x1.8f9848beb5b2dp+7, 0x1.9eae73e681a9cp+7, 0x1.aceb8194c016p+7, 
0x1.bbaa22706d506p+7, 0x1.c65177a7008a7p+7, 0x1.d2dafb5d03105p+7, 
0x1.de79737542a24p+7, 0x1.eab0c79f66623p+7, 0x1.f9b174c4cdfadp+7, 
0x1.02b6b11c6d1e1p+8, 0x1.09e2f74cd3177p+8, 0x1.0fc6235b4edb3p+8, 
0x1.14e1b3d07c84bp+8, 0x1.198a6362a5e78p+8, 0x1.1ec4df8b15726p+8, 
0x1.24811a32b12d3p+8, 0x1.2a84295a6c5d2p+8, 0x1.336e3bbc6eb0bp+8, 
0x1.3931d9d3458cdp+8, 0x1.3e541f969e3c9p+8, 0x1.44ff7aa25d8d8p+8, 
0x1.486077681669dp+8, 0x1.4e1eb92c06184p+8, 0x1.5795426fe718bp+8, 
0x1.5a997e670e2c1p+8, 0x1.61635d67ba238p+8, 0x1.687f2abef06b3p+8, 
0x1.6eb348a159818p+8, 0x1.768a517e77d52p+8, 0x1.7e64c5004fb12p+8, 
0x1.8306366d7a56ep+8, 0x1.8600271fff79dp+8, 0x1.8f8e0a41a261cp+8, 
0x1.94ad10a137f39p+8, 0x1.9bf91ed9dfdacp+8, 0x1.a3ec169c23b79p+8, 
0x1.b9f5b1e9f2778p+8, 0x1.b1bc24b33daf9p+8, 0x1.ce9083558a761p+8, 
0x1.d407a1e3eaf68p+8, 0x1.dba4690de0935p+8, 0x1.ce9b8e086bdf5p+8, 
0x1.ddbe2cdc011d3p+8, 0x1.e87230121683p+8, 0x1.f1ee01797cc3ap+8, 
0x1.fffd8a7610279p+8, 0x1.06749129888f8p+9, 0x1.0b9dbf487fcb9p+9, 
0x1.1270215b9a5a9p+9, 0x1.17ebfdac68a93p+9, 0x1.1de9b5e0f7fdp+9, 
0x1.245b1dffc547ap+9, 0x1.3c8f76ee73e68p+9, 0x1.2ac449cb252cep+9, 
0x1.39badbdf8f473p+9, 0x1.2dbff8ca8198fp+9, 0x1.2ff394855da27p+9, 
0x1.32bddf43c7d5fp+9, 0x1.331a97a67a52bp+9, 0x1.32daed4e4c943p+9, 
0x1.345e76d117b53p+9, 0x1.32f801ffb480ap+9, 0x1.3372ed1394318p+9, 
0x1.3150978d4fdf4p+9, 0x1.357da09cc319cp+9, 0x1.3723a52ac753ep+9, 
0x1.36cb3d7d3910cp+9, 0x1.36d3e7f2c300ap+9, 0x1.32ec9aed56b01p+9, 
0x1.33499be4cd749p+9, 0x1.359b03968d75ap+9, 0x1.37e295faa8a83p+9, 
0x1.3a290342aa9f8p+9, 0x1.3721b7281fd9cp+9, 0x1.37f8aeea63b69p+9, 
0x1.37d2dd9c27e95p+9, 0x1.3a04215336decp+9, 0x1.3dafe670e2c13p+9, 
0x1.3e9c6a6e32e38p+9, 0x1.43c825a682b63p+9, 0x1.4220ea5b530cfp+9, 
0x1.4570a7ded6ba9p+9, 0x1.48821fea8112cp+9, 0x1.4b7c46d82ba5ap+9, 
0x1.4e0bcab81f96ap+9, 0x1.513729888f862p+9, 0x1.4fc772ef0ae53p+9, 
0x1.544893e1c9b41p+9, 0x1.5645a46173b86p+9, 0x1.58326644d8772p+9, 
0x1.632839ef0f16fp+9, 0x1.619935eb7457cp+9, 0x1.693d715400325p+9, 
0x1.6cc83ac929aa2p+9, 0x1.720c01abd1aa8p+9, 0x1.72074da4ce81p+9, 
0x1.75e2fd75e2047p+9, 0x1.8073aa1511ep+9, 0x1.7c1da36e2eb1cp+9, 
0x1.84542ea960b7p+9, 0x1.7cbdfc115df65p+9, 0x1.7de8115592d99p+9, 
0x1.7a284cd749279p+9, 0x1.7a1261e92923ep+9, 0x1.852b2a172abefp+9, 
0x1.a7f3703f2d3c8p+9, 0x1.be2c046412cf1p+9, 0x1.c99864a16a487p+9, 
0x1.d84b5350092cdp+9, 0x1.e1171593e5fb7p+9, 0x1.e6d41d755bccbp+9, 
0x1.ede59314445aap+9, 0x1.f8a2165907d91p+9, 0x1.039b92f6e8295p+10, 
0x1.0d0b59d12cadep+10, 0x1.13bddf47f993dp+10, 0x1.15613a604e1e7p+10, 
0x1.182215f02c4d6p+10, 0x1.173bdc26dce3ap+10, 0x1.1f124ad362e9p+10
)), class = "data.frame", row.names = c(NA, -121L))
