structure(list(period_id = c("1999Q1", "1999Q2", "1999Q3", "1999Q4", 
"2000Q1", "2000Q2", "2000Q3", "2000Q4", "2001Q1", "2001Q2", "2001Q3", 
"2001Q4", "2002Q1", "2002Q2", "2002Q3", "2002Q4", "2003Q1", "2003Q2", 
"2003Q3", "2003Q4", "2004Q1", "2004Q2", "2004Q3", "2004Q4", "2005Q1", 
"2005Q2", "2005Q3", "2005Q4", "2006Q1", "2006Q2", "2006Q3", "2006Q4", 
"2007Q1", "2007Q2", "2007Q3", "2007Q4", "2008Q1", "2008Q2", "2008Q3", 
"2008Q4", "2009Q1", "2009Q2", "2009Q3", "2009Q4", "2010Q1", "2010Q2", 
"2010Q3", "2010Q4", "2011Q1", "2011Q2", "2011Q3", "2011Q4", "2012Q1", 
"2012Q2", "2012Q3", "2012Q4", "2013Q1", "2013Q2", "2013Q3", "2013Q4", 
"2014Q1", "2014Q2", "2014Q3", "2014Q4", "2015Q1", "2015Q2", "2015Q3", 
"2015Q4", "2016Q1", "2016Q2", "2016Q3", "2016Q4", "2017Q1", "2017Q2", 
"2017Q3", "2017Q4", "2018Q1", "2018Q2", "2018Q3", "2018Q4", "2019Q1", 
"2019Q2", "2019Q3", "2019Q4", "2020Q1", "2020Q2", "2020Q3", "2020Q4", 
"2021Q1", "2021Q2", "2021Q3", "2021Q4", "2022Q1", "2022Q2", "2022Q3", 
"2022Q4", "2023Q1", "2023Q2", "2023Q3", "2023Q4", "2024Q1", "2024Q2", 
"2024Q3", "2024Q4", "2025Q1"), value = c(0x1.1dd2161e4f766p+7, 
0x1.2fc7b07075b3ep+7, 0x1.379ae685db76bp+7, 0x1.4994169c23b79p+7, 
0x1.48b2b6f19934fp+7, 0x1.5e65e8709741dp+7, 0x1.67a87b139c94fp+7, 
0x1.7e976d117b528p+7, 0x1.71b2a433508f6p+7, 0x1.84dbbeec3979ap+7, 
0x1.87c7bd48cb4afp+7, 0x1.9ebcbe835dedfp+7, 0x1.b056cf6380022p+7, 
0x1.c799aef6f8f04p+7, 0x1.cae50a45d41fap+7, 0x1.e130f8c64fdb1p+7, 
0x1.be9209edbf8bap+7, 0x1.d0eada554b8bfp+7, 0x1.d373ef49cf56fp+7, 
0x1.e7a3da72a7bd5p+7, 0x1.c9b2a737110e4p+7, 0x1.e197acc4ef88cp+7, 
0x1.e99fc6b8b6955p+7, 0x1.fe43be4473cd5p+7, 0x1.e4345c78a6dadp+7, 
0x1.fb116feb4a665p+7, 0x1.01381333b96afp+8, 0x1.0b1d24e160d88p+8, 
0x1.f28fe79ee02a7p+7, 0x1.05bd03a7546d4p+8, 0x1.088f9c51dabe2p+8, 
0x1.143a1c36976bcp+8, 0x1.07f21b9f98b72p+8, 0x1.167d199bb2789p+8, 
0x1.184ef3f52fc26p+8, 0x1.234edd8b60f1bp+8, 0x1.21f53543aeab8p+8, 
0x1.33265bea0ba1fp+8, 0x1.3c39e54b48d3bp+8, 0x1.4c25a4f00ef13p+8, 
0x1.300967dbb16c2p+8, 0x1.3efe363b257p+8, 0x1.3c2c812be48a6p+8, 
0x1.46bcc05921038p+8, 0x1.51611654d61b3p+8, 0x1.625395f676ea4p+8, 
0x1.608fdddb1209fp+8, 0x1.6ab1ce28ed5f1p+8, 0x1.79b8e15011905p+8, 
0x1.8d70f440af1ccp+8, 0x1.8876f05a708eep+8, 0x1.98a5d3cbc48f1p+8, 
0x1.832a7e3087875p+8, 0x1.9120a808c825ap+8, 0x1.867a5082cf52cp+8, 
0x1.91d3f65dbfcebp+8, 0x1.80844534bd76fp+8, 0x1.8e3c359bc33f8p+8, 
0x1.8966134ce3de6p+8, 0x1.9800d2d44dca9p+8, 0x1.741aa0663c75p+8, 
0x1.821734f82f512p+8, 0x1.8027b0c4588ap+8, 0x1.941272a7bd48dp+8, 
0x1.7432a077036cap+8, 0x1.8433499d0203ep+8, 0x1.81e94477ff152p+8, 
0x1.97656733ebbfdp+8, 0x1.72b1bd0e12e84p+8, 0x1.821868fd199bbp+8, 
0x1.7f594003254e7p+8, 0x1.90194c76d117bp+8, 0x1.960550ebaade6p+8, 
0x1.a7efd955714bap+8, 0x1.a6703e425aee6p+8, 0x1.bbc1b4677b396p+8, 
0x1.a90d5097c8084p+8, 0x1.bd631c75818c6p+8, 0x1.bc00b8e086bdfp+8, 
0x1.cf40c9539b888p+8, 0x1.b818fc3f811f5p+8, 0x1.cc0980c308febp+8, 
0x1.cab20afa2f05ap+8, 0x1.e0b3734b51373p+8, 0x1.872cad57bc7f7p+8, 
0x1.a5497e02645e5p+8, 0x1.9a3aa02320968p+8, 0x1.b89c8f10a99b7p+8, 
0x1.d27530ad46f58p+8, 0x1.f671b5e95b78dp+8, 0x1.d6fedf9378ee3p+8, 
0x1.e392187a4a49p+8, 0x1.12754f3fd933ep+9, 0x1.20f9aa79bbadcp+9, 
0x1.212a46e08f217p+9, 0x1.30ff04bc27632p+9, 0x1.17cb1af3a14cfp+9, 
0x1.28acb4b72c519p+9, 0x1.29ac0d5629d84p+9, 0x1.3d88ed916872bp+9, 
0x1.0b094152b0a7p+9, 0x1.02e7564b662fep+9, 0x1.182cb6f19934fp+9, 
0x1.26638d36b4c7fp+9, 0x1.3185fe08aefb3p+9)), class = "data.frame", row.names = c(NA, 
-105L))
