structure(list(period_id = c("1995Q1", "1995Q2", "1995Q3", "1995Q4", 
"1996Q1", "1996Q2", "1996Q3", "1996Q4", "1997Q1", "1997Q2", "1997Q3", 
"1997Q4", "1998Q1", "1998Q2", "1998Q3", "1998Q4", "1999Q1", "1999Q2", 
"1999Q3", "1999Q4", "2000Q1", "2000Q2", "2000Q3", "2000Q4", "2001Q1", 
"2001Q2", "2001Q3", "2001Q4", "2002Q1", "2002Q2", "2002Q3", "2002Q4", 
"2003Q1", "2003Q2", "2003Q3", "2003Q4", "2004Q1", "2004Q2", "2004Q3", 
"2004Q4", "2005Q1", "2005Q2", "2005Q3", "2005Q4", "2006Q1", "2006Q2", 
"2006Q3", "2006Q4", "2007Q1", "2007Q2", "2007Q3", "2007Q4", "2008Q1", 
"2008Q2", "2008Q3", "2008Q4", "2009Q1", "2009Q2", "2009Q3", "2009Q4", 
"2010Q1", "2010Q2", "2010Q3", "2010Q4", "2011Q1", "2011Q2", "2011Q3", 
"2011Q4", "2012Q1", "2012Q2", "2012Q3", "2012Q4", "2013Q1", "2013Q2", 
"2013Q3", "2013Q4", "2014Q1", "2014Q2", "2014Q3", "2014Q4", "2015Q1", 
"2015Q2", "2015Q3", "2015Q4", "2016Q1", "2016Q2", "2016Q3", "2016Q4", 
"2017Q1", "2017Q2", "2017Q3", "2017Q4", "2018Q1", "2018Q2", "2018Q3", 
"2018Q4", "2019Q1", "2019Q2", "2019Q3", "2019Q4", "2020Q1", "2020Q2", 
"2020Q3", "2020Q4", "2021Q1", "2021Q2", "2021Q3", "2021Q4", "2022Q1", 
"2022Q2", "2022Q3", "2022Q4", "2023Q1", "2023Q2", "2023Q3", "2023Q4", 
"2024Q1", "2024Q2", "2024Q3"), value = c(NA, NA, NA, NA, 0x1.cbeb71b8aa002p+7, 
0x1.f91899e0e736p+7, 0x1.efe046c764aep+7, 0x1.dc8ef2c732592p+7, 
0x1.d9ac5f9df548fp+7, 0x1.2566d4e4c942dp+8, 0x1.27a20b6f9fcb1p+8, 
0x1.1efb8dd616f87p+8, 0x1.0765a73b42cc3p+8, 0x1.3c42b53d640eap+8, 
0x1.2b34e66cb1034p+8, 0x1.1484d67fd3f5bp+8, 0x1.0a11b75a74c0ap+8, 
0x1.4c82643cc07abp+8, 0x1.38da47cb70ac4p+8, 0x1.1cfb122b7baedp+8, 
0x1.0412a78af3e47p+8, 0x1.3966a9a3d2d88p+8, 0x1.176333226c3b9p+8, 
0x1.092c71a3b14a9p+8, 0x1.dda787ce95fabp+7, 0x1.30acc4588a04dp+8, 
0x1.1c4845132f87bp+8, 0x1.038fbe0157eedp+8, 0x1.e46e8101f31f4p+7, 
0x1.2909bf9c62a1bp+8, 0x1.072fd790752dbp+8, 0x1.f666c58eeae9fp+7, 
0x1.bb9277c45cbbcp+7, 0x1.11eb6d7625205p+8, 0x1.024a9a8049668p+8, 
0x1.f3528b08dd1e5p+7, 0x1.bbfd625a682b6p+7, 0x1.20d617c1bda51p+8, 
0x1.2c28e6299524cp+8, 0x1.1ee7c158fb43ep+8, 0x1.02af021d10b2p+8, 
0x1.66e3f737da61ep+8, 0x1.53d4b966be7bp+8, 0x1.38bcfbb949625p+8, 
0x1.2425821294574p+8, 0x1.80d0a4b124d0ap+8, 0x1.746e1ed5ae1cep+8, 
0x1.5fb8e6f2e8c05p+8, 0x1.44a536933a04p+8, 0x1.a2bd6ededaec5p+8, 
0x1.b857b44e50c5fp+8, 0x1.9f5438d1d8a55p+8, 0x1.91d7a51a005c4p+8, 
0x1.02c5fdb4cc25p+9, 0x1.db1d5a07b352bp+8, 0x1.92f784ec636b1p+8, 
0x1.583eabcd78c43p+8, 0x1.909c71a3b14a9p+8, 0x1.6f6dc7abfb9bfp+8, 
0x1.3c0305b7cfe58p+8, 0x1.0aa4c5a8155d6p+8, 0x1.41ed10b1feeb3p+8, 
0x1.2346a9e6eeb7p+8, 0x1.00facf7446f9cp+8, 0x1.d138f1f57b41cp+7, 
0x1.16013bd167664p+8, 0x1.fa14e59296702p+7, 0x1.d03ff455a7d24p+7, 
0x1.91926aa8eb463p+7, 0x1.db18b220791c5p+7, 0x1.c17518f3eccc4p+7, 
0x1.a103037d63023p+7, 0x1.637368f08462p+7, 0x1.b9a6922d948dcp+7, 
0x1.a281b499d0204p+7, 0x1.8ae72e48e8a72p+7, 0x1.4d479207d4e09p+7, 
0x1.9d634b0e1b4bbp+7, 0x1.853e2f166e009p+7, 0x1.6e0590c0ad03ep+7, 
0x1.473806290eedp+7, 0x1.98c502ababeadp+7, 0x1.884720a73f749p+7, 
0x1.7fdc5ae5ffa3cp+7, 0x1.4451d81f10668p+7, 0x1.928174c4cdfadp+7, 
0x1.89ec08fa7a85p+7, 0x1.7be4e0fc2eba2p+7, 0x1.519a2f8bdec5fp+7, 
0x1.a2beb5f5f0b28p+7, 0x1.a16ff3f0fe048p+7, 0x1.96aa0afa2f05ap+7, 
0x1.576a187a4a49p+7, 0x1.a73c4156e264ep+7, 0x1.a6243dee78184p+7, 
0x1.a51f9b34a44c8p+7, 0x1.8677b1c0010c7p+7, 0x1.d8b147ae147aep+7, 
0x1.c326d86ec17ecp+7, 0x1.aeb6887a8d64dp+7, 0x1.b7b7840181e04p+7, 
0x1.a309edbf8b9bbp+7, 0x1.badbd6a593a2ep+7, 0x1.b7ede8d5410f9p+7, 
0x1.b35da5119ce07p+7, 0x1.c8edff609dcf9p+7, 0x1.eb315ce9e5e24p+7, 
0x1.022ac4d65e46p+8, 0x1.ed6a456f75d9ap+7, 0x1.026a917507e9ep+8, 
0x1.075907b784663p+8, 0x1.0452a593a2df9p+8, 0x1.03a377292c493p+8, 
0x1.19bc229a5ebb7p+8, 0x1.2eb5dadfb506ep+8, 0x1.3201531550ca2p+8, 
0x1.1f7a385404641p+8, 0x1.1c8b691212514p+8, 0x1.13b83c8e25c81p+8
)), class = "data.frame", row.names = c(NA, -119L))
