structure(list(period_id = c("2002M03", "2002M04", "2002M05", 
"2002M06", "2002M07", "2002M08", "2002M09", "2002M10", "2002M11", 
"2002M12", "2003M01", "2003M02", "2003M03", "2003M04", "2003M05", 
"2003M06", "2003M07", "2003M08", "2003M09", "2003M10", "2003M11", 
"2003M12", "2004M01", "2004M02", "2004M03", "2004M04", "2004M05", 
"2004M06", "2004M07", "2004M08", "2004M09", "2004M10", "2004M11", 
"2004M12", "2005M01", "2005M02", "2005M03", "2005M04", "2005M05", 
"2005M06", "2005M07", "2005M08", "2005M09", "2005M10", "2005M11", 
"2005M12", "2006M01", "2006M02", "2006M03", "2006M04", "2006M05", 
"2006M06", "2006M07", "2006M08", "2006M09", "2006M10", "2006M11", 
"2006M12", "2007M01", "2007M02", "2007M03", "2007M04", "2007M05", 
"2007M06", "2007M07", "2007M08", "2007M09", "2007M10", "2007M11", 
"2007M12", "2008M01", "2008M02", "2008M03", "2008M04", "2008M05", 
"2008M06", "2008M07", "2008M08", "2008M09", "2008M10", "2008M11", 
"2008M12", "2009M01", "2009M02", "2009M03", "2009M04", "2009M05", 
"2009M06", "2009M07", "2009M08", "2009M09", "2009M10", "2009M11", 
"2009M12", "2010M01", "2010M02", "2010M03", "2010M04", "2010M05", 
"2010M06", "2010M07", "2010M08", "2010M09", "2010M10", "2010M11", 
"2010M12", "2011M01", "2011M02", "2011M03", "2011M04", "2011M05", 
"2011M06", "2011M07", "2011M08", "2011M09", "2011M10", "2011M11", 
"2011M12", "2012M01", "2012M02", "2012M03", "2012M04", "2012M05", 
"2012M06", "2012M07", "2012M08", "2012M09", "2012M10", "2012M11", 
"2012M12", "2013M01", "2013M02", "2013M03", "2013M04", "2013M05", 
"2013M06", "2013M07", "2013M08", "2013M09", "2013M10", "2013M11", 
"2013M12", "2014M01", "2014M02", "2014M03", "2014M04", "2014M05", 
"2014M06", "2014M07", "2014M08", "2014M09", "2014M10", "2014M11", 
"2014M12", "2015M01", "2015M02", "2015M03", "2015M04", "2015M05", 
"2015M06", "2015M07", "2015M08", "2015M09", "2015M10", "2015M11", 
"2015M12", "2016M01", "2016M02", "2016M03", "2016M04", "2016M05", 
"2016M06", "2016M07", "2016M08", "2016M09", "2016M10", "2016M11", 
"2016M12", "2017M01", "2017M02", "2017M03", "2017M04", "2017M05", 
"2017M06", "2017M07", "2017M08", "2017M09", "2017M10", "2017M11", 
"2017M12", "2018M01", "2018M02", "2018M03", "2018M04", "2018M05", 
"2018M06", "2018M07", "2018M08", "2018M09", "2018M10", "2018M11", 
"2018M12", "2019M01", "2019M02", "2019M03", "2019M04", "2019M05", 
"2019M06", "2019M07", "2019M08", "2019M09", "2019M10", "2019M11", 
"2019M12", "2020M01", "2020M02", "2020M03", "2020M04", "2020M05", 
"2020M06", "2020M07", "2020M08", "2020M09", "2020M10", "2020M11", 
"2020M12", "2021M01", "2021M02", "2021M03", "2021M04", "2021M05", 
"2021M06", "2021M07", "2021M08", "2021M09", "2021M10", "2021M11", 
"2021M12", "2022M01", "2022M02", "2022M03", "2022M04", "2022M05", 
"2022M06", "2022M07", "2022M08", "2022M09", "2022M10", "2022M11", 
"2022M12", "2023M01", "2023M02", "2023M03", "2023M04", "2023M05", 
"2023M06", "2023M07", "2023M08", "2023M09", "2023M10", "2023M11", 
"2023M12", "2024M01", "2024M02", "2024M03", "2024M04", "2024M05", 
"2024M06", "2024M07", "2024M08", "2024M09", "2024M10", "2024M11", 
"2024M12", "2025M01", "2025M02", "2025M03", "2025M04", "2025M05", 
"2025M06", "2025M07"), value = c(NA, NA, NA, NA, NA, NA, NA, 
NA, NA, NA, NA, NA, NA, NA, NA, NA, NA, NA, NA, NA, NA, NA, NA, 
NA, NA, NA, NA, NA, NA, NA, NA, NA, NA, NA, NA, NA, NA, NA, NA, 
NA, NA, NA, NA, NA, NA, NA, NA, NA, NA, NA, NA, NA, NA, NA, NA, 
NA, NA, NA, NA, NA, NA, NA, NA, NA, NA, NA, NA, NA, NA, NA, NA, 
NA, NA, NA, NA, NA, NA, NA, NA, NA, NA, NA, NA, NA, NA, NA, NA, 
NA, NA, NA, NA, NA, NA, NA, -0x1.5446dd83ff289p+5, -0x1.41a498b667272p+5, 
-0x1.5fd3ea7c827efp+5, -0x1.79f98e71d9726p+5, -0x1.9350812af405bp+5, 
-0x1.99d5e567114afp+5, -0x1.7376813b42bbp+5, -0x1.69960591dcae4p+5, 
-0x1.5e421f74ff1f5p+5, -0x1.584bddb2ce1ep+5, -0x1.48bc4e161eb69p+5, 
-0x1.54a0938115831p+5, -0x1.8227122b9e0aep+5, -0x1.4e1621fafc8bp+5, 
-0x1.2eec587c0f677p+5, -0x1.e5ce62c5584a8p+4, -0x1.1102199b65296p+5, 
-0x1.f0412b796f468p+4, -0x1.e64e96852be83p+4, -0x1.203e47d2b0194p+5, 
-0x1.1857eae79d913p+5, -0x1.99016cb4cdec5p+4, -0x1.f3533dfa2dfb6p+4, 
-0x1.017c564a7e424p+5, -0x1.bb34f1736cabap+4, -0x1.f390150c92c6ap+4, 
-0x1.c6097f025863bp+4, -0x1.0c764881f9eacp+5, -0x1.048f668089f58p+5, 
-0x1.11b227f624703p+5, -0x1.4f753c94b0d1ap+5, -0x1.303814e51d035p+5, 
-0x1.1d8aa0cf5421dp+5, -0x1.38f0edf6e069p+5, -0x1.24e403fff271bp+5, 
-0x1.03efea9534b01p+5, -0x1.b4a7f189bcfa1p+4, -0x1.542620bc5a863p+4, 
-0x1.b7c97849ac8b2p+4, -0x1.fb145996744b3p+4, -0x1.576c1ffae0f61p+4, 
-0x1.599da9197a8bap+4, -0x1.07787d3c0d43dp+4, -0x1.edf9b41ede9b1p+2, 
-0x1.2eb4bfedc1392p+3, -0x1.538b112a0db46p+3, -0x1.34e33be374c8cp+2, 
0x1.9dec983b97fep-1, 0x1.57cc00dd53356p+2, 0x1.357d71ca0b962p+0, 
0x1.94c0db1a201a6p+0, 0x1.78cdb9e5471fbp+0, -0x1.519d0bcb5415ap+3, 
0x1.303823ad84323p+2, 0x1.bb7bb7be3f37cp+2, -0x1.58cc79da7b4ffp-3, 
0x1.6f7309f405dcfp-2, 0x1.70f332db27363p+2, -0x1.a3781c68b8c88p+1, 
-0x1.9e0ad8cd1c642p+2, -0x1.fe1c05ba54244p+2, -0x1.1dee55446edeap+3, 
-0x1.5753902bc2e2ap+2, -0x1.0003faf6d6b68p+3, -0x1.b8fe5c5164a19p+1, 
-0x1.398b027583c35p+3, -0x1.0fec52ba9e324p+3, -0x1.e14e4b9b119c7p+1, 
-0x1.b074f69b970e9p+2, -0x1.6289aab67775ep+3, -0x1.616f18e78285bp+2, 
-0x1.f5171af785bbap+2, -0x1.7ad5d7dc5b9c4p+3, -0x1.c5f4e36912e08p+2, 
-0x1.4949b790ae163p+4, -0x1.22a2e03262dc5p+3, -0x1.11f3e37da481cp+2, 
-0x1.5ecaf4f523c7dp-3, 0x1.b7e4a0f651a2dp-1, 0x1.dc4ba370ccb59p+2, 
0x1.2c792a639a9dfp+4, 0x1.260ebcaa51081p+3, 0x1.244e9c1606e3bp+4, 
0x1.7b3eca356dcb1p+3, 0x1.550fea600e3b3p+4, 0x1.8f204b8d4fbcep+2, 
0x1.53cf4edecf1cap+3, 0x1.65996b3603f3p+4, 0x1.3edd37ff39a05p+4, 
0x1.012a9cbad8a5fp+5, 0x1.09f7b414dece2p+5, 0x1.00a626fce6677p+5, 
0x1.f5ceeea6e735p+4, 0x1.12cb8b2a62769p+5, 0x1.f196afd68bac3p+4, 
0x1.27bafdfd93b68p+5, 0x1.ddb7ad4319b03p+4, 0x1.53d0c7faefb9ap+3, 
0x1.d774d6b42c42p+3, 0x1.751858ac83451p+4, 0x1.db2d5c78372f8p+4, 
0x1.1503591135a9dp+5, 0x1.11a52912da088p+5, 0x1.e00102ee1bfcep+4, 
0x1.330fbcaf3fc08p+4, 0x1.9f06f0b660fa9p+4, 0x1.7db4c13bf4f8cp+4, 
0x1.5b1d59e3dd45dp+4, 0x1.31e35289200afp+4, 0x1.020b8554acef5p+4, 
0x1.382f1e27d5a96p+4, 0x1.9a2fc7a1725eap+3, 0x1.d75def7bf0b3bp+3, 
0x1.6ea965346ac95p+3, 0x1.0b3ccd78ddfc1p+4, 0x1.ab5d91cdeaa67p+3, 
0x1.f8b4ab5388f1bp+3, 0x1.53bb983913bf4p+3, 0x1.dbc38663422aep+3, 
-0x1.fe3b21d6b6d2ep+1, 0x1.05d927cab0791p+0, 0x1.56758f121af97p-1, 
0x1.2925324b34647p+4, -0x1.3ce03e262b62ep+5, -0x1.6eb52e982a141p+5, 
-0x1.edf0c06195ad6p+4, -0x1.3cf186225d3bep+4, -0x1.bb43aa33f09d6p+2, 
-0x1.2e6058ae1f962p+1, -0x1.114fe6520403cp+1, -0x1.561f5635db72fp+1, 
0x1.1196fa83fb5dfp+2, 0x1.45b6436469f32p+1, 0x1.965a45e29e817p+2, 
0x1.2973ef9ee769ep+3, 0x1.f32ef04b8aa09p+2, 0x1.3bb796a1b9f0fp+4, 
0x1.6870d7225d9a6p+4, 0x1.4a8ecd9472e93p+4, 0x1.47f7dbc3f1c31p+4, 
0x1.c613c665a1e7cp+4, 0x1.ec4347421a121p+4, 0x1.69b8148616517p+4, 
0x1.7107d45d0ef9cp+4, 0x1.0b0beb2ba9f45p+4, 0x1.b4ba28a0323a1p+4, 
0x1.8660422a8bb39p+4, 0x1.d6e31f9b7bc6fp+4, 0x1.697253dc98694p+4, 
0x1.4ba13d6b2bae4p+4, 0x1.8457c1f354f6dp+4, 0x1.50516c268899bp+4, 
0x1.25e49e9f707bcp+4, 0x1.0bbede610da5dp+4, 0x1.3622d6a6d176cp+4, 
0x1.68616cc3080e2p+4, 0x1.97c02ecc8af76p+4, 0x1.4ae42140c267fp+4, 
0x1.ed6faa6be8a03p+3, 0x1.d519b706b4469p+4, 0x1.77a0b43777071p+3, 
0x1.462dd99b4d8ap+3, 0x1.f4bb6ff63ab7fp+1, 0x1.571ed35d68439p-7, 
0x1.d31aa96524d91p+3, 0x1.267f6a9618523p+2, 0x1.586be53b838ecp+2, 
0x1.9a67e4faafcddp+2, 0x1.cc44c7d5c213ep+3, 0x1.4f56d2fea649ep+3, 
0x1.96e6b4b8618e7p+3, 0x1.fe23a6ce3582ap-2, -0x1.2b3e29fb6adebp+2, 
-0x1.2f28bc418f418p+2, -0x1.a010ef13d2228p+2, -0x1.409578d633309p+0, 
-0x1.68c3929b1182ap+2, -0x1.b0d6ef20c5d98p-1, 0x1.5df0507b7eb7ap+1, 
0x1.98d7f2898ea36p-3, 0x1.22cefc15d46c7p-2, 0x1.193f4b6982471p+3, 
0x1.f02332da9dc5dp+2, 0x1.d98acb8f4ed6cp+0, 0x1.6660d97ff4be1p+2, 
0x1.8e1023b998929p+1, 0x1.0a460289ae504p+2)), class = "data.frame", row.names = c(NA, 
-281L))
