structure(list(period_id = c("1995Q1", "1995Q2", "1995Q3", "1995Q4", 
"1996Q1", "1996Q2", "1996Q3", "1996Q4", "1997Q1", "1997Q2", "1997Q3", 
"1997Q4", "1998Q1", "1998Q2", "1998Q3", "1998Q4", "1999Q1", "1999Q2", 
"1999Q3", "1999Q4", "2000Q1", "2000Q2", "2000Q3", "2000Q4", "2001Q1", 
"2001Q2", "2001Q3", "2001Q4", "2002Q1", "2002Q2", "2002Q3", "2002Q4", 
"2003Q1", "2003Q2", "2003Q3", "2003Q4", "2004Q1", "2004Q2", "2004Q3", 
"2004Q4", "2005Q1", "2005Q2", "2005Q3", "2005Q4", "2006Q1", "2006Q2", 
"2006Q3", "2006Q4", "2007Q1", "2007Q2", "2007Q3", "2007Q4", "2008Q1", 
"2008Q2", "2008Q3", "2008Q4", "2009Q1", "2009Q2", "2009Q3", "2009Q4", 
"2010Q1", "2010Q2", "2010Q3", "2010Q4", "2011Q1", "2011Q2", "2011Q3", 
"2011Q4", "2012Q1", "2012Q2", "2012Q3", "2012Q4", "2013Q1", "2013Q2", 
"2013Q3", "2013Q4", "2014Q1", "2014Q2", "2014Q3", "2014Q4", "2015Q1", 
"2015Q2", "2015Q3", "2015Q4", "2016Q1", "2016Q2", "2016Q3", "2016Q4", 
"2017Q1", "2017Q2", "2017Q3", "2017Q4", "2018Q1", "2018Q2", "2018Q3", 
"2018Q4", "2019Q1", "2019Q2", "2019Q3", "2019Q4", "2020Q1", "2020Q2", 
"2020Q3", "2020Q4", "2021Q1", "2021Q2", "2021Q3", "2021Q4", "2022Q1", 
"2022Q2", "2022Q3", "2022Q4", "2023Q1", "2023Q2", "2023Q3", "2023Q4", 
"2024Q1", "2024Q2", "2024Q3", "2024Q4"), value = c(0x1.7ec800eae18adp+7, 
0x1.865cfb1183b6p+7, 0x1.8c0d14e3bcd36p+7, 0x1.a977e1da7b0b4p+7, 
0x1.c0b6dbb59ddc2p+7, 0x1.df81a02752546p+7, 0x1.060882278d0ccp+8, 
0x1.0a7fa12b5e52ap+8, 0x1.15d521bc126a6p+8, 0x1.3115d744f5d35p+8, 
0x1.32e30df9bdc6ap+8, 0x1.36d531337eb29p+8, 0x1.44fd29aa1d756p+8, 
0x1.4eb774ddf86e4p+8, 0x1.545caa7589efep+8, 0x1.6e9b26e115593p+8, 
0x1.74f39841aac54p+8, 0x1.d55cd92fb19e7p+8, 0x1.89130468448cfp+8, 
0x1.9f327b9170d63p+8, 0x1.c8b2917507e9ep+8, 0x1.d3e13ef6b5d46p+8, 
0x1.eeadc27e95315p+8, 0x1.f9ac6a3bddfcap+8, 0x1.ee9a0c38f3669p+8, 
0x1.f4661db877ab3p+8, 0x1.fc553c361134p+8, 0x1.002bddc1e7968p+9, 
0x1.0043b877ab325p+9, 0x1.01051244a6224p+9, 0x1.109b148fd9fd3p+9, 
0x1.1a2f8af3e468dp+9, 0x1.27728d10f51adp+9, 0x1.3ae3e6eeb7026p+9, 
0x1.3a44f50a02b84p+9, 0x1.44fdc1615ebfbp+9, 0x1.4fe6c05921038p+9, 
0x1.4a1eeee0f3cb4p+9, 0x1.61ef5bd512ec7p+9, 0x1.5f8408205ff1ep+9, 
0x1.6662bd556084ap+9, 0x1.6f891819d2392p+9, 0x1.65b706c43f5f9p+9, 
0x1.6a9284cf0739bp+9, 0x1.5ee039cd8127bp+9, 0x1.6eada9e2bcf92p+9, 
0x1.7cfe80064a9cep+9, 0x1.9929f601797ccp+9, 0x1.a96761d4306e6p+9, 
0x1.c8e80663c74fbp+9, 0x1.e366495e17e35p+9, 0x1.f9c7c58ab92cp+9, 
0x1.189b1dcd7060cp+10, 0x1.10f81db0142f6p+10, 0x1.16014c37e6f72p+10, 
0x1.033e84406c00ep+10, 0x1.ddfdf1a5ca298p+9, 0x1.c81acc2d6a9c5p+9, 
0x1.a73fa5a89b952p+9, 0x1.9425f676ea423p+9, 0x1.72e2aec8d5c74p+9, 
0x1.6e4b9991361ddp+9, 0x1.5e3ff56a7ac82p+9, 0x1.48985b291b824p+9, 
0x1.2968ab2e1693cp+9, 0x1.15eafaf859429p+9, 0x1.1c75ef62f9ca6p+9, 
0x1.2bfe4a9cdc444p+9, 0x1.1bc4214ad362fp+9, 0x1.179f94855da27p+9, 
0x1.2eda22dd7a9ap+9, 0x1.0a7127e521577p+9, 0x1.05ab0bc7b45f1p+9, 
0x1.f9f2abef06b38p+8, 0x1.195ba4723abp+9, 0x1.3c88d573647bbp+9, 
0x1.420c004b7f5a5p+9, 0x1.5608de225fa66p+9, 0x1.508153dea465ap+9, 
0x1.2edfc0229a5ecp+9, 0x1.40c95903a7547p+9, 0x1.435ca915379fbp+9, 
0x1.2966684cf073ap+9, 0x1.28d7295e9e1b1p+9, 0x1.e9c0cdb7ae579p+8, 
0x1.f753d2b6f1993p+8, 0x1.fc52be0589accp+8, 0x1.0a3eb2074ea8ep+9, 
0x1.19a3e939eadd6p+9, 0x1.14543f705857bp+9, 0x1.0141672324c83p+9, 
0x1.3cef2b4528284p+9, 0x1.321bb0a2ca9acp+9, 0x1.44cc3e6c4c597p+9, 
0x1.562eabd5dc4p+9, 0x1.6f4441a261bf3p+9, 0x1.79f2ae18ac9f3p+9, 
0x1.8cf042c7fbacbp+9, 0x1.6330dcb9a9da6p+9, 0x1.5efa473471f79p+9, 
0x1.75b7a41e57d9ep+9, 0x1.4cbcfbe33acd6p+9, 0x1.678669e7fb268p+9, 
0x1.74338a7610279p+9, 0x1.83056b7ed41b7p+9, 0x1.94566c6de7642p+9, 
0x1.b33b11e85fd05p+9, 0x1.ba8f08461f9fp+9, 0x1.cba49fadafd11p+9, 
0x1.ed9ae5f7403dep+9, 0x1.0690a6a875d57p+10, 0x1.0835e60c38f36p+10, 
0x1.1e22689ca18bdp+10, 0x1.2f604bf0995abp+10, 0x1.3443dfd694ccbp+10, 
0x1.105e743632c1fp+10, 0x1.27ed5c4eb56fcp+10, 0x1.240e221426fe7p+10, 
0x1.02fecaf2d7f95p+10, 0x1.144c9728a6117p+10)), class = "data.frame", row.names = c(NA, 
-120L))
