structure(list(period_id = c("1995Q1", "1995Q2", "1995Q3", "1995Q4", 
"1996Q1", "1996Q2", "1996Q3", "1996Q4", "1997Q1", "1997Q2", "1997Q3", 
"1997Q4", "1998Q1", "1998Q2", "1998Q3", "1998Q4", "1999Q1", "1999Q2", 
"1999Q3", "1999Q4", "2000Q1", "2000Q2", "2000Q3", "2000Q4", "2001Q1", 
"2001Q2", "2001Q3", "2001Q4", "2002Q1", "2002Q2", "2002Q3", "2002Q4", 
"2003Q1", "2003Q2", "2003Q3", "2003Q4", "2004Q1", "2004Q2", "2004Q3", 
"2004Q4", "2005Q1", "2005Q2", "2005Q3", "2005Q4", "2006Q1", "2006Q2", 
"2006Q3", "2006Q4", "2007Q1", "2007Q2", "2007Q3", "2007Q4", "2008Q1", 
"2008Q2", "2008Q3", "2008Q4", "2009Q1", "2009Q2", "2009Q3", "2009Q4", 
"2010Q1", "2010Q2", "2010Q3", "2010Q4", "2011Q1", "2011Q2", "2011Q3", 
"2011Q4", "2012Q1", "2012Q2", "2012Q3", "2012Q4", "2013Q1", "2013Q2", 
"2013Q3", "2013Q4", "2014Q1", "2014Q2", "2014Q3", "2014Q4", "2015Q1", 
"2015Q2", "2015Q3", "2015Q4", "2016Q1", "2016Q2", "2016Q3", "2016Q4", 
"2017Q1", "2017Q2", "2017Q3", "2017Q4", "2018Q1", "2018Q2", "2018Q3", 
"2018Q4", "2019Q1", "2019Q2", "2019Q3", "2019Q4", "2020Q1", "2020Q2", 
"2020Q3", "2020Q4", "2021Q1", "2021Q2", "2021Q3", "2021Q4", "2022Q1", 
"2022Q2", "2022Q3", "2022Q4", "2023Q1", "2023Q2", "2023Q3", "2023Q4", 
"2024Q1", "2024Q2", "2024Q3"), value = c(0x1.7ec800eae18adp+7, 
0x1.865cfb1183b6p+7, 0x1.8c0d14e3bcd36p+7, 0x1.a977e1da7b0b4p+7, 
0x1.c0b6dbb59ddc2p+7, 0x1.df81a02752546p+7, 0x1.060882278d0ccp+8, 
0x1.0a7fa12b5e52ap+8, 0x1.15d521bc126a6p+8, 0x1.3115d744f5d35p+8, 
0x1.32e30df9bdc6ap+8, 0x1.36d531337eb29p+8, 0x1.44fd29aa1d756p+8, 
0x1.4eb774ddf86e4p+8, 0x1.545caa7589efep+8, 0x1.6e9b26e115593p+8, 
0x1.74f39841aac54p+8, 0x1.d55cd92fb19e7p+8, 0x1.89130468448cfp+8, 
0x1.9f327b9170d63p+8, 0x1.c8b2917507e9ep+8, 0x1.d3e13ef6b5d46p+8, 
0x1.eeadc27e95315p+8, 0x1.f9ac6a3bddfcap+8, 0x1.ee9a0c38f3669p+8, 
0x1.f4661db877ab3p+8, 0x1.fc553c361134p+8, 0x1.002bddc1e7968p+9, 
0x1.0043b877ab325p+9, 0x1.01051244a6224p+9, 0x1.109b148fd9fd3p+9, 
0x1.1a2f8af3e468dp+9, 0x1.27728d10f51adp+9, 0x1.3ae3e6eeb7026p+9, 
0x1.3a44f50a02b84p+9, 0x1.44fdc1615ebfbp+9, 0x1.4fe6c05921038p+9, 
0x1.4a1eeee0f3cb4p+9, 0x1.61ef5bd512ec7p+9, 0x1.5f8408205ff1ep+9, 
0x1.6662bd556084ap+9, 0x1.6f891819d2392p+9, 0x1.65b706c43f5f9p+9, 
0x1.6a9284cf0739bp+9, 0x1.5ee039cd8127bp+9, 0x1.6eada9e2bcf92p+9, 
0x1.7cfe80064a9cep+9, 0x1.9929f601797ccp+9, 0x1.a96761d4306e6p+9, 
0x1.c8e80663c74fbp+9, 0x1.e366495e17e35p+9, 0x1.f9c7c58ab92cp+9, 
0x1.189b1dcd7060cp+10, 0x1.10f81db0142f6p+10, 0x1.16014c37e6f72p+10, 
0x1.033e84406c00ep+10, 0x1.ddfdf1a5ca298p+9, 0x1.c81acc2d6a9c5p+9, 
0x1.a73fa5a89b952p+9, 0x1.9425f676ea423p+9, 0x1.72b9323fee2cap+9, 
0x1.6e59475a31a4cp+9, 0x1.5e7246c764aep+9, 0x1.488249a9973dap+9, 
0x1.2918be7afa722p+9, 0x1.1602624dd2f1bp+9, 0x1.1cd71b2e59afap+9, 
0x1.2bd1a29c779a7p+9, 0x1.1b7b378ee2867p+9, 0x1.17b819fc2a887p+9, 
0x1.2f35f562174c5p+9, 0x1.0a402b8c75c4bp+9, 0x1.056a0303c07eep+9, 
0x1.fa2e8bf3bea92p+8, 0x1.19ac672756862p+9, 0x1.3c50d41b75a75p+9, 
0x1.41d58e219652cp+9, 0x1.56329e6687f45p+9, 0x1.50c5e96c3fc44p+9, 
0x1.2e9f8d8a979e1p+9, 0x1.409b26b723ee2p+9, 0x1.438f13be22e5ep+9, 
0x1.299fa28bb0a2dp+9, 0x1.2892d91eeaa6dp+9, 0x1.e97aac96cc5fcp+8, 
0x1.f7c0b72c5197ap+8, 0x1.fcab5568e820ep+8, 0x1.09f366490a351p+9, 
0x1.199070da5dafp+9, 0x1.149083a109d06p+9, 0x1.016587f023e9fp+9, 
0x1.3c94e1b4bb5e1p+9, 0x1.3215ea2d2fe3fp+9, 0x1.450f6390c9108p+9, 
0x1.565351b4fe79fp+9, 0x1.6ed3c5718eb89p+9, 0x1.79fa048e043a2p+9, 
0x1.8d3a012dfd695p+9, 0x1.635d59817b95ap+9, 0x1.5e702fa509396p+9, 
0x1.75c87c73eee52p+9, 0x1.4d0aa4228997cp+9, 0x1.67bfa6c5d206dp+9, 
0x1.7390ecc814d72p+9, 0x1.831ad530489d2p+9, 0x1.94abdec5f394bp+9, 
0x1.b3823ec02f2fap+9, 0x1.b9d2cb85a4f01p+9, 0x1.cbbcd8d36b4c8p+9, 
0x1.edfb3dd97f62bp+9, 0x1.06b95a2d72ffdp+10, 0x1.07cb47064eceap+10, 
0x1.1e3123af31b15p+10, 0x1.2f958afc47e4ap+10, 0x1.347070fbeb9e5p+10, 
0x1.0fe963800218ep+10, 0x1.27fdf041461b7p+10, 0x1.24473358f2e06p+10, 
0x1.06bccef672b88p+10)), class = "data.frame", row.names = c(NA, 
-119L))
