structure(list(period_id = c("1995Q1", "1995Q2", "1995Q3", "1995Q4", 
"1996Q1", "1996Q2", "1996Q3", "1996Q4", "1997Q1", "1997Q2", "1997Q3", 
"1997Q4", "1998Q1", "1998Q2", "1998Q3", "1998Q4", "1999Q1", "1999Q2", 
"1999Q3", "1999Q4", "2000Q1", "2000Q2", "2000Q3", "2000Q4", "2001Q1", 
"2001Q2", "2001Q3", "2001Q4", "2002Q1", "2002Q2", "2002Q3", "2002Q4", 
"2003Q1", "2003Q2", "2003Q3", "2003Q4", "2004Q1", "2004Q2", "2004Q3", 
"2004Q4", "2005Q1", "2005Q2", "2005Q3", "2005Q4", "2006Q1", "2006Q2", 
"2006Q3", "2006Q4", "2007Q1", "2007Q2", "2007Q3", "2007Q4", "2008Q1", 
"2008Q2", "2008Q3", "2008Q4", "2009Q1", "2009Q2", "2009Q3", "2009Q4", 
"2010Q1", "2010Q2", "2010Q3", "2010Q4", "2011Q1", "2011Q2", "2011Q3", 
"2011Q4", "2012Q1", "2012Q2", "2012Q3", "2012Q4", "2013Q1", "2013Q2", 
"2013Q3", "2013Q4", "2014Q1", "2014Q2", "2014Q3", "2014Q4", "2015Q1", 
"2015Q2", "2015Q3", "2015Q4", "2016Q1", "2016Q2", "2016Q3", "2016Q4", 
"2017Q1", "2017Q2", "2017Q3", "2017Q4", "2018Q1", "2018Q2", "2018Q3", 
"2018Q4", "2019Q1", "2019Q2", "2019Q3", "2019Q4", "2020Q1", "2020Q2", 
"2020Q3", "2020Q4", "2021Q1", "2021Q2", "2021Q3", "2021Q4", "2022Q1", 
"2022Q2", "2022Q3", "2022Q4", "2023Q1", "2023Q2", "2023Q3", "2023Q4", 
"2024Q1", "2024Q2", "2024Q3", "2024Q4"), value = c(NA, NA, NA, 
NA, 0x1.a9dbef75d9a0fp+11, 0x1.a1c4694ccab3fp+11, 0x1.a7319d30270f4p+11, 
0x1.a815fd4bf0996p+11, 0x1.abb79a2a4db16p+11, 0x1.b544d6733ebcp+11, 
0x1.b4687e8ccdd94p+11, 0x1.b4b3f04790b85p+11, 0x1.b29c59d55e6bcp+11, 
0x1.b7605db1209eep+11, 0x1.c0979c2a02321p+11, 0x1.c746e0e0eb67cp+11, 
0x1.d266c4f3ba776p+11, 0x1.e3ce3f5f91601p+11, 0x1.d483c1acde1ap+11, 
0x1.d6a4f67d34dfp+11, 0x1.d7942e7d566cfp+11, 0x1.d1567a02fb5dp+11, 
0x1.ddeaf485e3da3p+11, 0x1.de7297f62b6aep+11, 0x1.df1f82c2bd7f5p+11, 
0x1.ea6fe41f64495p+11, 0x1.e566c87768167p+11, 0x1.e9ddd5bee3d6p+11, 
0x1.eba1dbc23315dp+11, 0x1.ec2c22b3892efp+11, 0x1.ee435147f1306p+11, 
0x1.f3ad2fc04c8bdp+11, 0x1.f36cb6f19934fp+11, 0x1.005c81e9af5bap+12, 
0x1.02b23361565c3p+12, 0x1.027bd60c7c0f4p+12, 0x1.01b4076295209p+12, 
0x1.046e491f2dc2bp+12, 0x1.07ec24c51116bp+12, 0x1.07c96f9b994e2p+12, 
0x1.0b2f4f366948ap+12, 0x1.0d674667f90dap+12, 0x1.09148a02b8412p+12, 
0x1.1119dbc44bf4dp+12, 0x1.0fc8239e6ab9bp+12, 0x1.11998067cf1c3p+12, 
0x1.0f62d119ce076p+12, 0x1.1672680cf9e38p+12, 0x1.1d76fd6733ebcp+12, 
0x1.2357ba604e1e7p+12, 0x1.29f4859641f64p+12, 0x1.2898ebf9830e4p+12, 
0x1.2b0c6e1ef73c1p+12, 0x1.2b2584f4c6e6ep+12, 0x1.2c3bbf7596851p+12, 
0x1.2c2160c9d9d34p+12, 0x1.2d477dcdf6988p+12, 0x1.2fc66d5171e2ap+12, 
0x1.32bbbfac1d29ep+12, 0x1.31cd8bf7f067p+12, 0x1.33ab069f8c21ep+12, 
0x1.33e77fc86cebcp+12, 0x1.32924d349be9p+12, 0x1.34b611947cfa2p+12, 
0x1.364cbf327aa69p+12, 0x1.34a1806af46aap+12, 0x1.398aadd590c0bp+12, 
0x1.3361e733ebbfdp+12, 0x1.3d381f88fc936p+12, 0x1.2e54ccb07d0afp+12, 
0x1.2a961fe004b7fp+12, 0x1.28fbe22a2c237p+12, 0x1.24c9a67d77faep+12, 
0x1.244336262cba7p+12, 0x1.23247aa8a82a5p+12, 0x1.24c28d32830a1p+12, 
0x1.274a669df97abp+12, 0x1.260b3c621b7e1p+12, 0x1.260d749adc8fcp+12, 
0x1.28b4ad9ad85ep+12, 0x1.29e3f5ff609ddp+12, 0x1.2ca133a68b19ap+12, 
0x1.3066a0fd3b29ap+12, 0x1.2fa6cf6598e11p+12, 0x1.34f0c23b7952dp+12, 
0x1.385f02f944242p+12, 0x1.3ae7032ca57a8p+12, 0x1.3e92fdd334c5ep+12, 
0x1.3e8c427525461p+12, 0x1.40f45c0ebedfap+12, 0x1.4329cda1a9329p+12, 
0x1.460420eb67c28p+12, 0x1.48a670dc768ep+12, 0x1.4b0e61e3eaf68p+12, 
0x1.4d698243dcceap+12, 0x1.53364f3882279p+12, 0x1.5bbe185271bcep+12, 
0x1.5cb4c4998d046p+12, 0x1.5f5add2391d58p+12, 0x1.5fecbc81908e6p+12, 
0x1.5dba810d7be98p+12, 0x1.3136f0d9513f9p+12, 0x1.5eba84f2ae07ep+12, 
0x1.3607878b7a1c2p+12, 0x1.58cf37af64064p+12, 0x1.5acd1a4acf313p+12, 
0x1.7af7982ecaeeap+12, 0x1.7c926961c3697p+12, 0x1.7c6d151e75361p+12, 
0x1.7e825566cf41fp+12, 0x1.7f1f2dd69d302p+12, 0x1.7e89e0fb224abp+12, 
0x1.7f4d6e8d10f52p+12, 0x1.7dbd34bc6a7fp+12, 0x1.7e949f340d4dcp+12, 
0x1.814cad655e28bp+12, 0x1.8373d8eeae9eep+12, 0x1.848b54983d79p+12, 
0x1.85bd0ee5abc0ep+12, 0x1.865250f733a8ap+12)), class = "data.frame", row.names = c(NA, 
-120L))
