structure(list(period_id = c("2000M01", "2000M02", "2000M03", 
"2000M04", "2000M05", "2000M06", "2000M07", "2000M08", "2000M09", 
"2000M10", "2000M11", "2000M12", "2001M01", "2001M02", "2001M03", 
"2001M04", "2001M05", "2001M06", "2001M07", "2001M08", "2001M09", 
"2001M10", "2001M11", "2001M12", "2002M01", "2002M02", "2002M03", 
"2002M04", "2002M05", "2002M06", "2002M07", "2002M08", "2002M09", 
"2002M10", "2002M11", "2002M12", "2003M01", "2003M02", "2003M03", 
"2003M04", "2003M05", "2003M06", "2003M07", "2003M08", "2003M09", 
"2003M10", "2003M11", "2003M12", "2004M01", "2004M02", "2004M03", 
"2004M04", "2004M05", "2004M06", "2004M07", "2004M08", "2004M09", 
"2004M10", "2004M11", "2004M12", "2005M01", "2005M02", "2005M03", 
"2005M04", "2005M05", "2005M06", "2005M07", "2005M08", "2005M09", 
"2005M10", "2005M11", "2005M12", "2006M01", "2006M02", "2006M03", 
"2006M04", "2006M05", "2006M06", "2006M07", "2006M08", "2006M09", 
"2006M10", "2006M11", "2006M12", "2007M01", "2007M02", "2007M03", 
"2007M04", "2007M05", "2007M06", "2007M07", "2007M08", "2007M09", 
"2007M10", "2007M11", "2007M12", "2008M01", "2008M02", "2008M03", 
"2008M04", "2008M05", "2008M06", "2008M07", "2008M08", "2008M09", 
"2008M10", "2008M11", "2008M12", "2009M01", "2009M02", "2009M03", 
"2009M04", "2009M05", "2009M06", "2009M07", "2009M08", "2009M09", 
"2009M10", "2009M11", "2009M12", "2010M01", "2010M02", "2010M03", 
"2010M04", "2010M05", "2010M06", "2010M07", "2010M08", "2010M09", 
"2010M10", "2010M11", "2010M12", "2011M01", "2011M02", "2011M03", 
"2011M04", "2011M05", "2011M06", "2011M07", "2011M08", "2011M09", 
"2011M10", "2011M11", "2011M12", "2012M01", "2012M02", "2012M03", 
"2012M04", "2012M05", "2012M06", "2012M07", "2012M08", "2012M09", 
"2012M10", "2012M11", "2012M12", "2013M01", "2013M02", "2013M03", 
"2013M04", "2013M05", "2013M06", "2013M07", "2013M08", "2013M09", 
"2013M10", "2013M11", "2013M12", "2014M01", "2014M02", "2014M03", 
"2014M04", "2014M05", "2014M06", "2014M07", "2014M08", "2014M09", 
"2014M10", "2014M11", "2014M12", "2015M01", "2015M02", "2015M03", 
"2015M04", "2015M05", "2015M06", "2015M07", "2015M08", "2015M09", 
"2015M10", "2015M11", "2015M12", "2016M01", "2016M02", "2016M03", 
"2016M04", "2016M05", "2016M06", "2016M07", "2016M08", "2016M09", 
"2016M10", "2016M11", "2016M12", "2017M01", "2017M02", "2017M03", 
"2017M04", "2017M05", "2017M06", "2017M07", "2017M08", "2017M09", 
"2017M10", "2017M11", "2017M12", "2018M01", "2018M02", "2018M03", 
"2018M04", "2018M05", "2018M06", "2018M07", "2018M08", "2018M09", 
"2018M10", "2018M11", "2018M12", "2019M01", "2019M02", "2019M03", 
"2019M04", "2019M05", "2019M06", "2019M07", "2019M08", "2019M09", 
"2019M10", "2019M11", "2019M12", "2020M01", "2020M02", "2020M03", 
"2020M04", "2020M05", "2020M06", "2020M07", "2020M08", "2020M09", 
"2020M10", "2020M11", "2020M12", "2021M01", "2021M02", "2021M03", 
"2021M04", "2021M05", "2021M06", "2021M07", "2021M08", "2021M09", 
"2021M10", "2021M11", "2021M12", "2022M01", "2022M02", "2022M03", 
"2022M04", "2022M05", "2022M06", "2022M07", "2022M08", "2022M09", 
"2022M10", "2022M11", "2022M12", "2023M01", "2023M02", "2023M03", 
"2023M04", "2023M05", "2023M06", "2023M07", "2023M08", "2023M09", 
"2023M10", "2023M11", "2023M12", "2024M01", "2024M02", "2024M03", 
"2024M04", "2024M05", "2024M06", "2024M07", "2024M08", "2024M09", 
"2024M10", "2024M11", "2024M12", "2025M01", "2025M02", "2025M03", 
"2025M04"), value = c(0x1.f49cce8p+25, 0x1.3248f88p+26, 0x1.5240528p+26, 
0x1.3d80774p+26, 0x1.5bb4becp+26, 0x1.6ef43d4p+26, 0x1.628c79p+26, 
0x1.e58b2b8p+25, 0x1.6bf9c58p+26, 0x1.64beb54p+26, 0x1.63d5d7p+26, 
0x1.4c4d938p+26, 0x1.51d48bcp+26, 0x1.4400298p+26, 0x1.896dep+26, 
0x1.6223efcp+26, 0x1.879b3d8p+26, 0x1.7ffc9fcp+26, 0x1.a591ccp+26, 
0x1.280189p+26, 0x1.7ba1a88p+26, 0x1.94aa0ap+26, 0x1.70cdc1p+26, 
0x1.4c8045p+26, 0x1.6615f34p+26, 0x1.6db6164p+26, 0x1.a7db0dp+26, 
0x1.a6134ap+26, 0x1.8fbb36cp+26, 0x1.88dbep+26, 0x1.d811358p+26, 
0x1.2cdc988p+26, 0x1.b22e98cp+26, 0x1.b2408e8p+26, 0x1.a75d284p+26, 
0x1.7811198p+26, 0x1.79302ep+26, 0x1.7cd12dp+26, 0x1.b050cacp+26, 
0x1.ad6634cp+26, 0x1.a76f514p+26, 0x1.856283cp+26, 0x1.d9d0828p+26, 
0x1.3ee24f4p+26, 0x1.dc1d75p+26, 0x1.e6a1bf8p+26, 0x1.c6a65ccp+26, 
0x1.b1079dcp+26, 0x1.8544d7cp+26, 0x1.a4d360cp+26, 0x1.00845e4p+27, 
0x1.f7a2c54p+26, 0x1.016ef0cp+27, 0x1.12550e6p+27, 0x1.1fac474p+27, 
0x1.8e5117p+26, 0x1.23eae6ep+27, 0x1.1bd8d8ep+27, 0x1.19058eep+27, 
0x1.1d48966p+27, 0x1.f8a00f8p+26, 0x1.f49f1dcp+26, 0x1.2d67f42p+27, 
0x1.256d16cp+27, 0x1.3216f24p+27, 0x1.45357cap+27, 0x1.3eb0bbcp+27, 
0x1.f72ba6p+26, 0x1.45c54aap+27, 0x1.4bf4aap+27, 0x1.529faccp+27, 
0x1.2beb4eap+27, 0x1.2cbd748p+27, 0x1.39902c6p+27, 0x1.8503bdcp+27, 
0x1.560081p+27, 0x1.6f8f5c4p+27, 0x1.84a2d36p+27, 0x1.97c058cp+27, 
0x1.3d938f4p+27, 0x1.8afcc52p+27, 0x1.99e843ap+27, 0x1.abac0ecp+27, 
0x1.8d95b66p+27, 0x1.743a55ap+27, 0x1.7fb17d6p+27, 0x1.e4c54a8p+27, 
0x1.ac2a62ep+27, 0x1.d5514a6p+27, 0x1.d15d472p+27, 0x1.c9bf7fep+27, 
0x1.81cee7cp+27, 0x1.acaeea6p+27, 0x1.ed44442p+27, 0x1.e04d0c4p+27, 
0x1.a23697cp+27, 0x1.b5f0f9cp+27, 0x1.011d38p+28, 0x1.f7d2ap+27, 
0x1.037c4d7p+28, 0x1.e937ecap+27, 0x1.f7c705p+27, 0x1.070f69p+28, 
0x1.755dcb2p+27, 0x1.f304638p+27, 0x1.f281f12p+27, 0x1.c50670ap+27, 
0x1.61b1f56p+27, 0x1.47c0f86p+27, 0x1.634e50ep+27, 0x1.84b72c8p+27, 
0x1.69f1252p+27, 0x1.50e42p+27, 0x1.4e813e2p+27, 0x1.59a5b8ap+27, 
0x1.105a5fp+27, 0x1.5cae026p+27, 0x1.8ee5b18p+27, 0x1.7f4995ep+27, 
0x1.513783p+27, 0x1.2a9a3bap+27, 0x1.3a7a808p+27, 0x1.a7abcbep+27, 
0x1.66ed0bp+27, 0x1.867399cp+27, 0x1.9658566p+27, 0x1.921f7fp+27, 
0x1.3c6f164p+27, 0x1.9f061a6p+27, 0x1.a57d636p+27, 0x1.c22a61ap+27, 
0x1.89d7e3p+27, 0x1.5c15fc4p+27, 0x1.7fbaaf2p+27, 0x1.bef3daep+27, 
0x1.90e36bcp+27, 0x1.be170b2p+27, 0x1.b8ab2fp+27, 0x1.b667da2p+27, 
0x1.6cf43d4p+27, 0x1.ac3a31ap+27, 0x1.aabf5cp+27, 0x1.cfc338p+27, 
0x1.a3dbbeap+27, 0x1.6ea130ep+27, 0x1.8651dc8p+27, 0x1.c9c2afp+27, 
0x1.a0f00ecp+27, 0x1.c2b2818p+27, 0x1.af91c1ep+27, 0x1.baa97ep+27, 
0x1.8b436a8p+27, 0x1.9efc6fap+27, 0x1.c1957dep+27, 0x1.c5c6df8p+27, 
0x1.7b03fa4p+27, 0x1.9dc4612p+27, 0x1.85905f2p+27, 0x1.c300afep+27, 
0x1.cdf74dep+27, 0x1.aa1c7dp+27, 0x1.99571f4p+27, 0x1.ce75f8ep+27, 
0x1.5bec534p+27, 0x1.ac4561cp+27, 0x1.d05158ep+27, 0x1.d66cb7p+27, 
0x1.8dcc9cap+27, 0x1.b0a2ed4p+27, 0x1.9bb7878p+27, 0x1.0409a36p+28, 
0x1.cfe101p+27, 0x1.b6a24p+27, 0x1.b58b536p+27, 0x1.d8176fep+27, 
0x1.71639aap+27, 0x1.d1ddc14p+27, 0x1.de449ap+27, 0x1.af4e758p+27, 
0x1.b84f58ep+27, 0x1.bd88296p+27, 0x1.f7842eep+27, 0x1.de02194p+27, 
0x1.c14cdbep+27, 0x1.a3553d2p+27, 0x1.cfe8b2ap+27, 0x1.e535f9cp+27, 
0x1.5ef9614p+27, 0x1.efee3d4p+27, 0x1.ef94016p+27, 0x1.f022b7p+27, 
0x1.d351e64p+27, 0x1.ab06554p+27, 0x1.d7571ccp+27, 0x1.fe4d71ap+27, 
0x1.d1cb8d8p+27, 0x1.e9df11ap+27, 0x1.ec359d4p+27, 0x1.e90193ep+27, 
0x1.8a5401ep+27, 0x1.01c6984p+28, 0x1.eaa0d3ap+27, 0x1.128ff4ep+28, 
0x1.efe482p+27, 0x1.f9878aap+27, 0x1.e44eb34p+27, 0x1.3a1fe7dp+28, 
0x1.eec145p+27, 0x1.2179b5bp+28, 0x1.25d512p+28, 0x1.221b9c1p+28, 
0x1.ba9da04p+27, 0x1.1548747p+28, 0x1.236f6e5p+28, 0x1.22d70e7p+28, 
0x1.0e9b863p+28, 0x1.0dd5914p+28, 0x1.0cbad2dp+28, 0x1.53e457p+28, 
0x1.281498cp+28, 0x1.2ba85cep+28, 0x1.396a8b1p+28, 0x1.3fe7efp+28, 
0x1.f3a834ep+27, 0x1.2352a58p+28, 0x1.47d9ca6p+28, 0x1.3dcbb08p+28, 
0x1.214bbb3p+28, 0x1.2de8a49p+28, 0x1.2b149adp+28, 0x1.3f873c2p+28, 
0x1.4423695p+28, 0x1.39f42c9p+28, 0x1.1ff97bfp+28, 0x1.47d388p+28, 
0x1.dc79f7ep+27, 0x1.1d1341cp+28, 0x1.40fff94p+28, 0x1.43c5ef7p+28, 
0x1.2154191p+28, 0x1.1b7f8a6p+28, 0x1.392289cp+28, 0x1.403c518p+28, 
0x1.089ee3dp+28, 0x1.200c779p+28, 0x1.288b688p+28, 0x1.47363e5p+28, 
0x1.dfa975p+27, 0x1.5c5e8b8p+28, 0x1.4f0c6d3p+28, 0x1.590e88bp+28, 
0x1.2deb8fap+28, 0x1.26a1293p+28, 0x1.4637182p+28, 0x1.77aa2fp+28, 
0x1.5b50515p+28, 0x1.4e7f34ap+28, 0x1.7f51d07p+28, 0x1.5b83913p+28, 
0x1.1e2c199p+28, 0x1.67c6219p+28, 0x1.6fa352fp+28, 0x1.793c729p+28, 
0x1.7cad34dp+28, 0x1.4ce1822p+28, 0x1.552d2bep+28, 0x1.b1d2fd9p+28, 
