structure(list(period_id = c("2002M03", "2002M04", "2002M05", 
"2002M06", "2002M07", "2002M08", "2002M09", "2002M10", "2002M11", 
"2002M12", "2003M01", "2003M02", "2003M03", "2003M04", "2003M05", 
"2003M06", "2003M07", "2003M08", "2003M09", "2003M10", "2003M11", 
"2003M12", "2004M01", "2004M02", "2004M03", "2004M04", "2004M05", 
"2004M06", "2004M07", "2004M08", "2004M09", "2004M10", "2004M11", 
"2004M12", "2005M01", "2005M02", "2005M03", "2005M04", "2005M05", 
"2005M06", "2005M07", "2005M08", "2005M09", "2005M10", "2005M11", 
"2005M12", "2006M01", "2006M02", "2006M03", "2006M04", "2006M05", 
"2006M06", "2006M07", "2006M08", "2006M09", "2006M10", "2006M11", 
"2006M12", "2007M01", "2007M02", "2007M03", "2007M04", "2007M05", 
"2007M06", "2007M07", "2007M08", "2007M09", "2007M10", "2007M11", 
"2007M12", "2008M01", "2008M02", "2008M03", "2008M04", "2008M05", 
"2008M06", "2008M07", "2008M08", "2008M09", "2008M10", "2008M11", 
"2008M12", "2009M01", "2009M02", "2009M03", "2009M04", "2009M05", 
"2009M06", "2009M07", "2009M08", "2009M09", "2009M10", "2009M11", 
"2009M12", "2010M01", "2010M02", "2010M03", "2010M04", "2010M05", 
"2010M06", "2010M07", "2010M08", "2010M09", "2010M10", "2010M11", 
"2010M12", "2011M01", "2011M02", "2011M03", "2011M04", "2011M05", 
"2011M06", "2011M07", "2011M08", "2011M09", "2011M10", "2011M11", 
"2011M12", "2012M01", "2012M02", "2012M03", "2012M04", "2012M05", 
"2012M06", "2012M07", "2012M08", "2012M09", "2012M10", "2012M11", 
"2012M12", "2013M01", "2013M02", "2013M03", "2013M04", "2013M05", 
"2013M06", "2013M07", "2013M08", "2013M09", "2013M10", "2013M11", 
"2013M12", "2014M01", "2014M02", "2014M03", "2014M04", "2014M05", 
"2014M06", "2014M07", "2014M08", "2014M09", "2014M10", "2014M11", 
"2014M12", "2015M01", "2015M02", "2015M03", "2015M04", "2015M05", 
"2015M06", "2015M07", "2015M08", "2015M09", "2015M10", "2015M11", 
"2015M12", "2016M01", "2016M02", "2016M03", "2016M04", "2016M05", 
"2016M06", "2016M07", "2016M08", "2016M09", "2016M10", "2016M11", 
"2016M12", "2017M01", "2017M02", "2017M03", "2017M04", "2017M05", 
"2017M06", "2017M07", "2017M08", "2017M09", "2017M10", "2017M11", 
"2017M12", "2018M01", "2018M02", "2018M03", "2018M04", "2018M05", 
"2018M06", "2018M07", "2018M08", "2018M09", "2018M10", "2018M11", 
"2018M12", "2019M01", "2019M02", "2019M03", "2019M04", "2019M05", 
"2019M06", "2019M07", "2019M08", "2019M09", "2019M10", "2019M11", 
"2019M12", "2020M01", "2020M02", "2020M03", "2020M04", "2020M05", 
"2020M06", "2020M07", "2020M08", "2020M09", "2020M10", "2020M11", 
"2020M12", "2021M01", "2021M02", "2021M03", "2021M04", "2021M05", 
"2021M06", "2021M07", "2021M08", "2021M09", "2021M10", "2021M11", 
"2021M12", "2022M01", "2022M02", "2022M03", "2022M04", "2022M05", 
"2022M06", "2022M07", "2022M08", "2022M09", "2022M10", "2022M11", 
"2022M12", "2023M01", "2023M02", "2023M03", "2023M04", "2023M05", 
"2023M06", "2023M07", "2023M08", "2023M09", "2023M10", "2023M11", 
"2023M12", "2024M01", "2024M02", "2024M03", "2024M04", "2024M05", 
"2024M06", "2024M07", "2024M08", "2024M09", "2024M10", "2024M11", 
"2024M12", "2025M01", "2025M02", "2025M03", "2025M04", "2025M05", 
"2025M06"), value = c(NA, NA, NA, NA, NA, NA, NA, NA, NA, NA, 
NA, NA, NA, NA, NA, NA, NA, NA, NA, NA, NA, NA, NA, NA, NA, NA, 
NA, NA, NA, NA, NA, NA, NA, NA, NA, NA, NA, NA, NA, NA, NA, NA, 
NA, NA, NA, NA, NA, NA, NA, NA, NA, NA, NA, NA, NA, NA, NA, NA, 
NA, NA, NA, NA, NA, NA, NA, NA, NA, NA, NA, NA, NA, NA, NA, NA, 
NA, NA, NA, NA, NA, NA, NA, NA, NA, NA, NA, NA, NA, NA, NA, NA, 
NA, NA, NA, NA, -0x1.5445855275ffcp+5, -0x1.41d68cd1343aap+5, 
-0x1.5febf69b16354p+5, -0x1.79f38e842b8d1p+5, -0x1.932c9e3bb732bp+5, 
-0x1.99a737406f421p+5, -0x1.73609dfd70478p+5, -0x1.697c135b0cd23p+5, 
-0x1.5e38e56d466e4p+5, -0x1.5872e2b4597d4p+5, -0x1.48d006451c1c7p+5, 
-0x1.54a15be51ce99p+5, -0x1.8220faf19217ep+5, -0x1.4e380d6e1f0eep+5, 
-0x1.2f02968aaca8p+5, -0x1.e5c98e013da05p+4, -0x1.10f6bc40d247p+5, 
-0x1.f0121bfe15f8ap+4, -0x1.e625bfcd5fefbp+4, -0x1.2026b128e892bp+5, 
-0x1.184c9e8e87281p+5, -0x1.993ac68a4eb43p+4, -0x1.f363c266168a6p+4, 
-0x1.017b4b8415818p+5, -0x1.bb5328589fe57p+4, -0x1.f3d06fbc7b70ep+4, 
-0x1.c62b38ab5bfdap+4, -0x1.0c60eb18f95c6p+5, -0x1.049460de9ab32p+5, 
-0x1.11a39b49fb7f4p+5, -0x1.4f5c64caf49f4p+5, -0x1.302ea8107fd4fp+5, 
-0x1.1d84c5b7626p+5, -0x1.38f5d1f10a2a1p+5, -0x1.24deba03b631cp+5, 
-0x1.03ec5619a3506p+5, -0x1.b4ddf08792052p+4, -0x1.544c2b0022a96p+4, 
-0x1.b7c2665222146p+4, -0x1.fabb792dc6eb4p+4, -0x1.57896939548a7p+4, 
-0x1.599256fc43bb7p+4, -0x1.076dbac5f5536p+4, -0x1.ee8e5ded2c4fp+2, 
-0x1.2ee66bd1aca7ep+3, -0x1.538f811fd8c1p+3, -0x1.34d10bf59b66fp+2, 
0x1.9f5908d22e021p-1, 0x1.574aa27057d6dp+2, 0x1.37dc5693c6ad1p+0, 
0x1.97cc72ca4ceacp+0, 0x1.7dbdf941c239ap+0, -0x1.5213bc50e4db2p+3, 
0x1.2fcff7c18f795p+2, 0x1.bae22839ec1b3p+2, -0x1.7d2762f0652d5p-3, 
0x1.5feabd1187abap-2, 0x1.70bd19168d9c4p+2, -0x1.a3cfc5e3d809dp+1, 
-0x1.9d62980f19bd3p+2, -0x1.fd89bb3c78f99p+2, -0x1.1cd3262c286bdp+3, 
-0x1.55c4be48d9156p+2, -0x1.ff37462c230d6p+2, -0x1.bb28d3a6e4388p+1, 
-0x1.3a03342b3bff2p+3, -0x1.1067e461adb3cp+3, -0x1.e494ee05a3fb4p+1, 
-0x1.b21dabb445b9cp+2, -0x1.628fcd75f2a9p+3, -0x1.62073be0a33adp+2, 
-0x1.f45c4409d653cp+2, -0x1.7a4da88c4819cp+3, -0x1.c273af68fd894p+2, 
-0x1.48abcd93e0e1cp+4, -0x1.2266a81fef33bp+3, -0x1.12c95f9da7f9bp+2, 
-0x1.93e758f2be00bp-3, 0x1.ad3b5515b1174p-1, 0x1.da6af19a25747p+2, 
0x1.2bf8556e82a5dp+4, 0x1.25fcfc54713ddp+3, 0x1.24185b5e1f9bp+4, 
0x1.7b680e4ecd429p+3, 0x1.554d015a3f89p+4, 0x1.934c17fbca3b5p+2, 
0x1.55581ead9dbb2p+3, 0x1.65b5daa48461dp+4, 0x1.3ebe0c3869f63p+4, 
0x1.00e1dd79289c1p+5, 0x1.09bea60fa7458p+5, 0x1.007032123217ep+5, 
0x1.f581893413247p+4, 0x1.12c5c7c8b497dp+5, 0x1.f1751e1f9489bp+4, 
0x1.27b6da7a121d7p+5, 0x1.ddf32fd60f1e6p+4, 0x1.55a172bc0a31ep+3, 
0x1.d8a4d379edb56p+3, 0x1.752a54b7e8394p+4, 0x1.db079c05c0c57p+4, 
0x1.14bc9536e6fa8p+5, 0x1.117224736ba15p+5, 0x1.dfb7203235c37p+4, 
0x1.32fd49c172af2p+4, 0x1.9f0876bb3712p+4, 0x1.7dac8c6c3486ap+4, 
0x1.5b04d222de379p+4, 0x1.3216f90644456p+4, 0x1.02a812bf16ce2p+4, 
0x1.38751269b16bfp+4, 0x1.9a325bc5ac24cp+3, 0x1.d727e259fccbap+3, 
0x1.6e02effc7cbdcp+3, 0x1.0b26645912625p+4, 0x1.ab2ee56f16498p+3, 
0x1.f8a88a0f04773p+3, 0x1.53d9f9dbf9908p+3, 0x1.dbe1c1624f445p+3, 
-0x1.ff696f8bba442p+1, 0x1.07a169d47c66p+0, 0x1.5e5486eaeb45ep-1, 
0x1.29194e5660701p+4, -0x1.3cf9fa5933334p+5, -0x1.6ec412a7bc35fp+5, 
-0x1.ee282833474c9p+4, -0x1.3ca428fe14dd2p+4, -0x1.baa220710eb6p+2, 
-0x1.2e05e8af22e53p+1, -0x1.1095e19a1f8cap+1, -0x1.54776148cdd7cp+1, 
0x1.110dd25e8fb5fp+2, 0x1.4639be251ccdap+1, 0x1.95ba13fc500bfp+2, 
0x1.28cf3b35a4ec5p+3, 0x1.f15b84b1bc366p+2, 0x1.3b93ef60a07ecp+4, 
0x1.683f362519d9bp+4, 0x1.4b4713d4d1b19p+4, 0x1.4876fa558ae5cp+4, 
0x1.c65867f020b14p+4, 0x1.ec6386572dca8p+4, 0x1.69f6587993bfcp+4, 
0x1.70e348d9963c7p+4, 0x1.0aed69fc14857p+4, 0x1.b4296203d6236p+4, 
0x1.85c92ea1282e4p+4, 0x1.d62a471864c82p+4, 0x1.69312e99e8c14p+4, 
0x1.4b61e82aa9d56p+4, 0x1.85870ad62e05bp+4, 0x1.51315b5783636p+4, 
0x1.26983d73a8ef2p+4, 0x1.0c1c3a9c55831p+4, 0x1.36616dc90643cp+4, 
0x1.6830a449a974ep+4, 0x1.973ce759513b4p+4, 0x1.49ed36241827p+4, 
0x1.eb9e7812e12e3p+3, 0x1.d42c81908e582p+4, 0x1.76b456b5549c5p+3, 
0x1.455e89eb1d3c5p+3, 0x1.019654735265bp+2, 0x1.68c1e5349a07fp-4, 
0x1.d563c6e3429edp+3, 0x1.28da1b8e6aab3p+2, 0x1.59704de724cep+2, 
0x1.99ee025d63999p+2, 0x1.cade6ce781507p+3, 0x1.4ccc57493d0adp+3, 
0x1.9457cb80c765bp+3, 0x1.b63684b292f5fp-2, -0x1.2e5e3be44b886p+2, 
-0x1.32003137495c3p+2, -0x1.9627541cb7c6bp+2, -0x1.28967304c0954p+0, 
-0x1.62e087ab40c73p+2, -0x1.98f58620e346ep-1, 0x1.60098a10ff459p+1, 
0x1.92f18e55cc42fp-3, 0x1.eb03b198f25d6p-3, 0x1.162fc01206f14p+3, 
0x1.e9ad8f3d52cf6p+2, 0x1.c3c6143ab9533p+0, 0x1.617fe1d6b8f8ap+2, 
0x1.852a0d9651ccbp+1)), class = "data.frame", row.names = c(NA, 
-280L))
