structure(list(period_id = c("1995Q1", "1995Q2", "1995Q3", "1995Q4", 
"1996Q1", "1996Q2", "1996Q3", "1996Q4", "1997Q1", "1997Q2", "1997Q3", 
"1997Q4", "1998Q1", "1998Q2", "1998Q3", "1998Q4", "1999Q1", "1999Q2", 
"1999Q3", "1999Q4", "2000Q1", "2000Q2", "2000Q3", "2000Q4", "2001Q1", 
"2001Q2", "2001Q3", "2001Q4", "2002Q1", "2002Q2", "2002Q3", "2002Q4", 
"2003Q1", "2003Q2", "2003Q3", "2003Q4", "2004Q1", "2004Q2", "2004Q3", 
"2004Q4", "2005Q1", "2005Q2", "2005Q3", "2005Q4", "2006Q1", "2006Q2", 
"2006Q3", "2006Q4", "2007Q1", "2007Q2", "2007Q3", "2007Q4", "2008Q1", 
"2008Q2", "2008Q3", "2008Q4", "2009Q1", "2009Q2", "2009Q3", "2009Q4", 
"2010Q1", "2010Q2", "2010Q3", "2010Q4", "2011Q1", "2011Q2", "2011Q3", 
"2011Q4", "2012Q1", "2012Q2", "2012Q3", "2012Q4", "2013Q1", "2013Q2", 
"2013Q3", "2013Q4", "2014Q1", "2014Q2", "2014Q3", "2014Q4", "2015Q1", 
"2015Q2", "2015Q3", "2015Q4", "2016Q1", "2016Q2", "2016Q3", "2016Q4", 
"2017Q1", "2017Q2", "2017Q3", "2017Q4", "2018Q1", "2018Q2", "2018Q3", 
"2018Q4", "2019Q1", "2019Q2", "2019Q3", "2019Q4", "2020Q1", "2020Q2", 
"2020Q3", "2020Q4", "2021Q1", "2021Q2", "2021Q3", "2021Q4", "2022Q1", 
"2022Q2", "2022Q3", "2022Q4", "2023Q1", "2023Q2", "2023Q3", "2023Q4", 
"2024Q1", "2024Q2", "2024Q3"), value = c(NA, NA, NA, NA, 0x1.a9dbef75d9a0fp+11, 
0x1.a1c4694ccab3fp+11, 0x1.a7319d30270f4p+11, 0x1.a815fd4bf0996p+11, 
0x1.abb79a2a4db16p+11, 0x1.b544d6733ebcp+11, 0x1.b4687e8ccdd94p+11, 
0x1.b4b3f04790b85p+11, 0x1.b29c59d55e6bcp+11, 0x1.b7605db1209eep+11, 
0x1.c0979c2a02321p+11, 0x1.c746e0e0eb67cp+11, 0x1.d266c4f3ba776p+11, 
0x1.e3ce3f5f91601p+11, 0x1.d483c1acde1ap+11, 0x1.d6a4f67d34dfp+11, 
0x1.d7942e7d566cfp+11, 0x1.d1567a02fb5dp+11, 0x1.ddeaf485e3da3p+11, 
0x1.de7297f62b6aep+11, 0x1.df1f82c2bd7f5p+11, 0x1.ea6fe41f64495p+11, 
0x1.e566c87768167p+11, 0x1.e9ddd5bee3d6p+11, 0x1.eba1dbc23315dp+11, 
0x1.ec2c22b3892efp+11, 0x1.ee435147f1306p+11, 0x1.f3ad2fc04c8bdp+11, 
0x1.f36cb6f19934fp+11, 0x1.005c81e9af5bap+12, 0x1.02b23361565c3p+12, 
0x1.027bd60c7c0f4p+12, 0x1.01b4076295209p+12, 0x1.046e491f2dc2bp+12, 
0x1.07ec24c51116bp+12, 0x1.07c96f9b994e2p+12, 0x1.0b2f4f366948ap+12, 
0x1.0d674667f90dap+12, 0x1.09148a02b8412p+12, 0x1.1119dbc44bf4dp+12, 
0x1.0fc8239e6ab9bp+12, 0x1.11998067cf1c3p+12, 0x1.0f62d119ce076p+12, 
0x1.1672680cf9e38p+12, 0x1.1d76fd6733ebcp+12, 0x1.2357ba604e1e7p+12, 
0x1.29f4859641f64p+12, 0x1.2898ebf9830e4p+12, 0x1.2b0c6e1ef73c1p+12, 
0x1.2b2584f4c6e6ep+12, 0x1.2c3bbf7596851p+12, 0x1.2c2160c9d9d34p+12, 
0x1.2d477dcdf6988p+12, 0x1.2fc66d5171e2ap+12, 0x1.32bbbfac1d29ep+12, 
0x1.31cd8bf7f067p+12, 0x1.33aa9c4b90215p+12, 0x1.33e72c4b4d057p+12, 
0x1.32920a393ee5fp+12, 0x1.34b5d44cbe1ebp+12, 0x1.364c156c0d6f5p+12, 
0x1.34a1014d7279ap+12, 0x1.398a323dd54dap+12, 0x1.336169680e065p+12, 
0x1.3d3766adb402dp+12, 0x1.2e5444b4d056cp+12, 0x1.2a9598b71b8aap+12, 
0x1.28fb55b4677b4p+12, 0x1.24c90105186dbp+12, 0x1.24429fdef8488p+12, 
0x1.2323e3b3636f4p+12, 0x1.24c1fbc6eb0b8p+12, 0x1.2749d8298cc14p+12, 
0x1.260aabe9c8861p+12, 0x1.260ce0817fc76p+12, 0x1.28b4183d79075p+12, 
0x1.29e36219652bdp+12, 0x1.2ca0a12513b5cp+12, 0x1.30660c0bdcad1p+12, 
0x1.2fa639b994e1ap+12, 0x1.34f02bf9830e4p+12, 0x1.385e70813cab8p+12, 
0x1.3ae67255f351ap+12, 0x1.3e9269ef5232dp+12, 0x1.3e8baac1094a3p+12, 
0x1.40f3bf5d78812p+12, 0x1.43292faa4766cp+12, 0x1.4603818d6909bp+12, 
0x1.48a5ce8b7e4dep+12, 0x1.4b0dba7115161p+12, 0x1.4d68d9c9d5a18p+12, 
0x1.5335aee2003acp+12, 0x1.5bbd84901d191p+12, 0x1.5cb422ec28b2ap+12, 
0x1.5f5a4db0574b4p+12, 0x1.5fec33226c3b9p+12, 0x1.5db9e3c64345dp+12, 
0x1.313641248d7ep+12, 0x1.5eb9ddbfceb79p+12, 0x1.36070aa10e022p+12, 
0x1.58ce95c52e72ep+12, 0x1.5acc64bcad9aep+12, 0x1.7af6ce48626f6p+12, 
0x1.7c91b0b06c43fp+12, 0x1.7c6c5d53cddd7p+12, 0x1.7e81a937d1fe6p+12, 
0x1.7f1e76c4827b7p+12, 0x1.7e8ad0c0ad03ep+12, 0x1.7f52340a2877fp+12, 
0x1.7da075781c715p+12, 0x1.7e96742784a94p+12, 0x1.816cf59146e4cp+12, 
0x1.83c755b6805a3p+12, 0x1.853f248f96e16p+12, 0x1.8697a94573a79p+12
)), class = "data.frame", row.names = c(NA, -119L))
