structure(list(period_id = c("1999M01", "1999M02", "1999M03", 
"1999M04", "1999M05", "1999M06", "1999M07", "1999M08", "1999M09", 
"1999M10", "1999M11", "1999M12", "2000M01", "2000M02", "2000M03", 
"2000M04", "2000M05", "2000M06", "2000M07", "2000M08", "2000M09", 
"2000M10", "2000M11", "2000M12", "2001M01", "2001M02", "2001M03", 
"2001M04", "2001M05", "2001M06", "2001M07", "2001M08", "2001M09", 
"2001M10", "2001M11", "2001M12", "2002M01", "2002M02", "2002M03", 
"2002M04", "2002M05", "2002M06", "2002M07", "2002M08", "2002M09", 
"2002M10", "2002M11", "2002M12", "2003M01", "2003M02", "2003M03", 
"2003M04", "2003M05", "2003M06", "2003M07", "2003M08", "2003M09", 
"2003M10", "2003M11", "2003M12", "2004M01", "2004M02", "2004M03", 
"2004M04", "2004M05", "2004M06", "2004M07", "2004M08", "2004M09", 
"2004M10", "2004M11", "2004M12", "2005M01", "2005M02", "2005M03", 
"2005M04", "2005M05", "2005M06", "2005M07", "2005M08", "2005M09", 
"2005M10", "2005M11", "2005M12", "2006M01", "2006M02", "2006M03", 
"2006M04", "2006M05", "2006M06", "2006M07", "2006M08", "2006M09", 
"2006M10", "2006M11", "2006M12", "2007M01", "2007M02", "2007M03", 
"2007M04", "2007M05", "2007M06", "2007M07", "2007M08", "2007M09", 
"2007M10", "2007M11", "2007M12", "2008M01", "2008M02", "2008M03", 
"2008M04", "2008M05", "2008M06", "2008M07", "2008M08", "2008M09", 
"2008M10", "2008M11", "2008M12", "2009M01", "2009M02", "2009M03", 
"2009M04", "2009M05", "2009M06", "2009M07", "2009M08", "2009M09", 
"2009M10", "2009M11", "2009M12", "2010M01", "2010M02", "2010M03", 
"2010M04", "2010M05", "2010M06", "2010M07", "2010M08", "2010M09", 
"2010M10", "2010M11", "2010M12", "2011M01", "2011M02", "2011M03", 
"2011M04", "2011M05", "2011M06", "2011M07", "2011M08", "2011M09", 
"2011M10", "2011M11", "2011M12", "2012M01", "2012M02", "2012M03", 
"2012M04", "2012M05", "2012M06", "2012M07", "2012M08", "2012M09", 
"2012M10", "2012M11", "2012M12", "2013M01", "2013M02", "2013M03", 
"2013M04", "2013M05", "2013M06", "2013M07", "2013M08", "2013M09", 
"2013M10", "2013M11", "2013M12", "2014M01", "2014M02", "2014M03", 
"2014M04", "2014M05", "2014M06", "2014M07", "2014M08", "2014M09", 
"2014M10", "2014M11", "2014M12", "2015M01", "2015M02", "2015M03", 
"2015M04", "2015M05", "2015M06", "2015M07", "2015M08", "2015M09", 
"2015M10", "2015M11", "2015M12", "2016M01", "2016M02", "2016M03", 
"2016M04", "2016M05", "2016M06", "2016M07", "2016M08", "2016M09", 
"2016M10", "2016M11", "2016M12", "2017M01", "2017M02", "2017M03", 
"2017M04", "2017M05", "2017M06", "2017M07", "2017M08", "2017M09", 
"2017M10", "2017M11", "2017M12", "2018M01", "2018M02", "2018M03", 
"2018M04", "2018M05", "2018M06", "2018M07", "2018M08", "2018M09", 
"2018M10", "2018M11", "2018M12", "2019M01", "2019M02", "2019M03", 
"2019M04", "2019M05", "2019M06", "2019M07", "2019M08", "2019M09", 
"2019M10", "2019M11", "2019M12", "2020M01", "2020M02", "2020M03", 
"2020M04", "2020M05", "2020M06", "2020M07", "2020M08", "2020M09", 
"2020M10", "2020M11", "2020M12", "2021M01", "2021M02", "2021M03", 
"2021M04", "2021M05", "2021M06", "2021M07", "2021M08", "2021M09", 
"2021M10", "2021M11", "2021M12", "2022M01", "2022M02", "2022M03", 
"2022M04", "2022M05", "2022M06", "2022M07", "2022M08", "2022M09", 
"2022M10", "2022M11", "2022M12", "2023M01", "2023M02", "2023M03", 
"2023M04", "2023M05", "2023M06", "2023M07", "2023M08", "2023M09", 
"2023M10", "2023M11", "2023M12", "2024M01", "2024M02", "2024M03", 
"2024M04", "2024M05", "2024M06", "2024M07", "2024M08", "2024M09", 
"2024M10", "2024M11", "2024M12", "2025M01", "2025M02", "2025M03", 
"2025M04", "2025M05", "2025M06", "2025M07"), value = c(NA, NA, 
NA, NA, NA, NA, NA, NA, NA, NA, NA, NA, NA, NA, NA, NA, NA, NA, 
NA, NA, NA, NA, NA, NA, NA, NA, NA, NA, NA, NA, NA, NA, NA, NA, 
NA, NA, NA, NA, NA, NA, NA, NA, NA, NA, NA, NA, NA, NA, NA, NA, 
NA, NA, NA, NA, NA, NA, NA, NA, NA, NA, NA, NA, NA, NA, NA, NA, 
NA, NA, NA, NA, NA, NA, NA, NA, NA, NA, NA, NA, NA, NA, NA, NA, 
NA, NA, NA, NA, NA, NA, NA, NA, NA, NA, NA, NA, NA, NA, NA, NA, 
NA, NA, NA, NA, NA, NA, NA, NA, NA, NA, NA, NA, NA, NA, NA, NA, 
NA, NA, NA, NA, NA, NA, NA, NA, NA, NA, NA, NA, NA, NA, NA, NA, 
NA, NA, -0x1.94403407c46f8p+2, -0x1.3ec1f8ab15fb9p+2, -0x1.d0ff4e0243309p+2, 
0x1.6dc54d3be6eebp+1, 0x1.93c5aa1930b81p+1, 0x1.023de1ca3a146p+4, 
0x1.2ca0e5d36a31p+3, 0x1.8fdf619ff70e9p+4, 0x1.3f22b04db43f9p+3, 
0x1.97a18dfce45efp+3, 0x1.9afde0e6533e7p+2, 0x1.d7baa370f7a8bp+3, 
-0x1.0a3a8e661cb01p+0, 0x1.75b0b2b4cf7e5p+3, -0x1.bf3497fb548cbp+2, 
0x1.07581ff3c3e52p+3, 0x1.09fac18a31436p+4, 0x1.92f95ec0a05bcp+3, 
-0x1.a5fe1df7939e2p+0, -0x1.d7a51367944d8p-2, 0x1.edef0f0678d81p+3, 
0x1.c2c3ebc0608b6p+3, 0x1.f770e068e459bp+3, 0x1.cbe8dd6cd13b5p+3, 
-0x1.8f74247b45accp-1, 0x1.cd3d4c626a699p+2, 0x1.297b88309775dp-1, 
0x1.d6b51ca55acb8p+2, -0x1.b6366af8abd4bp+0, 0x1.15d4620ec4bd3p+2, 
-0x1.b045b91ffa4efp+1, 0x1.06f1619f7ecc4p+2, 0x1.595729a265c6p+3, 
-0x1.311b2e2f0ef7ap+2, -0x1.b4d62c0850ef5p+2, 0x1.364e1e6791622p+1, 
0x1.2cd5941d63253p-3, -0x1.64db065af7983p+3, -0x1.b9ebe1fb5d2ep+2, 
-0x1.933904f14a685p+2, -0x1.c23ca8a4d2c76p+2, 0x1.05c276520757ep+4, 
0x1.ca1ec05b5113dp+3, 0x1.58a42818f1eb2p+2, 0x1.96c7b2498ce89p+2, 
0x1.010d2edce922ep+4, -0x1.1b5cd3aa76309p+3, -0x1.6c79242ac2fc6p-1, 
0x1.f6d7d0e5eed95p+2, -0x1.653aff055e57bp-1, -0x1.622e7a4ef8211p+1, 
0x1.0d45431ad0c98p+1, 0x1.252d67d924966p+4, 0x1.287368679d731p+1, 
0x1.8bc9902eac7dep+3, 0x1.3f73496c1953ap+3, 0x1.2a310eb270364p+3, 
0x1.163310023cd76p+4, 0x1.26349eb86085ep+4, 0x1.b942ebecacf9ep+3, 
0x1.64254b98fb513p+4, 0x1.26d2a211f6124p+4, 0x1.2a2190e724842p+3, 
0x1.6548b06044334p+4, 0x1.3b13ef04723a1p+4, 0x1.57b0b7b8410e4p+2, 
0x1.99b25a6d52cc8p+2, 0x1.e6e0ce095daddp+3, 0x1.720c0eead7e45p+4, 
0x1.ba394a8cae333p+3, 0x1.da274828edf2dp+3, 0x1.85a0b05adef05p+3, 
0x1.a26706639c5c9p+4, 0x1.6240fa1875c7dp+4, 0x1.55bdf7f9688fap+4, 
0x1.cd19d164f1782p+2, 0x1.c1304b53d006ap+3, 0x1.157ba0fce01cp+4, 
0x1.536ecbf6d111bp+4, 0x1.7d295b4e9307ap+4, 0x1.ebb6bd6cfc657p+4, 
0x1.5b5af0229ae83p+3, 0x1.383b246c6f34bp+4, 0x1.3119e5d428e36p+4, 
0x1.5ff39b2490009p+3, 0x1.03914ff145574p+4, 0x1.be7eda0df8c82p+4, 
0x1.5914460882428p+3, 0x1.72260bf5171dfp+3, 0x1.fffc80c6e166cp+4, 
0x1.89e543d8695a8p+4, 0x1.29427288551bp+4, 0x1.8955cb678f33dp+4, 
0x1.ca133896a9b81p+4, 0x1.f2894005e91dfp+4, 0x1.3c89c114c915p+4, 
0x1.f25a82457eb52p+4, 0x1.14da93dbbf83ep+4, 0x1.3e098d8ace97dp+2, 
0x1.41a279c09e30dp+3, 0x1.0aad303b91638p+1, 0x1.6e07cad4861bep+4, 
0x1.67856deb76f93p+3, 0x1.540f16d1f7b0bp+3, 0x1.188a5d5ecb7f8p+4, 
0x1.3d9e48f7115a5p+4, 0x1.59086ea5f41cap+3, 0x1.902319845b5p+3, 
0x1.a453b63fa559p+4, 0x1.ef6f4934fd37dp+3, 0x1.85ea8ded432dep+4, 
0x1.6f356eaaa4fc2p+3, 0x1.a69925f30c5a3p+4, 0x1.233eec6821104p+4, 
0x1.1e9b1729b1371p+4, 0x1.729c73c180aeep+4, 0x1.4fc620881db6cp+4, 
0x1.43fb9825bff1ep+4, 0x1.7af652f2b5218p+2, 0x1.01f92f4c94705p+4, 
0x1.9347624566dedp+3, 0x1.02939bdc2f8f6p+5, 0x1.d860b4b2bb02fp+2, 
-0x1.e9044a228c3cap+4, -0x1.55c2f7d1152d8p+4, -0x1.68a4195f7789dp+2, 
0x1.197099e5c9e7dp+3, 0x1.aba28902f1c29p+3, 0x1.f44342aad6752p+3, 
0x1.2654db1279991p+1, -0x1.46ff53f06d1p+3, -0x1.615bbd556ffaep+3, 
-0x1.ad08fae15b6fdp+4, -0x1.e23dd17ccea18p+3, -0x1.0d90f69f60006p+3, 
0x1.1d7665ed7f25dp+2, 0x1.112dd9a5d357cp+4, 0x1.b178cea3504c8p+4, 
0x1.031b9c0e8ec52p+4, 0x1.3b57543f06201p+4, 0x1.1bc9f1691540ap+3, 
0x1.7424a1adb6c86p-2, 0x1.5740f0a1f6dcdp+2, 0x1.3a50f3cd7f95bp+3, 
0x1.6623bd3313e31p+3, 0x1.07a6bb06fe564p+4, 0x1.2bab7acd9c42ap+4, 
0x1.905921988ed43p+4, 0x1.9e076db3c71e3p+4, 0x1.7df85e4facebap+4, 
0x1.c30544fc25ae5p+4, 0x1.6d38db93ac483p+4, 0x1.f0360fc427be9p+3, 
0x1.99d578bc899b9p+3, 0x1.264078e8eaa7cp+4, 0x1.414dab77bd7bdp+4, 
0x1.fc0f2f4f2b94ep+3, 0x1.0a7b7157c9242p+4, 0x1.d6cfd2ed0892bp+2, 
0x1.0e89dedfae57cp+4, 0x1.9c81ea8d3f27cp+3, 0x1.060800b0714fep+4, 
0x1.a4c3045587ee6p+1, 0x1.3f6e9b0b33bacp+4, 0x1.0ca4cbdb9c59ap+4, 
0x1.056036230ddd5p+4, 0x1.16752dd70d496p+1, 0x1.b7b1b67fa0a29p+3, 
0x1.d3e7d3d39e9a8p+3, 0x1.2e8f45eeb8094p+3, 0x1.336ed084c41dcp+2, 
