structure(list(period_id = c("1995Q1", "1995Q2", "1995Q3", "1995Q4", 
"1996Q1", "1996Q2", "1996Q3", "1996Q4", "1997Q1", "1997Q2", "1997Q3", 
"1997Q4", "1998Q1", "1998Q2", "1998Q3", "1998Q4", "1999Q1", "1999Q2", 
"1999Q3", "1999Q4", "2000Q1", "2000Q2", "2000Q3", "2000Q4", "2001Q1", 
"2001Q2", "2001Q3", "2001Q4", "2002Q1", "2002Q2", "2002Q3", "2002Q4", 
"2003Q1", "2003Q2", "2003Q3", "2003Q4", "2004Q1", "2004Q2", "2004Q3", 
"2004Q4", "2005Q1", "2005Q2", "2005Q3", "2005Q4", "2006Q1", "2006Q2", 
"2006Q3", "2006Q4", "2007Q1", "2007Q2", "2007Q3", "2007Q4", "2008Q1", 
"2008Q2", "2008Q3", "2008Q4", "2009Q1", "2009Q2", "2009Q3", "2009Q4", 
"2010Q1", "2010Q2", "2010Q3", "2010Q4", "2011Q1", "2011Q2", "2011Q3", 
"2011Q4", "2012Q1", "2012Q2", "2012Q3", "2012Q4", "2013Q1", "2013Q2", 
"2013Q3", "2013Q4", "2014Q1", "2014Q2", "2014Q3", "2014Q4", "2015Q1", 
"2015Q2", "2015Q3", "2015Q4", "2016Q1", "2016Q2", "2016Q3", "2016Q4", 
"2017Q1", "2017Q2", "2017Q3", "2017Q4", "2018Q1", "2018Q2", "2018Q3", 
"2018Q4", "2019Q1", "2019Q2", "2019Q3", "2019Q4", "2020Q1", "2020Q2", 
"2020Q3", "2020Q4", "2021Q1", "2021Q2", "2021Q3", "2021Q4", "2022Q1", 
"2022Q2", "2022Q3", "2022Q4", "2023Q1", "2023Q2", "2023Q3", "2023Q4", 
"2024Q1", "2024Q2", "2024Q3", "2024Q4"), value = c(NA, NA, NA, 
NA, 0x1.79850b8498809p+8, 0x1.7d6829ae4f334p+8, 0x1.86211fa333765p+8, 
0x1.82c09a671ef31p+8, 0x1.879b8e6d15ad1p+8, 0x1.997cfa58f7122p+8, 
0x1.942c9a2403148p+8, 0x1.8d9871c53f39dp+8, 0x1.8fc882cf52b91p+8, 
0x1.8c73992c8c5p+8, 0x1.8f5986ec17ebbp+8, 0x1.a6a5a719b4dcfp+8, 
0x1.baad38ef34d6ap+8, 0x1.f5f5cd91eeaa7p+8, 0x1.c0416bfca85cbp+8, 
0x1.ca0823a6ce358p+8, 0x1.c656dd8b60f1bp+8, 0x1.c191c75818c5dp+8, 
0x1.c66d02cd39da1p+8, 0x1.bfeb934699418p+8, 0x1.b772a8650e779p+8, 
0x1.af77e3d1cc101p+8, 0x1.b0ead45e9185dp+8, 0x1.ad20a6fc58ab9p+8, 
0x1.aa27aeddce7cdp+8, 0x1.a7040a393ee5fp+8, 0x1.b09fd5347a5b1p+8, 
0x1.bbe9b4bb5e0f8p+8, 0x1.be698c5c9a34dp+8, 0x1.d1a8463065f96p+8, 
0x1.c6bcf56eac86p+8, 0x1.c8425a89b951cp+8, 0x1.cf7aa369fcf3ep+8, 
0x1.bcc6b4b72c519p+8, 0x1.d01d4cfd08d4cp+8, 0x1.c94b5946c332fp+8, 
0x1.cb52387592535p+8, 0x1.e05434d26fa4p+8, 0x1.d41e279dd3bbp+8, 
0x1.e0434edb2f662p+8, 0x1.eba8606748e47p+8, 0x1.071548909289ep+9, 
0x1.1db1614df8b15p+9, 0x1.37b1ede1198afp+9, 0x1.3a5baf640639dp+9, 
0x1.4ccac25072086p+9, 0x1.5097888f861a6p+9, 0x1.54a386d2ed784p+9, 
0x1.684eeaf251c19p+9, 0x1.5a888509bf9c6p+9, 0x1.5cf24b7f5a533p+9, 
0x1.4a541eeed8905p+9, 0x1.40f7a9003eea2p+9, 0x1.34cad7625204bp+9, 
0x1.22a9bf9c62a1bp+9, 0x1.142d056c508b3p+9, 0x1.0bc4b6c7a7c9ep+9, 
0x1.fabe9ccb7d417p+8, 0x1.df9dfba450accp+8, 0x1.c6f38f25a251p+8, 
0x1.bc584c37e6f72p+8, 0x1.bb843ad9f0a1cp+8, 0x1.be110b417ca21p+8, 
0x1.c58b483cafb3bp+8, 0x1.b2c4d5629d841p+8, 0x1.a433f04577d95p+8, 
0x1.98282795703f3p+8, 0x1.7b1933d29563bp+8, 0x1.7037d35eb7458p+8, 
0x1.67d0f91a32b13p+8, 0x1.724bbd48cb4afp+8, 0x1.94886045baf53p+8, 
0x1.98294d61b2a28p+8, 0x1.a934638c97529p+8, 0x1.a38a29b6b2af1p+8, 
0x1.8f83c7e6b3feap+8, 0x1.9a1393bc0a06fp+8, 0x1.902861522a6f4p+8, 
0x1.85e7342edbb5ap+8, 0x1.891bbdf090f73p+8, 0x1.74c2514c22ee4p+8, 
0x1.7b33ce8533b1p+8, 0x1.8cb712d3415b1p+8, 0x1.85a0d6e47dc38p+8, 
0x1.9c73e8ccdd93cp+8, 0x1.a18dc0767d34ep+8, 0x1.9881974e65beap+8, 
0x1.b7695464dc22bp+8, 0x1.ae2b1c3265adep+8, 0x1.bf40282c6ef3dp+8, 
0x1.dda2be27179cp+8, 0x1.de08cd530489dp+8, 0x1.f1e5b9d7fd827p+8, 
0x1.f619a5119ce07p+8, 0x1.e7ac0fcb4f1e5p+8, 0x1.ec7bc9ff92f2bp+8, 
0x1.f8abbcc2938dep+8, 0x1.ca067b2cc7086p+8, 0x1.ee92f7f498c3bp+8, 
0x1.027c1a36e2eb2p+9, 0x1.05fe2e2b8c75cp+9, 0x1.0790faacd9e84p+9, 
0x1.0b2912018a43cp+9, 0x1.0d46c98e53eb4p+9, 0x1.15aa13db7f173p+9, 
0x1.17b7c182ecaefp+9, 0x1.217420ccff21bp+9, 0x1.2ea80c9539b89p+9, 
0x1.39020afa2f05ap+9, 0x1.4942dcc20d563p+9, 0x1.520228fe260b3p+9, 
0x1.49593c70c996bp+9, 0x1.45946f049a997p+9, 0x1.40b1102363b25p+9, 
0x1.3a5ff1ae2da55p+9, 0x1.4ce0aada33bdap+9)), class = "data.frame", row.names = c(NA, 
-120L))
