structure(list(period_id = c("1995Q1", "1995Q2", "1995Q3", "1995Q4", 
"1996Q1", "1996Q2", "1996Q3", "1996Q4", "1997Q1", "1997Q2", "1997Q3", 
"1997Q4", "1998Q1", "1998Q2", "1998Q3", "1998Q4", "1999Q1", "1999Q2", 
"1999Q3", "1999Q4", "2000Q1", "2000Q2", "2000Q3", "2000Q4", "2001Q1", 
"2001Q2", "2001Q3", "2001Q4", "2002Q1", "2002Q2", "2002Q3", "2002Q4", 
"2003Q1", "2003Q2", "2003Q3", "2003Q4", "2004Q1", "2004Q2", "2004Q3", 
"2004Q4", "2005Q1", "2005Q2", "2005Q3", "2005Q4", "2006Q1", "2006Q2", 
"2006Q3", "2006Q4", "2007Q1", "2007Q2", "2007Q3", "2007Q4", "2008Q1", 
"2008Q2", "2008Q3", "2008Q4", "2009Q1", "2009Q2", "2009Q3", "2009Q4", 
"2010Q1", "2010Q2", "2010Q3", "2010Q4", "2011Q1", "2011Q2", "2011Q3", 
"2011Q4", "2012Q1", "2012Q2", "2012Q3", "2012Q4", "2013Q1", "2013Q2", 
"2013Q3", "2013Q4", "2014Q1", "2014Q2", "2014Q3", "2014Q4", "2015Q1", 
"2015Q2", "2015Q3", "2015Q4", "2016Q1", "2016Q2", "2016Q3", "2016Q4", 
"2017Q1", "2017Q2", "2017Q3", "2017Q4", "2018Q1", "2018Q2", "2018Q3", 
"2018Q4", "2019Q1", "2019Q2", "2019Q3", "2019Q4", "2020Q1", "2020Q2", 
"2020Q3", "2020Q4", "2021Q1", "2021Q2", "2021Q3", "2021Q4", "2022Q1", 
"2022Q2", "2022Q3", "2022Q4", "2023Q1", "2023Q2", "2023Q3", "2023Q4", 
"2024Q1", "2024Q2", "2024Q3"), value = c(0x1.4a08014b599aap+10, 
0x1.7efeb5d462c34p+10, 0x1.965af9c62a1b6p+10, 0x1.9a9a4141e9af6p+10, 
0x1.944a255f3519cp+10, 0x1.b7e10eed02cd4p+10, 0x1.b9a1892ab68cfp+10, 
0x1.c2b4ecaab8a5dp+10, 0x1.b8037a95c853cp+10, 0x1.f3729e1f3a57fp+10, 
0x1.efbf453d20f2cp+10, 0x1.f96a66d7a56dep+10, 0x1.eb30e0ef99807p+10, 
0x1.0bb8f3343fa2bp+11, 0x1.12ccf6e3f78bcp+11, 0x1.15875b8fde2efp+11, 
0x1.16e16160d887fp+11, 0x1.391a069a4df48p+11, 0x1.321639c51dabep+11, 
0x1.34aae77f6b1a3p+11, 0x1.2f86124f227dp+11, 0x1.432855b035bd5p+11, 
0x1.4912093faf428p+11, 0x1.4cbacd7f0ed3ep+11, 0x1.4497b734b5137p+11, 
0x1.6f42c6cdaf4aep+11, 0x1.6909cd72799a2p+11, 0x1.704c502cd39dap+11, 
0x1.684ab01c92ddcp+11, 0x1.8b05592d98bf8p+11, 0x1.8d443baba7b91p+11, 
0x1.949e19a847b24p+11, 0x1.8111fb19e731dp+11, 0x1.b48565bc87db3p+11, 
0x1.b9162ad1d041dp+11, 0x1.b6758474d9c6bp+11, 0x1.98c9043c3a42fp+11, 
0x1.d15c51e108c3fp+11, 0x1.cfbdcc2b51bd6p+11, 0x1.cd823b7739f34p+11, 
0x1.ac894996b7671p+11, 0x1.eec39a47a9e2cp+11, 0x1.d7b97648c7193p+11, 
0x1.e5447e111277p+11, 0x1.be74d4fdf3b64p+11, 0x1.fe18ca25529fep+11, 
0x1.ecb7e79cc74b8p+11, 0x1.f737eddce7cdp+11, 0x1.e258fe414e7efp+11, 
0x1.1763dc6195465p+12, 0x1.196838a6dacacp+12, 0x1.1bdbd55821294p+12, 
0x1.0c841fa658c4cp+12, 0x1.3427f3e24febdp+12, 0x1.3285ee04c0592p+12, 
0x1.2550cfdf3b646p+12, 0x1.0e9e41615ebfbp+12, 0x1.30230a59c065bp+12, 
0x1.393686e3b46fep+12, 0x1.35c82d794a6ecp+12, 0x1.18fb72e3821afp+12, 
0x1.397bade33269ep+12, 0x1.40ec5af9ebe9dp+12, 0x1.3ecc30856e697p+12, 
0x1.1fee76fd21ff3p+12, 0x1.403ef1a2a4db1p+12, 0x1.4dc5e02d9cf14p+12, 
0x1.46e1ce3369b9dp+12, 0x1.2c7cef405f6bap+12, 0x1.3cc5e95c853c1p+12, 
0x1.42c46115592dap+12, 0x1.440feed352221p+12, 0x1.1dc85d57ff9b5p+12, 
0x1.34aa2fe82517ep+12, 0x1.3a0347bfe7e2p+12, 0x1.438cdaa1d755cp+12, 
0x1.24fca10060781p+12, 0x1.3ac558f92af9bp+12, 0x1.3b84ef954eb14p+12, 
0x1.4175005d52c17p+12, 0x1.26d47ba98eda2p+12, 0x1.41323a7c9de05p+12, 
0x1.42a80840e171ap+12, 0x1.4677a6687f456p+12, 0x1.2b75bc408d8edp+12, 
0x1.4778be06961c3p+12, 0x1.4fd665d4a5df2p+12, 0x1.5b9a13b7d849p+12, 
0x1.38a29082cf52cp+12, 0x1.521a003bc4d23p+12, 0x1.5a6e47f349386p+12, 
0x1.6ea73365881a1p+12, 0x1.4851b30a4e37ap+12, 0x1.630530e0a84bep+12, 
0x1.6cd23f748a15ap+12, 0x1.862167631b585p+12, 0x1.5ccacf1b25f63p+12, 
0x1.7c36ab399f5ep+12, 0x1.8f0480db2702ap+12, 0x1.9ababaaac1095p+12, 
0x1.582fbd0aed99dp+12, 0x1.4c1eac093d966p+12, 0x1.8db200bcbe61dp+12, 
0x1.6ba80f16f4385p+12, 0x1.4ce471f03d146p+12, 0x1.85e76fa1e3eafp+12, 
0x1.be074bf8fcd68p+12, 0x1.d999e452c59fbp+12, 0x1.8e5104b6e935cp+12, 
0x1.d710471715c64p+12, 0x1.f671924f227dp+12, 0x1.0643e90abb44ep+13, 
0x1.c79d721d53cdep+12, 0x1.fa58fff8a8f3bp+12, 0x1.09b62c3116228p+13, 
0x1.1217e38327675p+13, 0x1.e3205db3397ddp+12, 0x1.05e027924af0cp+13, 
0x1.0f834974a3401p+13)), class = "data.frame", row.names = c(NA, 
-119L))
