structure(list(period_id = c("2000", "2001", "2002", "2003", 
"2004", "2005", "2006", "2007", "2008", "2009", "2010", "2011", 
"2012", "2013", "2014", "2015", "2016", "2017", "2018", "2019", 
"2020", "2021", "2022"), value = c(0x1.458f06705c897p+9, 0x1.5d330ccbc05d5p+9, 
0x1.734aacd184c27p+9, 0x1.81d35d462c344p+9, 0x1.df411cd1c7de5p+9, 
0x1.3341d074213a1p+10, 0x1.5ccabb98c7e28p+10, 0x1.a462157eed45fp+10, 
0x1.e7a1b738e6d16p+10, 0x1.81f82de00d1b7p+10, 0x1.3c9f319c5a3e4p+10, 
0x1.18d3a7b0b3919p+10, 0x1.d7610b73d188fp+9, 0x1.b337d3f5b5fa2p+9, 
0x1.a288c5004fb12p+9, 0x1.a49339f340d4ep+9, 0x1.bbeb14b167ec8p+9, 
0x1.03c4fd6d7e88ap+10, 0x1.197526bb55acp+10, 0x1.4f389f4906035p+10, 
0x1.3aac327674d16p+10, 0x1.714fe40c8472cp+10, 0x1.b054158750c1cp+10
)), class = "data.frame", row.names = c(NA, -23L))
