structure(list(period_id = c("1999Q1", "1999Q2", "1999Q3", "1999Q4", 
"2000Q1", "2000Q2", "2000Q3", "2000Q4", "2001Q1", "2001Q2", "2001Q3", 
"2001Q4", "2002Q1", "2002Q2", "2002Q3", "2002Q4", "2003Q1", "2003Q2", 
"2003Q3", "2003Q4", "2004Q1", "2004Q2", "2004Q3", "2004Q4", "2005Q1", 
"2005Q2", "2005Q3", "2005Q4", "2006Q1", "2006Q2", "2006Q3", "2006Q4", 
"2007Q1", "2007Q2", "2007Q3", "2007Q4", "2008Q1", "2008Q2", "2008Q3", 
"2008Q4", "2009Q1", "2009Q2", "2009Q3", "2009Q4", "2010Q1", "2010Q2", 
"2010Q3", "2010Q4", "2011Q1", "2011Q2", "2011Q3", "2011Q4", "2012Q1", 
"2012Q2", "2012Q3", "2012Q4", "2013Q1", "2013Q2", "2013Q3", "2013Q4", 
"2014Q1", "2014Q2", "2014Q3", "2014Q4", "2015Q1", "2015Q2", "2015Q3", 
"2015Q4", "2016Q1", "2016Q2", "2016Q3", "2016Q4", "2017Q1", "2017Q2", 
"2017Q3", "2017Q4", "2018Q1", "2018Q2", "2018Q3", "2018Q4", "2019Q1", 
"2019Q2", "2019Q3", "2019Q4", "2020Q1", "2020Q2", "2020Q3", "2020Q4", 
"2021Q1", "2021Q2", "2021Q3", "2021Q4", "2022Q1", "2022Q2", "2022Q3", 
"2022Q4", "2023Q1", "2023Q2", "2023Q3", "2023Q4", "2024Q1", "2024Q2", 
"2024Q3", "2024Q4", "2025Q1"), value = c(0x1.c5097204295a7p+3, 
0x1.ee4690de09353p+3, 0x1.17e6f0cfe1544p+4, 0x1.37e9f7b5aea31p+4, 
0x1.33999dcb5781cp+4, 0x1.43fa19008206p+4, 0x1.674c89b0ee49fp+4, 
0x1.7fb0de8f6ceffp+4, 0x1.7bd568e820e63p+4, 0x1.9a2dd15f02c4dp+4, 
0x1.aaf06e5cd4ed3p+4, 0x1.c1a9478c868bap+4, 0x1.a5d2dcb1465e9p+4, 
0x1.b2fce63a5c1c6p+4, 0x1.d2d17720c8cd6p+4, 0x1.fd875818c5c9ap+4, 
0x1.ff57f62b6ae7dp+4, 0x1.f822f05a708eep+4, 0x1.0189c4545846fp+5, 
0x1.28b008205ff1ep+5, 0x1.09a71c53f39d2p+5, 0x1.0ceca25529fep+5, 
0x1.33b651b0ccbcp+5, 0x1.2fb00ef1348b2p+5, 0x1.2975b81301648p+5, 
0x1.298f60e0eb67cp+5, 0x1.4428bfc2224eep+5, 0x1.51644d87724fbp+5, 
0x1.f1a76965f5276p+4, 0x1.05584ec636b09p+5, 0x1.1cb1c64ba94bcp+5, 
0x1.22fee78183f92p+5, 0x1.91ed1bf7ad4b2p+4, 0x1.bb18fb43d89cep+4, 
0x1.d8f8b8ae31d71p+4, 0x1.00231f03d145ep+5, 0x1.d6f221858bc5ap+3, 
0x1.19921bc126a66p+4, 0x1.2ccf3a9b06812p+4, 0x1.446a7589efd87p+4, 
0x1.a3a29c779a6b5p+0, 0x1.400e94ee392e2p+1, 0x1.83e4473cd5736p+1, 
0x1.16ef672b8844p+1, 0x1.7b1704ff4341ap-1, 0x1.0d6777079e59fp+1, 
0x1.17a743a647fdcp+2, 0x1.1af39085f4a12p+1, 0x1.9204af922962dp-1, 
0x1.11037d63022ddp+1, 0x1.0ffdda8bd230cp+2, 0x1.400ee06d93815p+1, 
0x1.9defe93187619p-1, 0x1.16a1cef240faap+1, 0x1.82978d4fdf3b6p+1, 
0x1.38b662fdfc19cp+2, 0x1.040303c07ee0bp+0, 0x1.56d62bf11f927p+1, 
0x1.33620685553efp+2, 0x1.4300c521dda06p+1, 0x1.fee78183f91e6p-2, 
0x1.b8cf398e97072p+0, 0x1.4e1083dbc2331p+2, 0x1.d0f88333fc86dp+1, 
0x1.68c0ad03d9a95p-1, 0x1.3a08205ff1d82p+1, 0x1.1183771865519p+2, 
0x1.9d62f166e008fp+1, 0x1.89fafc8b0079ap-1, 0x1.1adbb59ddc1e8p+1, 
0x1.3c61f18c9fb61p+2, 0x1.9725aab474107p+1, 0x1.8690de093532ep-1, 
0x1.1df487fcb923ap+1, 0x1.88c0f01fb82c3p+1, 0x1.54efed634549bp+1, 
0x1.dca36199780bbp-1, 0x1.1a5a3e39f7729p+2, 0x1.6a6ca89fc6da4p+1, 
0x1.eeec28b2a6b0ep+0, 0x1.26ae18ac9f2fep-1, 0x1.58f60e0eb67c3p+1, 
0x1.7945d41fa7653p+2, 0x1.6cffeb074a772p+1, 0x1.89018611fd588p+1, 
0x1.4ea6a875d56f3p+1, 0x1.d1ae4f3343fa3p+1, 0x1.28d8cf398e97p+2, 
0x1.f4c436fc158fbp+0, 0x1.1a0d5629d840ap+3, 0x1.5cfe974a3400cp+2, 
0x1.f24dfce3150dbp+1, 0x1.c2e62131a8ef7p-1, 0x1.96a098915bdd7p+1, 
0x1.1cec460ed80a1p+3, 0x1.3b78811b1d92bp+2, 0x1.6122749f0e4dap+0, 
0x1.6fec2ce46499p+3, 0x1.02a53543aeab8p+3, 0x1.8dceaf251c194p+1, 
0x1.09970b49e01dep+0, 0x1.404d22c881e47p+3, 0x1.37aacb85a4f01p+3, 
0x1.add8d79d0a676p+1, 0x1.fa363b256ffc1p-1)), class = "data.frame", row.names = c(NA, 
-105L))
