structure(list(period_id = c("1995Q1", "1995Q2", "1995Q3", "1995Q4", 
"1996Q1", "1996Q2", "1996Q3", "1996Q4", "1997Q1", "1997Q2", "1997Q3", 
"1997Q4", "1998Q1", "1998Q2", "1998Q3", "1998Q4", "1999Q1", "1999Q2", 
"1999Q3", "1999Q4", "2000Q1", "2000Q2", "2000Q3", "2000Q4", "2001Q1", 
"2001Q2", "2001Q3", "2001Q4", "2002Q1", "2002Q2", "2002Q3", "2002Q4", 
"2003Q1", "2003Q2", "2003Q3", "2003Q4", "2004Q1", "2004Q2", "2004Q3", 
"2004Q4", "2005Q1", "2005Q2", "2005Q3", "2005Q4", "2006Q1", "2006Q2", 
"2006Q3", "2006Q4", "2007Q1", "2007Q2", "2007Q3", "2007Q4", "2008Q1", 
"2008Q2", "2008Q3", "2008Q4", "2009Q1", "2009Q2", "2009Q3", "2009Q4", 
"2010Q1", "2010Q2", "2010Q3", "2010Q4", "2011Q1", "2011Q2", "2011Q3", 
"2011Q4", "2012Q1", "2012Q2", "2012Q3", "2012Q4", "2013Q1", "2013Q2", 
"2013Q3", "2013Q4", "2014Q1", "2014Q2", "2014Q3", "2014Q4", "2015Q1", 
"2015Q2", "2015Q3", "2015Q4", "2016Q1", "2016Q2", "2016Q3", "2016Q4", 
"2017Q1", "2017Q2", "2017Q3", "2017Q4", "2018Q1", "2018Q2", "2018Q3", 
"2018Q4", "2019Q1", "2019Q2", "2019Q3", "2019Q4", "2020Q1", "2020Q2", 
"2020Q3", "2020Q4", "2021Q1", "2021Q2", "2021Q3", "2021Q4", "2022Q1", 
"2022Q2", "2022Q3", "2022Q4", "2023Q1", "2023Q2", "2023Q3", "2023Q4", 
"2024Q1", "2024Q2", "2024Q3", "2024Q4", "2025Q1"), value = c(NA, 
NA, NA, NA, 0x1.79850b8498809p+8, 0x1.7d6829ae4f334p+8, 0x1.86211fa333765p+8, 
0x1.82c09a671ef31p+8, 0x1.879b8e6d15ad1p+8, 0x1.997cfa58f7122p+8, 
0x1.942c9a2403148p+8, 0x1.8d9871c53f39dp+8, 0x1.8fc882cf52b91p+8, 
0x1.8c73992c8c5p+8, 0x1.8f5986ec17ebbp+8, 0x1.a6a5a719b4dcfp+8, 
0x1.baad38ef34d6ap+8, 0x1.f5f5cd91eeaa7p+8, 0x1.c0416bfca85cbp+8, 
0x1.ca0823a6ce358p+8, 0x1.c656dd8b60f1bp+8, 0x1.c191c75818c5dp+8, 
0x1.c66d02cd39da1p+8, 0x1.bfeb934699418p+8, 0x1.b772a8650e779p+8, 
0x1.af77e3d1cc101p+8, 0x1.b0ead45e9185dp+8, 0x1.ad20a6fc58ab9p+8, 
0x1.aa27aeddce7cdp+8, 0x1.a7040a393ee5fp+8, 0x1.b09fd5347a5b1p+8, 
0x1.bbe9b4bb5e0f8p+8, 0x1.be698c5c9a34dp+8, 0x1.d1a8463065f96p+8, 
0x1.c6bcf56eac86p+8, 0x1.c8425a89b951cp+8, 0x1.cf7aa369fcf3ep+8, 
0x1.bcc6b4b72c519p+8, 0x1.d01d4cfd08d4cp+8, 0x1.c94b5946c332fp+8, 
0x1.cb52387592535p+8, 0x1.e05434d26fa4p+8, 0x1.d41e279dd3bbp+8, 
0x1.e0434edb2f662p+8, 0x1.eba8606748e47p+8, 0x1.071548909289ep+9, 
0x1.1db1614df8b15p+9, 0x1.37b1ede1198afp+9, 0x1.3a5baf640639dp+9, 
0x1.4ccac25072086p+9, 0x1.5097888f861a6p+9, 0x1.54a386d2ed784p+9, 
0x1.684eeaf251c19p+9, 0x1.5a888509bf9c6p+9, 0x1.5cf24b7f5a533p+9, 
0x1.4a541eeed8905p+9, 0x1.40f7a9003eea2p+9, 0x1.34cad7625204bp+9, 
0x1.22a9bf9c62a1bp+9, 0x1.142d056c508b3p+9, 0x1.0ba5f01b866e4p+9, 
0x1.fa973b7521145p+8, 0x1.dfa1f69878317p+8, 0x1.c7395a187a4a5p+8, 
0x1.bc39b1960fa16p+8, 0x1.bb64c8472c0e8p+8, 0x1.bdfa28cbd1245p+8, 
0x1.c59db93037d63p+8, 0x1.b2bcb3a2595bcp+8, 0x1.a435e5aff2a17p+8, 
0x1.9823167ec7864p+8, 0x1.7b13f83382e45p+8, 0x1.70419f3c70c99p+8, 
0x1.67dee32e3821bp+8, 0x1.7251f3f961805p+8, 0x1.94811276fb092p+8, 
0x1.981ed8a11665ap+8, 0x1.a9288fc9363f5p+8, 0x1.a38e82e87d2c8p+8, 
0x1.8f8e807bbb624p+8, 0x1.9a1792f2b66b6p+8, 0x1.9023bf1e8e608p+8, 
0x1.85df7a5f41aefp+8, 0x1.891c3254e6e22p+8, 0x1.74c8fa58f7122p+8, 
0x1.7b38bb3c81909p+8, 0x1.8cb67a63736cep+8, 0x1.859cfb762d83cp+8, 
0x1.9c7079a2834d2p+8, 0x1.a18a70c1333b9p+8, 0x1.9884f7985271cp+8, 
0x1.b7661986b9c3p+8, 0x1.ae32ec9e236c1p+8, 0x1.bf450d49949e9p+8, 
0x1.dda1cf4623d0cp+8, 0x1.de05c886162f1p+8, 0x1.f1de23076c051p+8, 
0x1.f60ef76e6106bp+8, 0x1.e7b1141a6937dp+8, 0x1.ec8b020c49ba6p+8, 
0x1.f8b186013660ep+8, 0x1.ca03c30d306a3p+8, 0x1.ee8c51654d61bp+8, 
0x1.027813ec460eep+9, 0x1.05fd6f6512a95p+9, 0x1.07944039abf34p+9, 
0x1.0b2a22ab25b31p+9, 0x1.0d4613cab81f9p+9, 0x1.15a77b5286b59p+9, 
0x1.17b961027957p+9, 0x1.217597dd00f77p+9, 0x1.2e4e52b4d8ba4p+9, 
0x1.3a061e2de8709p+9, 0x1.4964153bd1676p+9, 0x1.5120ca9ac3654p+9, 
0x1.46a28b439581p+9, 0x1.49a9a6defc7a4p+9, 0x1.4205276fb092p+9, 
0x1.385b579af1887p+9, 0x1.469715d701d9fp+9, 0x1.39ca6bacf7447p+9
)), class = "data.frame", row.names = c(NA, -121L))
