structure(list(period_id = c("2000", "2001", "2002", "2003", 
"2004", "2005", "2006", "2007", "2008", "2009", "2010", "2011", 
"2012", "2013", "2014", "2015", "2016", "2017", "2018", "2019", 
"2020", "2021", "2022"), value = c(NA, NA, NA, NA, NA, NA, NA, 
NA, NA, NA, NA, NA, NA, NA, NA, NA, NA, NA, 0x1.842a89331a08cp+9, 
0x1.89e6c083126e9p+9, 0x1.8d450e453d20fp+9, 0x1.c4c1eb8d82342p+9, 
0x1.3f103f572de44p+10)), class = "data.frame", row.names = c(NA, 
-23L))
