structure(list(period_id = c("1995Q1", "1995Q2", "1995Q3", "1995Q4", 
"1996Q1", "1996Q2", "1996Q3", "1996Q4", "1997Q1", "1997Q2", "1997Q3", 
"1997Q4", "1998Q1", "1998Q2", "1998Q3", "1998Q4", "1999Q1", "1999Q2", 
"1999Q3", "1999Q4", "2000Q1", "2000Q2", "2000Q3", "2000Q4", "2001Q1", 
"2001Q2", "2001Q3", "2001Q4", "2002Q1", "2002Q2", "2002Q3", "2002Q4", 
"2003Q1", "2003Q2", "2003Q3", "2003Q4", "2004Q1", "2004Q2", "2004Q3", 
"2004Q4", "2005Q1", "2005Q2", "2005Q3", "2005Q4", "2006Q1", "2006Q2", 
"2006Q3", "2006Q4", "2007Q1", "2007Q2", "2007Q3", "2007Q4", "2008Q1", 
"2008Q2", "2008Q3", "2008Q4", "2009Q1", "2009Q2", "2009Q3", "2009Q4", 
"2010Q1", "2010Q2", "2010Q3", "2010Q4", "2011Q1", "2011Q2", "2011Q3", 
"2011Q4", "2012Q1", "2012Q2", "2012Q3", "2012Q4", "2013Q1", "2013Q2", 
"2013Q3", "2013Q4", "2014Q1", "2014Q2", "2014Q3", "2014Q4", "2015Q1", 
"2015Q2", "2015Q3", "2015Q4", "2016Q1", "2016Q2", "2016Q3", "2016Q4", 
"2017Q1", "2017Q2", "2017Q3", "2017Q4", "2018Q1", "2018Q2", "2018Q3", 
"2018Q4", "2019Q1", "2019Q2", "2019Q3", "2019Q4", "2020Q1", "2020Q2", 
"2020Q3", "2020Q4", "2021Q1", "2021Q2", "2021Q3", "2021Q4", "2022Q1", 
"2022Q2", "2022Q3", "2022Q4", "2023Q1", "2023Q2", "2023Q3", "2023Q4", 
"2024Q1", "2024Q2", "2024Q3", "2024Q4", "2025Q1", "2025Q2"), 
    value = c(0x1.7450d801b4352p+7, 0x1.825cd9c6b0532p+7, 0x1.8f0541743e964p+7, 
    0x1.a43659d12cadep+7, 0x1.b43c8e68e3ef3p+7, 0x1.c4433dd11be6ep+7, 
    0x1.d144a600b0293p+7, 0x1.e002bf9830e3dp+7, 0x1.bcdd78a2a90cdp+7, 
    0x1.fd014d2f5dbbap+7, 0x1.092aef2c73259p+8, 0x1.0c288f7553693p+8, 
    0x1.1392abbcb1cc9p+8, 0x1.15b5eebb341e1p+8, 0x1.19186f36ef805p+8, 
    0x1.2116bd7f51efbp+8, 0x1.25e8c319c5a3ep+8, 0x1.32df9ebe9c886p+8, 
    0x1.3c760e410b631p+8, 0x1.45056440f2389p+8, 0x1.4ef651f3e89a9p+8, 
    0x1.5933b3a68b19ap+8, 0x1.6895a858793dep+8, 0x1.7330c165907d9p+8, 
    0x1.7e1e4484944edp+8, 0x1.8ba72fdb8fde3p+8, 0x1.951b4091c0874p+8, 
    0x1.9f501a8ac5c14p+8, 0x1.b6ed930be0dedp+8, 0x1.c2b102eec7c95p+8, 
    0x1.d0205e6ff7dfap+8, 0x1.e291a9eb2074fp+8, 0x1.e45aaaf35e311p+8, 
    0x1.f248ddb5525ccp+8, 0x1.fdb2675147f13p+8, 0x1.0356f9b994e1ap+9, 
    0x1.096d3ba775fb3p+9, 0x1.11a2e13f4a98bp+9, 0x1.1844c64fdb09ap+9, 
    0x1.1b3578ab0c88ap+9, 0x1.240a45a1cac08p+9, 0x1.29a72a5a469d7p+9, 
    0x1.338040af1cb8ap+9, 0x1.40cafb549f948p+9, 0x1.48f0cac4b4d05p+9, 
    0x1.5229a3e39f773p+9, 0x1.5cef9e0e73605p+9, 0x1.6c181ae70c133p+9, 
    0x1.7c5abc408d8edp+9, 0x1.87ad6273929edp+9, 0x1.bb08b76f6d762p+9, 
    0x1.c4dffe86833c6p+9, 0x1.cbc2134480629p+9, 0x1.d8b16bfca85cbp+9, 
    0x1.e1cfcb039ef0fp+9, 0x1.ec548f32378abp+9, 0x1.b528d666a9824p+9, 
    0x1.b78c1815a07b3p+9, 0x1.beef0fd7e458p+9, 0x1.beee9e774eebfp+9, 
    0x1.c125e12a51e32p+9, 0x1.c9a42cc2d6a9cp+9, 0x1.d1c2d55a3a084p+9, 
    0x1.d47dd68405b3ap+9, 0x1.e135f76a2f48cp+9, 0x1.d87901fb82c2cp+9, 
    0x1.f04263e07a28cp+9, 0x1.d38978ee28672p+9, 0x1.e5982d40aaebp+9, 
    0x1.eeda96feb4a66p+9, 0x1.f2a40a84be404p+9, 0x1.fc2eb2d0a2446p+9, 
    0x1.da9ae8d10f51bp+9, 0x1.df0cd0edc3bd6p+9, 0x1.f71d715c63ae2p+9, 
    0x1.01f793708aac9p+10, 0x1.0c95c8b0079a3p+10, 0x1.0f6fdc7abfb9cp+10, 
    0x1.010f31769a911p+10, 0x1.0bc0bdf090f73p+10, 0x1.083b551d68c69p+10, 
    0x1.11eebf8769ec3p+10, 0x1.10a0ed45e9186p+10, 0x1.08b893e5fb72p+10, 
    0x1.1521f91600f34p+10, 0x1.1779e4712e408p+10, 0x1.1bfd947064ecfp+10, 
    0x1.2d344538ef34dp+10, 0x1.37e4e86c6583fp+10, 0x1.3638d47bedb73p+10, 
    0x1.447f8cc9a77e6p+10, 0x1.5036ca25529fep+10, 0x1.4c829378ee286p+10, 
    0x1.56022617c1bdap+10, 0x1.59ba21c475e63p+10, 0x1.60cfaf6837f7cp+10, 
    0x1.68dab84988095p+10, 0x1.68ec04d551d69p+10, 0x1.658b539b88872p+10, 
    0x1.6826c82e019b1p+10, 0x1.7dcace5710881p+10, 0x1.13cb99f1ae2dap+10, 
    0x1.283a2ea0fd3b3p+10, 0x1.48ff5c39bcba3p+10, 0x1.53caea9e6eeb7p+10, 
    0x1.6127937d1fe65p+10, 0x1.a185f11b60ae9p+10, 0x1.b9453dc486ad3p+10, 
    0x1.c11103fb37436p+10, 0x1.e0cae820e6299p+10, 0x1.f2f0a122fad6dp+10, 
    0x1.e945130164841p+10, 0x1.f1df56191149p+10, 0x1.f833b52c9d17p+10, 
    0x1.005e5a5332adp+11, 0x1.047c5cd91eeaap+11, 0x1.ffeff4b1ee243p+10, 
    0x1.0da27644955b4p+11, 0x1.12516b50b0f28p+11, 0x1.1781e33ce63a6p+11, 
    0x1.2300b636f3b21p+11, 0x1.1bb339dc2f406p+11)), class = "data.frame", row.names = c(NA, 
-122L))
