structure(list(period_id = c("1995Q1", "1995Q2", "1995Q3", "1995Q4", 
"1996Q1", "1996Q2", "1996Q3", "1996Q4", "1997Q1", "1997Q2", "1997Q3", 
"1997Q4", "1998Q1", "1998Q2", "1998Q3", "1998Q4", "1999Q1", "1999Q2", 
"1999Q3", "1999Q4", "2000Q1", "2000Q2", "2000Q3", "2000Q4", "2001Q1", 
"2001Q2", "2001Q3", "2001Q4", "2002Q1", "2002Q2", "2002Q3", "2002Q4", 
"2003Q1", "2003Q2", "2003Q3", "2003Q4", "2004Q1", "2004Q2", "2004Q3", 
"2004Q4", "2005Q1", "2005Q2", "2005Q3", "2005Q4", "2006Q1", "2006Q2", 
"2006Q3", "2006Q4", "2007Q1", "2007Q2", "2007Q3", "2007Q4", "2008Q1", 
"2008Q2", "2008Q3", "2008Q4", "2009Q1", "2009Q2", "2009Q3", "2009Q4", 
"2010Q1", "2010Q2", "2010Q3", "2010Q4", "2011Q1", "2011Q2", "2011Q3", 
"2011Q4", "2012Q1", "2012Q2", "2012Q3", "2012Q4", "2013Q1", "2013Q2", 
"2013Q3", "2013Q4", "2014Q1", "2014Q2", "2014Q3", "2014Q4", "2015Q1", 
"2015Q2", "2015Q3", "2015Q4", "2016Q1", "2016Q2", "2016Q3", "2016Q4", 
"2017Q1", "2017Q2", "2017Q3", "2017Q4", "2018Q1", "2018Q2", "2018Q3", 
"2018Q4", "2019Q1", "2019Q2", "2019Q3", "2019Q4", "2020Q1", "2020Q2", 
"2020Q3", "2020Q4", "2021Q1", "2021Q2", "2021Q3", "2021Q4", "2022Q1", 
"2022Q2", "2022Q3", "2022Q4", "2023Q1", "2023Q2", "2023Q3", "2023Q4", 
"2024Q1", "2024Q2", "2024Q3", "2024Q4"), value = c(0x1.ba8ce1c58255bp+6, 
0x1.dde13b5bf6a0ep+6, 0x1.f813a3ec02f3p+6, 0x1.09c7542a23cp+7, 
0x1.1d69f05ea24ccp+7, 0x1.1c6ddaad602p+7, 0x1.1452493c89f41p+7, 
0x1.1b534c1a8ac5cp+7, 0x1.0d434267839cep+7, 0x1.0836bc1eff9f8p+7, 
0x1.0a2537e2c55c9p+7, 0x1.00089e98dcdb3p+7, 0x1.000aaf5771002p+7, 
0x1.01fb76d549731p+7, 0x1.18298eb895076p+7, 0x1.1f72f2f9874p+7, 
0x1.35c49081c2e34p+7, 0x1.4c2959e625636p+7, 0x1.51a08f861a60dp+7, 
0x1.6050c38f36695p+7, 0x1.78f4d96206855p+7, 0x1.7bcf64f11b60bp+7, 
0x1.822ea9c560c7cp+7, 0x1.99699e30014f9p+7, 0x1.87491dffc547ap+7, 
0x1.91ac6ac215b9ap+7, 0x1.8dd16bb98c7e3p+7, 0x1.8721ada76d97bp+7, 
0x1.9e01083dbc233p+7, 0x1.a72dfa22706d5p+7, 0x1.bc53c621b7e0bp+7, 
0x1.dd9e59af9ebeap+7, 0x1.e5e53d640e9d5p+7, 0x1.f4d163fdd65a1p+7, 
0x1.06c25b749adc9p+8, 0x1.05d12cadddf44p+8, 0x1.09ee1b2a27f1bp+8, 
0x1.0f593671ac14cp+8, 0x1.121c72d1aeb3ep+8, 0x1.15546b9c304cdp+8, 
0x1.1b87b7952d235p+8, 0x1.1cc7bc5de9c02p+8, 0x1.1e190092ccf6cp+8, 
0x1.27c23315d701ep+8, 0x1.3729d35653c9bp+8, 0x1.4a8f9702e6645p+8, 
0x1.50dc904f6dfc6p+8, 0x1.4b251fc4c1659p+8, 0x1.557e0bf5d7881p+8, 
0x1.4d75bb4916ca4p+8, 0x1.68f7c0d2c386dp+8, 0x1.7d3d0dae3e6c5p+8, 
0x1.8986ab4741073p+8, 0x1.b39ad03d9a954p+8, 0x1.444c0d4dc65c7p+8, 
0x1.aa36e1cde5d18p+8, 0x1.a92f606b7aa26p+8, 0x1.9742f262888b5p+8, 
0x1.9b0b16a055758p+8, 0x1.a9c94163779eap+8, 0x1.a06923704790cp+8, 
0x1.a715f31f46ed2p+8, 0x1.ab928bf3bea92p+8, 0x1.af22e2328f9f4p+8, 
0x1.b6245baf533f4p+8, 0x1.b4bdd8b60f1b2p+8, 0x1.b482fa2f05a71p+8, 
0x1.57e2e2328f9f4p+8, 0x1.6082757928e0dp+8, 0x1.4fba77a2cecc8p+8, 
0x1.41302352eb5f6p+8, 0x1.3fcdbb8c32a8dp+8, 0x1.3a4a294141e9bp+8, 
0x1.314f02a3486fp+8, 0x1.3843e20ccff22p+8, 0x1.28b1b21c475e6p+8, 
0x1.2c06a53fc0097p+8, 0x1.45ee2f9ca5bd9p+8, 0x1.45fd0aed99cbfp+8, 
0x1.3e147baa9b49ap+8, 0x1.47316ba8c5868p+8, 0x1.41091b3f20a74p+8, 
0x1.4d3e8f7db6e5p+8, 0x1.628b07d0aed9ap+8, 0x1.5684bef8ceb35p+8, 
0x1.4c85f7c6759abp+8, 0x1.4e146f36ef805p+8, 0x1.3f68f9b13165dp+8, 
0x1.426d9791819d2p+8, 0x1.5fa6923e5b856p+8, 0x1.5accac18f81e9p+8, 
0x1.69fcbe7296f65p+8, 0x1.6d578fabda0ep+8, 0x1.63d294dd72368p+8, 
0x1.87ef3bfb58d15p+8, 0x1.8d1a4f227d029p+8, 0x1.8f00826aa8eb4p+8, 
0x1.8a74b04ab606bp+8, 0x1.929524f227d03p+8, 0x1.8bab0ec311623p+8, 
0x1.8672a2e3c536dp+8, 0x1.99561bd1ed9ep+8, 0x1.95598dac258d6p+8, 
0x1.a2f198288051dp+8, 0x1.c55e8b6d86ec1p+8, 0x1.d32b3c3e74afdp+8, 
0x1.e23e88df3732ap+8, 0x1.e9c6eddce7cdp+8, 0x1.f8c9d31337eb3p+8, 
0x1.fe025204af923p+8, 0x1.04d7b46fdeb53p+9, 0x1.031ff2a9d627cp+9, 
0x1.569e919695d92p+9, 0x1.4db2310dbf056p+9, 0x1.547b88a04d12p+9, 
0x1.60520fc2eba28p+9, 0x1.b1bbff47735c2p+9, 0x1.653ae6afcce1cp+9, 
0x1.642def06b3786p+9, 0x1.65551d25aab47p+9)), class = "data.frame", row.names = c(NA, 
-120L))
