structure(list(period_id = c("2000", "2001", "2002", "2003", 
"2004", "2005", "2006", "2007", "2008", "2009", "2010", "2011", 
"2012", "2013", "2014", "2015", "2016", "2017", "2018", "2019", 
"2020", "2021", "2022"), value = c(NA, NA, NA, NA, NA, NA, NA, 
NA, NA, NA, NA, NA, NA, NA, NA, NA, NA, NA, 0x1.c35c39799e519p+9, 
0x1.0c23f69014b5ap+10, 0x1.1cb7aeb80ecfap+10, 0x1.80019392189bep+10, 
0x1.d1924628027d9p+10)), class = "data.frame", row.names = c(NA, 
-23L))
