structure(list(period_id = c("2010M01", "2010M02", "2010M03", 
"2010M04", "2010M05", "2010M06", "2010M07", "2010M08", "2010M09", 
"2010M10", "2010M11", "2010M12", "2011M01", "2011M02", "2011M03", 
"2011M04", "2011M05", "2011M06", "2011M07", "2011M08", "2011M09", 
"2011M10", "2011M11", "2011M12", "2012M01", "2012M02", "2012M03", 
"2012M04", "2012M05", "2012M06", "2012M07", "2012M08", "2012M09", 
"2012M10", "2012M11", "2012M12", "2013M01", "2013M02", "2013M03", 
"2013M04", "2013M05", "2013M06", "2013M07", "2013M08", "2013M09", 
"2013M10", "2013M11", "2013M12", "2014M01", "2014M02", "2014M03", 
"2014M04", "2014M05", "2014M06", "2014M07", "2014M08", "2014M09", 
"2014M10", "2014M11", "2014M12", "2015M01", "2015M02", "2015M03", 
"2015M04", "2015M05", "2015M06", "2015M07", "2015M08", "2015M09", 
"2015M10", "2015M11", "2015M12", "2016M01", "2016M02", "2016M03", 
"2016M04", "2016M05", "2016M06", "2016M07", "2016M08", "2016M09", 
"2016M10", "2016M11", "2016M12", "2017M01", "2017M02", "2017M03", 
"2017M04", "2017M05", "2017M06", "2017M07", "2017M08", "2017M09", 
"2017M10", "2017M11", "2017M12", "2018M01", "2018M02", "2018M03", 
"2018M04", "2018M05", "2018M06", "2018M07", "2018M08", "2018M09", 
"2018M10", "2018M11", "2018M12", "2019M01", "2019M02", "2019M03", 
"2019M04", "2019M05", "2019M06", "2019M07", "2019M08", "2019M09", 
"2019M10", "2019M11", "2019M12", "2020M01", "2020M02", "2020M03", 
"2020M04", "2020M05", "2020M06", "2020M07", "2020M08", "2020M09", 
"2020M10", "2020M11", "2020M12", "2021M01", "2021M02", "2021M03", 
"2021M04", "2021M05", "2021M06", "2021M07", "2021M08", "2021M09", 
"2021M10", "2021M11", "2021M12", "2022M01", "2022M02", "2022M03", 
"2022M04", "2022M05", "2022M06", "2022M07", "2022M08", "2022M09", 
"2022M10", "2022M11", "2022M12", "2023M01", "2023M02", "2023M03", 
"2023M04", "2023M05", "2023M06", "2023M07", "2023M08", "2023M09", 
"2023M10", "2023M11", "2023M12", "2024M01", "2024M02", "2024M03", 
"2024M04", "2024M05", "2024M06", "2024M07", "2024M08", "2024M09", 
"2024M10", "2024M11", "2024M12", "2025M01", "2025M02", "2025M03", 
"2025M04"), value = c(0x1.902d24c5eb417p+6, 0x1.8f45f3af9005ep+6, 
0x1.8f246d18d45a6p+6, 0x1.926818d5b9e42p+6, 0x1.917801b636b98p+6, 
0x1.8e8c24bf62202p+6, 0x1.8ed1436875b3ap+6, 0x1.8f507fd6c4d13p+6, 
0x1.8f20b8b4a4648p+6, 0x1.912e3fc332ddep+6, 0x1.8fac47bcde91cp+6, 
0x1.90895e519d553p+6, 0x1.8eb7b84c3eec3p+6, 0x1.8decdcefedfc2p+6, 
0x1.8cdbaf0e87492p+6, 0x1.8b400f223bd54p+6, 0x1.8a386cc427a9ep+6, 
0x1.8c14f965d6df2p+6, 0x1.8e155459a6941p+6, 0x1.8b89261549db5p+6, 
0x1.8d3c56c019c6ep+6, 0x1.8a6a8f42f729bp+6, 0x1.87f50c305f49ap+6, 
0x1.8ab3f97de8b64p+6, 0x1.87ffe39b40962p+6, 0x1.872164586072p+6, 
0x1.873d0759b6435p+6, 0x1.83515343073e7p+6, 0x1.8253b1c758308p+6, 
0x1.82f1b0aa5770fp+6, 0x1.7f7317bae64p+6, 0x1.7caf9a0f3ab4ep+6, 
0x1.7a56ebf173b9dp+6, 0x1.776b838e643ebp+6, 0x1.78b2b53723ec2p+6, 
0x1.73ac37492efp+6, 0x1.75464995e09cep+6, 0x1.743b525082b71p+6, 
0x1.72f0d8f36c405p+6, 0x1.73519b1e164e6p+6, 0x1.735dd455a860cp+6, 
0x1.736d6802391cbp+6, 0x1.6fbe119abde7dp+6, 0x1.71b00e0d933e4p+6, 
0x1.71314d113b229p+6, 0x1.71eeb21de811ep+6, 0x1.72d54c66c9298p+6, 
0x1.72238205a4e53p+6, 0x1.717a62a4ac46ep+6, 0x1.74ffffe892ef1p+6, 
0x1.75589839ac307p+6, 0x1.735efa6cf62cep+6, 0x1.75de5ed31829fp+6, 
0x1.75cdf202835c5p+6, 0x1.77c772b1c064dp+6, 0x1.7a3dae6086c4fp+6, 
0x1.7943bcd53ee48p+6, 0x1.7a9ad68c2bb57p+6, 0x1.7c3094a24589p+6, 
0x1.79e3e56dbdab5p+6, 0x1.7c807bd0666f6p+6, 0x1.7cf0dc66752e5p+6, 
0x1.7b11a79277aa3p+6, 0x1.7e21da3f50137p+6, 0x1.7f4c1c162fd9fp+6, 
0x1.7e622331341e6p+6, 0x1.81a3d98083185p+6, 0x1.82a3bf846bea4p+6, 
0x1.81c0e1a9e9ba8p+6, 0x1.84ca758f94589p+6, 0x1.852368abd0581p+6, 
0x1.88f0a572ebe7cp+6, 0x1.85cfdb90edc42p+6, 0x1.895ec4a4fa951p+6, 
0x1.8e4324317b4c1p+6, 0x1.8e9716a695559p+6, 0x1.8ee8fb1aeca03p+6, 
0x1.8d3bba9c8cdfcp+6, 0x1.8f9516ddcedfbp+6, 0x1.8fa947eead9e9p+6, 
0x1.94599aa263e69p+6, 0x1.942e492bcac4cp+6, 0x1.942490a15d442p+6, 
0x1.934334a9116fcp+6, 0x1.988cd0bbee053p+6, 0x1.980848f5fcb49p+6, 
0x1.99d16203bec61p+6, 0x1.9e005843b2bc8p+6, 0x1.9d913b8458d22p+6, 
0x1.a53c202282edap+6, 0x1.a590ab1232667p+6, 0x1.a66eeb134b881p+6, 
0x1.a95c9b5cfad38p+6, 0x1.ada32dd98585fp+6, 0x1.ae4dac5aa60a4p+6, 
0x1.b22b0a2e65043p+6, 0x1.b387d9c015163p+6, 0x1.b31c2268c82efp+6, 
0x1.b41239b08dee7p+6, 0x1.b5affc2a27547p+6, 0x1.b92b3f1b27c52p+6, 
0x1.b9d9db006e8cbp+6, 0x1.bc3ee6da23fcep+6, 0x1.be0bbf204a194p+6, 
0x1.c057aa434f70cp+6, 0x1.be6eb1a0a68ffp+6, 0x1.c3fce6be7af61p+6, 
0x1.c6a58a20808bp+6, 0x1.c97e2daaa882ep+6, 0x1.cab5e9c05dc54p+6, 
0x1.ca20705ccec45p+6, 0x1.ce779f43fa469p+6, 0x1.cea8b38ab6b62p+6, 
0x1.cd6df518fc8ffp+6, 0x1.cf7a051a42b7cp+6, 0x1.d399c8d0e23bp+6, 
0x1.d4e853ef1a002p+6, 0x1.d79c05114941p+6, 0x1.d935ce65d365fp+6, 
0x1.dcd806d8dbfb3p+6, 0x1.def736484df69p+6, 0x1.e1c37f44bfbffp+6, 
0x1.e72b87b06ece6p+6, 0x1.e23913f420c5dp+6, 0x1.c781eef2f8a3fp+6, 
0x1.d23e397ff673bp+6, 0x1.db29df8ddcfc4p+6, 0x1.df5a18161a19p+6, 
0x1.e3928158b9589p+6, 0x1.e9c2de075936ap+6, 0x1.edecd2b432459p+6, 
0x1.eca904d21adefp+6, 0x1.f0c9e99069846p+6, 0x1.f46d7990eec28p+6, 
0x1.f7bd611d4e66cp+6, 0x1.01b0897423c22p+7, 0x1.00947aaa56cep+7, 
0x1.0227616dfddeap+7, 0x1.fea8cdd52a255p+6, 0x1.00ec6bc8026fdp+7, 
0x1.fd2da58fcd97fp+6, 0x1.fb4f98ca3f4f1p+6, 0x1.f8818bee3a755p+6, 
0x1.00b3cbb2cf5bfp+7, 0x1.fece68b44f83cp+6, 0x1.eb415c1b9e6fbp+6, 
0x1.f9f4cd7d115bcp+6, 0x1.017e35c6471ffp+7, 0x1.fed75d2693a13p+6, 
0x1.edd2c730d4f7fp+6, 0x1.edce3560b68b3p+6, 0x1.eef8790d9d964p+6, 
0x1.f4bf781d2582fp+6, 0x1.f3af560d800f5p+6, 0x1.f3c3690366931p+6, 
0x1.019a4e0849906p+7, 0x1.f561515092a3fp+6, 0x1.00d5d755da64dp+7, 
0x1.0250e9340a5dp+7, 0x1.02aee43d958d7p+7, 0x1.0459e215e74d7p+7, 
0x1.032bf7cacc4aap+7, 0x1.05d1864602474p+7, 0x1.03370d08bbab3p+7, 
0x1.0486a36566c93p+7, 0x1.05454218c6911p+7, 0x1.0789a1a32d5cep+7, 
0x1.068bc8e75fc58p+7, 0x1.33350929a8e76p+7, 0x1.08976e259569p+7, 
0x1.090bf23d82e67p+7, 0x1.085e1c11668d6p+7, 0x1.0a0425f53a6c6p+7, 
0x1.0a806f33056f1p+7, 0x1.0ae7795a9c64fp+7, 0x1.0d65b4274815cp+7, 
0x1.0cc690b6e06d8p+7, 0x1.0e6aa1e2a7b71p+7, 0x1.0e7a928b98f76p+7, 
0x1.0db917074b4b9p+7, 0x1.34caaa5862412p+7, 0x1.122215838deb7p+7, 
0x1.127b7ca82167fp+7, 0x1.1383be5286488p+7)), class = "data.frame", row.names = c(NA, 
-184L))
