structure(list(period_id = c("1999Q1", "1999Q2", "1999Q3", "1999Q4", 
"2000Q1", "2000Q2", "2000Q3", "2000Q4", "2001Q1", "2001Q2", "2001Q3", 
"2001Q4", "2002Q1", "2002Q2", "2002Q3", "2002Q4", "2003Q1", "2003Q2", 
"2003Q3", "2003Q4", "2004Q1", "2004Q2", "2004Q3", "2004Q4", "2005Q1", 
"2005Q2", "2005Q3", "2005Q4", "2006Q1", "2006Q2", "2006Q3", "2006Q4", 
"2007Q1", "2007Q2", "2007Q3", "2007Q4", "2008Q1", "2008Q2", "2008Q3", 
"2008Q4", "2009Q1", "2009Q2", "2009Q3", "2009Q4", "2010Q1", "2010Q2", 
"2010Q3", "2010Q4", "2011Q1", "2011Q2", "2011Q3", "2011Q4", "2012Q1", 
"2012Q2", "2012Q3", "2012Q4", "2013Q1", "2013Q2", "2013Q3", "2013Q4", 
"2014Q1", "2014Q2", "2014Q3", "2014Q4", "2015Q1", "2015Q2", "2015Q3", 
"2015Q4", "2016Q1", "2016Q2", "2016Q3", "2016Q4", "2017Q1", "2017Q2", 
"2017Q3", "2017Q4", "2018Q1", "2018Q2", "2018Q3", "2018Q4", "2019Q1", 
"2019Q2", "2019Q3", "2019Q4", "2020Q1", "2020Q2", "2020Q3", "2020Q4", 
"2021Q1", "2021Q2", "2021Q3", "2021Q4", "2022Q1", "2022Q2", "2022Q3", 
"2022Q4", "2023Q1", "2023Q2", "2023Q3", "2023Q4", "2024Q1", "2024Q2", 
"2024Q3", "2024Q4", "2025Q1"), value = c(0x1.0a111ada76d98p+1, 
0x1.a7e4cd7492791p+0, 0x1.ad8676a7264a1p+0, 0x1.1bde050374ff8p+1, 
0x1.712c40d0aaa7ep+1, 0x1.2a1de69ad42c4p+2, 0x1.327210be9424ep+1, 
0x1.3457c0b135979p+2, 0x1.cb43e963dc487p+0, 0x1.b103b81b64e05p+1, 
0x1.1dc947064eceap+3, 0x1.4e6994185058ep+3, 0x1.5a0d349be8ff3p+2, 
0x1.5a1a261bf37b9p+2, 0x1.61ffd60e94ee4p+2, 0x1.b20520d130dfap+2, 
0x1.898de6ddf00acp+2, 0x1.3a05ab3aabcd8p+2, 0x1.a492c061847f5p+2, 
0x1.13d7a13c254a4p+3, 0x1.fed5f56a7ac82p+2, 0x1.bca224edf6124p+4, 
0x1.fc254e6e221c9p+3, 0x1.6e755cd91eeaap+4, 0x1.462dcb1465e89p+2, 
0x1.942938de6ddfp+3, 0x1.05bfa3b9ae0c1p+4, 0x1.adf151e75360dp+3, 
0x1.bb3e920c069e8p+1, 0x1.a69ad42c3c9efp+4, 0x1.d1be1a8262457p+1, 
0x1.7374c1a8ac5c1p+5, 0x1.06963886594afp+4, 0x1.703b5393250b5p+2, 
0x1.5bdfd694ccab4p+3, 0x1.09e4dc22ab25bp+6, 0x1.889aaa3ad18d2p+0, 
0x1.fbf5558212945p+3, 0x1.bf2baade657b8p+4, 0x1.5f55a63f9a49cp+6, 
0x1.1478a6dacabc5p+4, 0x1.678154434e337p+6, 0x1.657b7739f340dp+4, 
0x1.3d51abd1aa822p+6, 0x1.1c15f45e0b4e1p+4, 0x1.3378194c01605p+4, 
0x1.5b2d0c3d25248p+5, 0x1.5729c0229a5ecp+6, 0x1.c4b09635610aep+3, 
0x1.8d231f8a0902ep+4, 0x1.390a12f901084p+5, 0x1.41c64f97edc7fp+6, 
0x1.7c29531550ca2p+4, 0x1.26ab1572580c3p+5, 0x1.1eebc72e275abp+6, 
0x1.a6f43b70ef566p+6, 0x1.2986cebbba55dp+5, 0x1.53035f8099179p+5, 
0x1.5795d744f5d35p+6, 0x1.ffe95e5aff2a1p+7, 0x1.d8db05faebc41p+5, 
0x1.96146ae3a3a8ep+6, 0x1.5712116659d13p+7, 0x1.75c3e48a58b3fp+7, 
0x1.1ef10c2c5e2cep+6, 0x1.fb888effe2a3dp+6, 0x1.48b2391d57ffap+7, 
0x1.5722779207d4ep+8, 0x1.1ff3a2595bbbfp+4, 0x1.8b4894c447c31p+3, 
0x1.6461ed5ae1cdep+2, 0x1.37bc44bf4cb19p+3, 0x1.937f1b6912125p+2, 
0x1.cf538ef34d6a1p+2, 0x1.0605ab3aabcd8p+4, 0x1.285786c22680ap+6, 
0x1.1026a6e32e382p+6, 0x1.344395810624ep+4, 0x1.1a3eae5bc87dbp+4, 
0x1.7bdaffb04ee7cp+6, 0x1.00bfac1d29dc7p+6, 0x1.cedad9f0a1be3p+5, 
0x1.99290de093533p+5, 0x1.80082cf52b90ap+6, 0x1.59ea77a2cecc8p+4, 
0x1.44dd55e6bc622p+5, 0x1.5b2e4b87bdcfp+5, 0x1.0e06c28b2a6b1p+7, 
0x1.b94d3bf2f5558p+4, 0x1.38d8e219652bdp+6, 0x1.e2e593a2df938p+6, 
0x1.58653bafd977p+7, 0x1.2319ea57214fp+5, 0x1.30b5e37585be2p+7, 
0x1.665d744f5d356p+6, 0x1.af77d0d0678cp+7, 0x1.d204d8fd5cb79p+5, 
0x1.6bad912556d1ap+6, 0x1.4fd5d50a88fp+7, 0x1.325125aab4741p+8, 
0x1.2bf8611fd5886p+5, 0x1.6432fe3f359ffp+5, 0x1.18d7e9531550dp+6, 
0x1.23541f212d773p+7, 0x1.8f94195cc857fp+4)), class = "data.frame", row.names = c(NA, 
-105L))
