structure(list(period_id = c("1960Q1", "1960Q2", "1960Q3", "1960Q4", 
"1961Q1", "1961Q2", "1961Q3", "1961Q4", "1962Q1", "1962Q2", "1962Q3", 
"1962Q4", "1963Q1", "1963Q2", "1963Q3", "1963Q4", "1964Q1", "1964Q2", 
"1964Q3", "1964Q4", "1965Q1", "1965Q2", "1965Q3", "1965Q4", "1966Q1", 
"1966Q2", "1966Q3", "1966Q4", "1967Q1", "1967Q2", "1967Q3", "1967Q4", 
"1968Q1", "1968Q2", "1968Q3", "1968Q4", "1969Q1", "1969Q2", "1969Q3", 
"1969Q4", "1970Q1", "1970Q2", "1970Q3", "1970Q4", "1971Q1", "1971Q2", 
"1971Q3", "1971Q4", "1972Q1", "1972Q2", "1972Q3", "1972Q4", "1973Q1", 
"1973Q2", "1973Q3", "1973Q4", "1974Q1", "1974Q2", "1974Q3", "1974Q4", 
"1975Q1", "1975Q2", "1975Q3", "1975Q4", "1976Q1", "1976Q2", "1976Q3", 
"1976Q4", "1977Q1", "1977Q2", "1977Q3", "1977Q4", "1978Q1", "1978Q2", 
"1978Q3", "1978Q4", "1979Q1", "1979Q2", "1979Q3", "1979Q4", "1980Q1", 
"1980Q2", "1980Q3", "1980Q4", "1981Q1", "1981Q2", "1981Q3", "1981Q4", 
"1982Q1", "1982Q2", "1982Q3", "1982Q4", "1983Q1", "1983Q2", "1983Q3", 
"1983Q4", "1984Q1", "1984Q2", "1984Q3", "1984Q4", "1985Q1", "1985Q2", 
"1985Q3", "1985Q4", "1986Q1", "1986Q2", "1986Q3", "1986Q4", "1987Q1", 
"1987Q2", "1987Q3", "1987Q4", "1988Q1", "1988Q2", "1988Q3", "1988Q4", 
"1989Q1", "1989Q2", "1989Q3", "1989Q4", "1990Q1", "1990Q2", "1990Q3", 
"1990Q4", "1991Q1", "1991Q2", "1991Q3", "1991Q4", "1992Q1", "1992Q2", 
"1992Q3", "1992Q4", "1993Q1", "1993Q2", "1993Q3", "1993Q4", "1994Q1", 
"1994Q2", "1994Q3", "1994Q4", "1995Q1", "1995Q2", "1995Q3", "1995Q4", 
"1996Q1", "1996Q2", "1996Q3", "1996Q4", "1997Q1", "1997Q2", "1997Q3", 
"1997Q4", "1998Q1", "1998Q2", "1998Q3", "1998Q4", "1999Q1", "1999Q2", 
"1999Q3", "1999Q4", "2000Q1", "2000Q2", "2000Q3", "2000Q4", "2001Q1", 
"2001Q2", "2001Q3", "2001Q4", "2002Q1", "2002Q2", "2002Q3", "2002Q4", 
"2003Q1", "2003Q2", "2003Q3", "2003Q4", "2004Q1", "2004Q2", "2004Q3", 
"2004Q4", "2005Q1", "2005Q2", "2005Q3", "2005Q4", "2006Q1", "2006Q2", 
"2006Q3", "2006Q4", "2007Q1", "2007Q2", "2007Q3", "2007Q4", "2008Q1", 
"2008Q2", "2008Q3", "2008Q4", "2009Q1", "2009Q2", "2009Q3", "2009Q4", 
"2010Q1", "2010Q2", "2010Q3", "2010Q4", "2011Q1", "2011Q2", "2011Q3", 
"2011Q4", "2012Q1", "2012Q2", "2012Q3", "2012Q4", "2013Q1", "2013Q2", 
"2013Q3", "2013Q4", "2014Q1", "2014Q2", "2014Q3", "2014Q4", "2015Q1", 
"2015Q2", "2015Q3", "2015Q4", "2016Q1", "2016Q2", "2016Q3", "2016Q4", 
"2017Q1", "2017Q2", "2017Q3", "2017Q4", "2018Q1", "2018Q2", "2018Q3", 
"2018Q4", "2019Q1", "2019Q2", "2019Q3", "2019Q4", "2020Q1", "2020Q2", 
"2020Q3", "2020Q4", "2021Q1", "2021Q2", "2021Q3", "2021Q4", "2022Q1", 
"2022Q2", "2022Q3", "2022Q4", "2023Q1", "2023Q2", "2023Q3", "2023Q4", 
"2024Q1", "2024Q2", "2024Q3", "2024Q4", "2025Q1", "2025Q2", "2025Q3", 
"2025Q4", "2026Q1", "2026Q2", "2026Q3", "2026Q4"), value = c(0x1.6437672683189p+1, 
0x1.6437672683189p+1, 0x1.6437672683189p+1, 0x1.6437672683189p+1, 
0x1.6437672683189p+1, 0x1.6437672683189p+1, 0x1.6437672683189p+1, 
0x1.6437672683189p+1, 0x1.6437672683189p+1, 0x1.6437672683189p+1, 
0x1.6437672683189p+1, 0x1.6437672683189p+1, 0x1.6437672683189p+1, 
0x1.6437672683189p+1, 0x1.6437672683189p+1, 0x1.6437672683189p+1, 
0x1.6437672683189p+1, 0x1.6437672683189p+1, 0x1.5e3831b25caf5p+1, 
0x1.5e3831b25caf5p+1, 0x1.5e3831b25caf5p+1, 0x1.5e3831b25caf5p+1, 
0x1.5e3831b25caf5p+1, 0x1.5e3831b25caf5p+1, 0x1.5e3831b25caf5p+1, 
0x1.5e3831b25caf5p+1, 0x1.6037ee2e697d1p+1, 0x1.6437672683189p+1, 
0x1.669d7c882c0e1p+1, 0x1.67d0873900899p+1, 0x1.6d6963c78ac9ap+1, 
0x1.7035d20ecfe9bp+1, 0x1.7035d20ecfe9bp+1, 0x1.7035d20ecfe9bp+1, 
0x1.7035d20ecfe9bp+1, 0x1.7035d20ecfe9bp+1, 0x1.77681233cacdp+1, 
0x1.91cafd660d678p+1, 0x1.91cafd660d678p+1, 0x1.91cafd660d678p+1, 
0x1.91cafd660d678p+1, 0x1.91cafd660d678p+1, 0x1.8cfed2a2bb79bp+1, 
0x1.96fd810efb7d1p+1, 0x1.aafadde77b853p+1, 0x1.aafadde77b853p+1, 
0x1.aafadde77b853p+1, 0x1.aafadde77b853p+1, 0x1.aafadde77b853p+1, 
0x1.aafadde77b853p+1, 0x1.aafadde77b853p+1, 0x1.aafadde77b853p+1, 
0x1.aafadde77b853p+1, 0x1.aafadde77b853p+1, 0x1.e6f2f470fb9c1p+1, 
0x1.02777fdaddd3cp+2, 0x1.2f24ce15c8c67p+3, 0x1.2f24ce15c8c67p+3, 
0x1.2f24ce15c8c67p+3, 0x1.4ea0a6b7926c9p+3, 0x1.4ea0a6b7926c9p+3, 
0x1.4ea0a6b7926c9p+3, 0x1.4ea0a6b7926c9p+3, 0x1.4ea0a6b7926c9p+3, 
0x1.60b7dd4d6cae7p+3, 0x1.6ce974a88797ap+3, 0x1.7e33f97329894p+3, 
0x1.a0c903086d6c9p+3, 0x1.a0c903086d6c9p+3, 0x1.a0c903086d6c9p+3, 
0x1.b3c681a2e70bbp+3, 0x1.bd4540f023ddp+3, 0x1.bd4540f023ddp+3, 
0x1.bd4540f023ddp+3, 0x1.bd4540f023ddp+3, 0x1.bd4540f023ddp+3, 
0x1.d1429dc8a3e68p+3, 0x1.091d05c421ff3p+4, 0x1.7f8d657a18937p+4, 
0x1.ce43030e90b1ep+4, 0x1.0c9c8f9d38674p+5, 0x1.2818ef46e871bp+5, 
0x1.1b9a953f986cap+5, 0x1.105c1105d0691p+5, 0x1.1cda6b0d206d4p+5, 
0x1.17db13d7006bcp+5, 0x1.0ddc656ac067ep+5, 0x1.08dd0e34a0666p+5, 
0x1.d5354ba409fb7p+4, 0x1.04fd91044797bp+5, 0x1.0337668962a15p+5, 
0x1.fb7d0b85325bcp+4, 0x1.bc92255e52966p+4, 0x1.c9d066142767cp+4, 
0x1.d927f97f70123p+4, 0x1.bf38324f7d25fp+4, 0x1.c4bf25b5d8e01p+4, 
0x1.c74a54eabda5p+4, 0x1.b45712673a08bp+4, 0x1.9b3f809c5433fp+4, 
0x1.958a7ecea568fp+4, 0x1.a1a3c77338045p+4, 0x1.a0a6783aef1f7p+4, 
0x1.b5ab6062ae109p+4, 0x1.fdc98aad7448p+3, 0x1.a1628860d7a99p+3, 
0x1.9f95f85798f28p+3, 0x1.cd1cc37a6fbaep+3, 0x1.114b4d9e87082p+4, 
0x1.224f754b4d9e8p+4, 0x1.318bf258bf262p+4, 0x1.1e2fc962fc96cp+4, 
0x1.f81b4e81b4e6fp+3, 0x1.0206d3a06d3aap+4, 0x1.ca22222222235p+3, 
0x1.b222222222235p+3, 0x1.1970a3d70a3d7p+4, 0x1.2d5555555554cp+4, 
0x1.15d0369d03694p+4, 0x1.32d3a06d3a077p+4, 0x1.3ccb54844a09ep+4, 
0x1.008158ed22e9dp+4, 0x1.a7e9b5098dc18p+4, 0x1.040d86fd898aep+5, 
0x1.4c29e1fb753b4p+4, 0x1.2d6789abcf77p+4, 0x1.3e6debd0c6283p+4, 
0x1.49aedcfe230b4p+4, 0x1.1ee2d4de2c794p+4, 0x1.3fe9c9f12546bp+4, 
0x1.41451c2131e88p+4, 0x1.333ff74a2b56dp+4, 0x1.23401c7e70306p+4, 
0x1.24401a8c8224ap+4, 0x1.07c2c0891ee8ap+4, 0x1.e538fd3d06176p+3, 
0x1.bee1034b6ae0cp+3, 0x1.00c04748e789fp+4, 0x1.0c57908700a2bp+4, 
0x1.086b9f388d80bp+4, 0x1.0e00ed5bdae99p+4, 0x1.2153e3e2b563cp+4, 
0x1.03673a3bcb1f6p+4, 0x1.0f4653102e879p+4, 0x1.2922df453933fp+4, 
0x1.37e5750fa2ae7p+4, 0x1.4e3617231ab8fp+4, 0x1.78fddd4758903p+4, 
0x1.534a6205e7d94p+4, 0x1.21956384c3946p+4, 0x1.285e7aab66889p+4, 
0x1.2c18fd78b022cp+4, 0x1.c471a99b0d6fdp+3, 0x1.aca8f7d9bb15ep+3, 
0x1.8f253de3fe513p+3, 0x1.667e309d37d1p+3, 0x1.69a9c6b71fff6p+3, 
0x1.efa2671e5bdb8p+3, 0x1.4995fe9c6abecp+4, 0x1.805b11cb2d6c4p+4, 
0x1.af5c43c71cf42p+4, 0x1.ab418732d5ca8p+4, 0x1.e758bb5d2a6fcp+4, 
0x1.da14a8dec2bafp+4, 0x1.9e4bf6518da7ap+4, 0x1.b3b0ae3e16f82p+4, 
0x1.94fdb4297471p+4, 0x1.3689f274bd716p+4, 0x1.519bf553584f7p+4, 
0x1.91a5e9e280fcp+4, 0x1.af33b91380001p+4, 0x1.abcefb198b923p+4, 
0x1.f6b1bdd7e914fp+4, 0x1.a11142ffb41ecp+4, 0x1.c6713ff3bccefp+4, 
0x1.d65b396e22d7dp+4, 0x1.fe6faa2dd664fp+4, 0x1.1b23535742df8p+5, 
0x1.4ced8792a85b2p+5, 0x1.61002d6494709p+5, 0x1.7d65750fa2ad9p+5, 
0x1.9d1ce88e4cc9p+5, 0x1.ec071f48100e4p+5, 0x1.c7ae1f1258b6fp+5, 
0x1.ee8c2f50897a2p+5, 0x1.165f27987cc8fp+6, 0x1.167cbfcbfc502p+6, 
0x1.ddd54f0fdc73cp+5, 0x1.ce29f3f5d2f7dp+5, 0x1.12b84928f3b8bp+6, 
0x1.2ba69e019cdep+6, 0x1.628fc9aa80072p+6, 0x1.83cea939f2bdp+6, 
0x1.e5e8d68d68993p+6, 0x1.cb0e4910710fbp+6, 0x1.b731237981394p+5, 
0x1.637df2f498879p+5, 0x1.d6798c88dce76p+5, 0x1.114cb5d509facp+6, 
0x1.2a4fbd90cb93p+6, 0x1.31178003ccaaep+6, 0x1.394fa1c5bc9a9p+6, 
0x1.336d63a3072p+6, 0x1.59f2f1f29d1abp+6, 0x1.a3ba2aeb40da7p+6, 
0x1.d53ca531087ddp+6, 0x1.c587231072253p+6, 0x1.b5328c618f3b5p+6, 
0x1.d9c5c314834e3p+6, 0x1.b0d44f307824cp+6, 0x1.b6815d867c3d5p+6, 
0x1.b837b0f4526d8p+6, 0x1.c24bbeb655792p+6, 0x1.99d51f3d7910cp+6, 
0x1.b982f8be03db6p+6, 0x1.b540c2d815fbfp+6, 0x1.b0bd27413af27p+6, 
0x1.b681448f2a23fp+6, 0x1.974d4f5a9b623p+6, 0x1.313a96eca8fbbp+6, 
0x1.aff6eb207fcc4p+5, 0x1.ef5ec57d6b8c5p+5, 0x1.91d9e61a11bb5p+5, 
0x1.5d105f471e88cp+5, 0x1.0f342060bedbcp+5, 0x1.6c254f0b656acp+5, 
0x1.6e4f0dab0939bp+5, 0x1.8bd8e9836bf9bp+5, 0x1.adfd742af6d8fp+5, 
0x1.8e22272d4ed15p+5, 0x1.a0912216c904cp+5, 0x1.eacf1621262bcp+5, 
0x1.0ae679504faep+6, 0x1.2941cff409703p+6, 0x1.2ce7093f3d95fp+6, 
