structure(list(period_id = c("1995Q1", "1995Q2", "1995Q3", "1995Q4", 
"1996Q1", "1996Q2", "1996Q3", "1996Q4", "1997Q1", "1997Q2", "1997Q3", 
"1997Q4", "1998Q1", "1998Q2", "1998Q3", "1998Q4", "1999Q1", "1999Q2", 
"1999Q3", "1999Q4", "2000Q1", "2000Q2", "2000Q3", "2000Q4", "2001Q1", 
"2001Q2", "2001Q3", "2001Q4", "2002Q1", "2002Q2", "2002Q3", "2002Q4", 
"2003Q1", "2003Q2", "2003Q3", "2003Q4", "2004Q1", "2004Q2", "2004Q3", 
"2004Q4", "2005Q1", "2005Q2", "2005Q3", "2005Q4", "2006Q1", "2006Q2", 
"2006Q3", "2006Q4", "2007Q1", "2007Q2", "2007Q3", "2007Q4", "2008Q1", 
"2008Q2", "2008Q3", "2008Q4", "2009Q1", "2009Q2", "2009Q3", "2009Q4", 
"2010Q1", "2010Q2", "2010Q3", "2010Q4", "2011Q1", "2011Q2", "2011Q3", 
"2011Q4", "2012Q1", "2012Q2", "2012Q3", "2012Q4", "2013Q1", "2013Q2", 
"2013Q3", "2013Q4", "2014Q1", "2014Q2", "2014Q3", "2014Q4", "2015Q1", 
"2015Q2", "2015Q3", "2015Q4", "2016Q1", "2016Q2", "2016Q3", "2016Q4", 
"2017Q1", "2017Q2", "2017Q3", "2017Q4", "2018Q1", "2018Q2", "2018Q3", 
"2018Q4", "2019Q1", "2019Q2", "2019Q3", "2019Q4", "2020Q1", "2020Q2", 
"2020Q3", "2020Q4", "2021Q1", "2021Q2", "2021Q3", "2021Q4", "2022Q1", 
"2022Q2", "2022Q3", "2022Q4", "2023Q1", "2023Q2", "2023Q3", "2023Q4", 
"2024Q1", "2024Q2", "2024Q3", "2024Q4"), value = c(0x1.2bc3beec3979ap+10, 
0x1.25e983ba3443dp+10, 0x1.2a420b3919264p+10, 0x1.3bf7e1a3f4667p+10, 
0x1.4e3ba62ed3522p+10, 0x1.5eca752da9867p+10, 0x1.652074213a0c7p+10, 
0x1.6d3044a1f0803p+10, 0x1.75b57e49b1facp+10, 0x1.952b60d4562e1p+10, 
0x1.a528d3996fa83p+10, 0x1.bad078b370047p+10, 0x1.c18cf138bcdffp+10, 
0x1.c2b8e35c5b4abp+10, 0x1.c6a498f605ab4p+10, 0x1.c3a8368f08462p+10, 
0x1.bc7a9bed30f06p+10, 0x1.c521807fed203p+10, 0x1.db7201bc98a22p+10, 
0x1.f6f3cb1897a68p+10, 0x1.0cc708f217093p+11, 0x1.20ad37a3db3cp+11, 
0x1.30cf246173b86p+11, 0x1.46445b78cc9a7p+11, 0x1.51e89b823c85cp+11, 
0x1.57b0e8a71de6ap+11, 0x1.5e11bc7f77af6p+11, 0x1.5d559beb18117p+11, 
0x1.74f3a3e39f773p+11, 0x1.7fa2cde19fc2bp+11, 0x1.8886999fe4367p+11, 
0x1.8fbfce50c5eb3p+11, 0x1.8ca2da8deb0fbp+11, 0x1.9192487980f56p+11, 
0x1.9d6ff1ed17c5fp+11, 0x1.a58b8f42fe825p+11, 0x1.b25403a322af5p+11, 
0x1.ce3c6bd2b6f1ap+11, 0x1.e4f3e598e10cfp+11, 0x1.edbb924d099e1p+11, 
0x1.f91721f8e3ac1p+11, 0x1.07b51028a1dfcp+12, 0x1.16cde014727ddp+12, 
0x1.224beb37867f1p+12, 0x1.2bf882656abdep+12, 0x1.39c838bef8cebp+12, 
0x1.4515ca3619978p+12, 0x1.5a71a2962cfd9p+12, 0x1.69aaebae03b3fp+12, 
0x1.73af845fe1112p+12, 0x1.8122972367e41p+12, 0x1.80878bd87b56cp+12, 
0x1.950ad6b54e2bp+12, 0x1.92f6d23e5b856p+12, 0x1.8fa10acc0bdcbp+12, 
0x1.701890bd87b57p+12, 0x1.3e77382a12f9p+12, 0x1.3c03837931444p+12, 
0x1.408d5bcec84f9p+12, 0x1.4b991a975afbp+12, 0x1.54711e8709742p+12, 
0x1.66a05f3300de5p+12, 0x1.7305c7ee0b0afp+12, 0x1.79546291fb3fap+12, 
0x1.8fa072ca57a78p+12, 0x1.97575cd4ed2ccp+12, 0x1.9739b8769ec2dp+12, 
0x1.9af9721f6cacdp+12, 0x1.9d17c9a027525p+12, 0x1.9ea1f4d6a161ep+12, 
0x1.9d98849774257p+12, 0x1.a0e1638c97529p+12, 0x1.a3cb9000c953ap+12, 
0x1.a6117f04577d9p+12, 0x1.a83bd8fc50481p+12, 0x1.aa8234b72c519p+12, 
0x1.b15a0929aa1d7p+12, 0x1.b65782491afcp+12, 0x1.c4191eeaa6d26p+12, 
0x1.cd0fd1212513bp+12, 0x1.cb7537eb28d86p+12, 0x1.ccf9cb2745bf2p+12, 
0x1.d29cb525460aap+12, 0x1.d93fc0b88ca3ep+12, 0x1.e3de74d8ba40ep+12, 
0x1.e1fc2f6d76252p+12, 0x1.e9dab71327243p+12, 0x1.fb2bfa80cf9e4p+12, 
0x1.0e47923f67f4ep+13, 0x1.11728c28b2a6bp+13, 0x1.1ab7b9a30984ep+13, 
0x1.2624ae6b8305ep+13, 0x1.2812a4d013a93p+13, 0x1.2f7b6e3bcd35bp+13, 
0x1.30b5022c45027p+13, 0x1.3c6ba09246bfp+13, 0x1.3de4aca0c282cp+13, 
0x1.4207a3fb37436p+13, 0x1.3aeacbe37de94p+13, 0x1.3e427acffa7ebp+13, 
0x1.37b83fa5d28dp+13, 0x1.e4c1303e20cdp+12, 0x1.1923af6837f7cp+13, 
0x1.307eb74794eap+13, 0x1.3eddd2cb6417p+13, 0x1.47b376fc9bc77p+13, 
0x1.4f267968d759fp+13, 0x1.778ebbdbe3c1p+13, 0x1.83c2086a4ca4fp+13, 
0x1.a1e0bb84db9c7p+13, 0x1.b0de9e518f3edp+13, 0x1.ade781f2990f3p+13, 
0x1.b0f052d98bf7fp+13, 0x1.a70b97574f723p+13, 0x1.8c5868b6d86ecp+13, 
0x1.a19eb11276fb1p+13, 0x1.a65ef43e963dcp+13, 0x1.a6cab884c6a3cp+13, 
0x1.b13a925aab474p+13, 0x1.affbe7924af0cp+13)), class = "data.frame", row.names = c(NA, 
-120L))
