structure(list(period_id = c("2023M01", "2023M02", "2023M03", 
"2023M04", "2023M05", "2023M06", "2023M07", "2023M08", "2023M09", 
"2023M10", "2023M11", "2023M12", "2024M01", "2024M02", "2024M03", 
"2024M04", "2024M05", "2024M06", "2024M07", "2024M08", "2024M09", 
"2024M10", "2024M11", "2024M12", "2025M01", "2025M02"), value = c(0x1.f5151eb851eb8p+10, 
0x1.f53851eb851ecp+10, 0x1.0407ae147ae14p+11, 0x1.00cd70a3d70a4p+11, 
0x1.031ae147ae148p+11, 0x1.06feb851eb852p+11, 0x1.0191eb851eb85p+11, 
0x1.0436147ae147bp+11, 0x1.03c570a3d70a4p+11, 0x1.06d199999999ap+11, 
0x1.1e95c28f5c28fp+11, 0x1.490a8f5c28f5cp+11, 0x1.112dc28f5c28fp+11, 
0x1.1028p+11, 0x1.141d1eb851eb8p+11, 0x1.1799eb851eb85p+11, 0x1.1801eb851eb85p+11, 
0x1.14dd1eb851eb8p+11, 0x1.1846666666666p+11, 0x1.164947ae147aep+11, 
0x1.15b051eb851ecp+11, 0x1.1b8051eb851ecp+11, 0x1.2ffb851eb851fp+11, 
0x1.543428f5c28f6p+11, 0x1.1eb70a3d70a3dp+11, 0x1.1c247ae147ae1p+11
)), class = "data.frame", row.names = c(NA, -26L))
