structure(list(period_id = c("1995Q1", "1995Q2", "1995Q3", "1995Q4", 
"1996Q1", "1996Q2", "1996Q3", "1996Q4", "1997Q1", "1997Q2", "1997Q3", 
"1997Q4", "1998Q1", "1998Q2", "1998Q3", "1998Q4", "1999Q1", "1999Q2", 
"1999Q3", "1999Q4", "2000Q1", "2000Q2", "2000Q3", "2000Q4", "2001Q1", 
"2001Q2", "2001Q3", "2001Q4", "2002Q1", "2002Q2", "2002Q3", "2002Q4", 
"2003Q1", "2003Q2", "2003Q3", "2003Q4", "2004Q1", "2004Q2", "2004Q3", 
"2004Q4", "2005Q1", "2005Q2", "2005Q3", "2005Q4", "2006Q1", "2006Q2", 
"2006Q3", "2006Q4", "2007Q1", "2007Q2", "2007Q3", "2007Q4", "2008Q1", 
"2008Q2", "2008Q3", "2008Q4", "2009Q1", "2009Q2", "2009Q3", "2009Q4", 
"2010Q1", "2010Q2", "2010Q3", "2010Q4", "2011Q1", "2011Q2", "2011Q3", 
"2011Q4", "2012Q1", "2012Q2", "2012Q3", "2012Q4", "2013Q1", "2013Q2", 
"2013Q3", "2013Q4", "2014Q1", "2014Q2", "2014Q3", "2014Q4", "2015Q1", 
"2015Q2", "2015Q3", "2015Q4", "2016Q1", "2016Q2", "2016Q3", "2016Q4", 
"2017Q1", "2017Q2", "2017Q3", "2017Q4", "2018Q1", "2018Q2", "2018Q3", 
"2018Q4", "2019Q1", "2019Q2", "2019Q3", "2019Q4", "2020Q1", "2020Q2", 
"2020Q3", "2020Q4", "2021Q1", "2021Q2", "2021Q3", "2021Q4", "2022Q1", 
"2022Q2", "2022Q3", "2022Q4", "2023Q1", "2023Q2", "2023Q3", "2023Q4", 
"2024Q1", "2024Q2", "2024Q3"), value = c(0x1.7450d801b4352p+7, 
0x1.825cd9c6b0532p+7, 0x1.8f0541743e964p+7, 0x1.a43659d12cadep+7, 
0x1.b43c8e68e3ef3p+7, 0x1.c4433dd11be6ep+7, 0x1.d144a600b0293p+7, 
0x1.e002bf9830e3dp+7, 0x1.bcdd78a2a90cdp+7, 0x1.fd014d2f5dbbap+7, 
0x1.092aef2c73259p+8, 0x1.0c288f7553693p+8, 0x1.1392abbcb1cc9p+8, 
0x1.15b5eebb341e1p+8, 0x1.19186f36ef805p+8, 0x1.2116bd7f51efbp+8, 
0x1.25e8c319c5a3ep+8, 0x1.32df9ebe9c886p+8, 0x1.3c760e410b631p+8, 
0x1.45056440f2389p+8, 0x1.4ef651f3e89a9p+8, 0x1.5933b3a68b19ap+8, 
0x1.6895a858793dep+8, 0x1.7330c165907d9p+8, 0x1.7e1e4484944edp+8, 
0x1.8ba72fdb8fde3p+8, 0x1.951b4091c0874p+8, 0x1.9f501a8ac5c14p+8, 
0x1.b6ed930be0dedp+8, 0x1.c2b102eec7c95p+8, 0x1.d0205e6ff7dfap+8, 
0x1.e291a9eb2074fp+8, 0x1.e45aaaf35e311p+8, 0x1.f248ddb5525ccp+8, 
0x1.fdb2675147f13p+8, 0x1.0356f9b994e1ap+9, 0x1.096d3ba775fb3p+9, 
0x1.11a2e13f4a98bp+9, 0x1.1844c64fdb09ap+9, 0x1.1b3578ab0c88ap+9, 
0x1.240a45a1cac08p+9, 0x1.29a72a5a469d7p+9, 0x1.338040af1cb8ap+9, 
0x1.40cafb549f948p+9, 0x1.48f0cac4b4d05p+9, 0x1.5229a3e39f773p+9, 
0x1.5cef9e0e73605p+9, 0x1.6c181ae70c133p+9, 0x1.7c5abc408d8edp+9, 
0x1.87ad6273929edp+9, 0x1.bb08b76f6d762p+9, 0x1.c4dffe86833c6p+9, 
0x1.cbc2134480629p+9, 0x1.d8b16bfca85cbp+9, 0x1.e1cfcb039ef0fp+9, 
0x1.ec548f32378abp+9, 0x1.b528d666a9824p+9, 0x1.b78c1815a07b3p+9, 
0x1.beef0fd7e458p+9, 0x1.beee9e774eebfp+9, 0x1.c151a1016ce79p+9, 
0x1.c9de88df3732ap+9, 0x1.d116a10e02214p+9, 0x1.d4f46234a87e4p+9, 
0x1.e1726833c6003p+9, 0x1.d9003f141205cp+9, 0x1.eeda85f4a1273p+9, 
0x1.d44cec7c957cdp+9, 0x1.e61796bfca85dp+9, 0x1.ef43b8bac710dp+9, 
0x1.f1c9e2ef4e011p+9, 0x1.fc11b6aa4b988p+9, 0x1.db3830b9dc2f4p+9, 
0x1.df6d9780baa58p+9, 0x1.f7184aa53fc01p+9, 0x1.01e4265add9c2p+10, 
0x1.0ca073647baaap+10, 0x1.0f47f91e646f1p+10, 0x1.016daaac1094ap+10, 
0x1.0bcbf954eb13ep+10, 0x1.083f44523f67fp+10, 0x1.11aeeff195033p+10, 
0x1.10ef353b4b2fbp+10, 0x1.08dc94573a798p+10, 0x1.14fe55fbb517ap+10, 
0x1.17758f92af9a9p+10, 0x1.1c632580c309p+10, 0x1.2d1a77fae3609p+10, 
0x1.37adbcdbbe015p+10, 0x1.36637928e0c9ep+10, 0x1.44f05be5d9e41p+10, 
0x1.4ffbca57a786cp+10, 0x1.4c6bc1615ebfbp+10, 0x1.5602930be0dedp+10, 
0x1.5a498db489093p+10, 0x1.60c0ea63b688cp+10, 0x1.68ac23422467cp+10, 
0x1.68a0f55de58e6p+10, 0x1.663c4e379b77cp+10, 0x1.6844ec7863befp+10, 
0x1.7dcd893faf428p+10, 0x1.135ac408d8ec9p+10, 0x1.28b3ecd8dbcedp+10, 
0x1.48e493d5347a6p+10, 0x1.5485343fa2ad4p+10, 0x1.60609da9c9928p+10, 
0x1.a19a6976bc1fp+10, 0x1.b91a8a6117721p+10, 0x1.c353e13f4a98bp+10, 
0x1.df350ddc61954p+10, 0x1.f1e6a07f66e87p+10, 0x1.e914816f0068ep+10, 
0x1.f621a32b12d34p+10, 0x1.f5cf95bff0457p+10, 0x1.fed3fb3311a54p+10, 
0x1.0424cc0379314p+11, 0x1.0098f0c996b76p+11, 0x1.0913419c17226p+11, 
0x1.0e7e2122fad6dp+11)), class = "data.frame", row.names = c(NA, 
-119L))
