structure(list(period_id = c("1995Q1", "1995Q2", "1995Q3", "1995Q4", 
"1996Q1", "1996Q2", "1996Q3", "1996Q4", "1997Q1", "1997Q2", "1997Q3", 
"1997Q4", "1998Q1", "1998Q2", "1998Q3", "1998Q4", "1999Q1", "1999Q2", 
"1999Q3", "1999Q4", "2000Q1", "2000Q2", "2000Q3", "2000Q4", "2001Q1", 
"2001Q2", "2001Q3", "2001Q4", "2002Q1", "2002Q2", "2002Q3", "2002Q4", 
"2003Q1", "2003Q2", "2003Q3", "2003Q4", "2004Q1", "2004Q2", "2004Q3", 
"2004Q4", "2005Q1", "2005Q2", "2005Q3", "2005Q4", "2006Q1", "2006Q2", 
"2006Q3", "2006Q4", "2007Q1", "2007Q2", "2007Q3", "2007Q4", "2008Q1", 
"2008Q2", "2008Q3", "2008Q4", "2009Q1", "2009Q2", "2009Q3", "2009Q4", 
"2010Q1", "2010Q2", "2010Q3", "2010Q4", "2011Q1", "2011Q2", "2011Q3", 
"2011Q4", "2012Q1", "2012Q2", "2012Q3", "2012Q4", "2013Q1", "2013Q2", 
"2013Q3", "2013Q4", "2014Q1", "2014Q2", "2014Q3", "2014Q4", "2015Q1", 
"2015Q2", "2015Q3", "2015Q4", "2016Q1", "2016Q2", "2016Q3", "2016Q4", 
"2017Q1", "2017Q2", "2017Q3", "2017Q4", "2018Q1", "2018Q2", "2018Q3", 
"2018Q4", "2019Q1", "2019Q2", "2019Q3", "2019Q4", "2020Q1", "2020Q2", 
"2020Q3", "2020Q4", "2021Q1", "2021Q2", "2021Q3", "2021Q4", "2022Q1", 
"2022Q2", "2022Q3", "2022Q4", "2023Q1", "2023Q2", "2023Q3", "2023Q4", 
"2024Q1", "2024Q2", "2024Q3", "2024Q4"), value = c(NA, NA, NA, 
NA, 0x1.5d47ef177a701p+3, 0x1.4acd184c272p+3, 0x1.5cb6fc158fb44p+3, 
0x1.8965e679463dp+3, 0x1.d98f7121ab4b7p+3, 0x1.0b17dbf487fccp+4, 
0x1.0bbbd48cb4aedp+4, 0x1.d521986b9c305p+3, 0x1.6f915592d98bfp+3, 
0x1.3fd45a5fc7e6bp+3, 0x1.3ed4067cf1c32p+3, 0x1.64237ef5a964fp+3, 
0x1.b5be1eb4202dap+3, 0x1.ebe82b6284599p+3, 0x1.de80ecfa69be1p+3, 
0x1.8784944ed6fdbp+3, 0x1.066c3547e0696p+3, 0x1.6b5b749adc8fcp+2, 
0x1.26f01322f2735p+2, 0x1.39d6a9c560c7cp+2, 0x1.91f9a49c2c1b1p+2, 
0x1.f4b46fdeb52cap+2, 0x1.21f3387160957p+3, 0x1.37c64fdb09a67p+3, 
0x1.4dac57e23f24ep+3, 0x1.5fc77dd872f34p+3, 0x1.6485db76b3bb8p+3, 
0x1.58a263d816acfp+3, 0x1.4993ad5bee3d6p+3, 0x1.3b19bb2788dbp+3, 
0x1.2e7b30f8c64fep+3, 0x1.23a619da9c993p+3, 0x1.1b3a237cdcca7p+3, 
0x1.1763150dae3e7p+3, 0x1.191635610adcdp+3, 0x1.2002645e4e69fp+3, 
0x1.2c5d701d9f4d3p+3, 0x1.32d48a9bcfd4cp+3, 0x1.30c284dfce315p+3, 
0x1.26c6583e8576dp+3, 0x1.171c4113c6866p+3, 0x1.0b38ed1bf7ad5p+3, 
0x1.0363e8dda48b6p+3, 0x1.fe5f45e0b4e12p+2, 0x1.fd8b97785729bp+2, 
0x1.fcc61d8622c45p+2, 0x1.fb248d7e02646p+2, 0x1.f8be8bc169c24p+2, 
0x1.f72f166e008eap+2, 0x1.fe1fd9ba1b196p+2, 0x1.07982cb20fb22p+3, 
0x1.14eddaceee0f4p+3, 0x1.274f3fd933e36p+3, 0x1.32a24aada33bep+3, 
0x1.33e4430b178b3p+3, 0x1.2b7ec99f1ae2ep+3, 0x1.1704dfce3150ep+3, 
0x1.07c20f6f08cc5p+3, 0x1.f9ad688377186p+2, 0x1.ec8049667b5f2p+2, 
0x1.e8bcdbbe0157fp+2, 0x1.db3c2dadb8349p+2, 0x1.c42656abde3fcp+2, 
0x1.a4281fd9ba1b2p+2, 0x1.7dac1094a2b9dp+2, 0x1.6d01c92ddbdb6p+2, 
0x1.785a14488c60dp+2, 0x1.9e198aeb80edp+2, 0x1.dbf2d7f950b95p+2, 
0x1.06e1bd1ed9dfep+3, 0x1.1732db1e9f278p+3, 0x1.1f5cc857f3062p+3, 
0x1.2144b09e98dcep+3, 0x1.247b7e90ff972p+3, 0x1.28bab862b27ccp+3, 
0x1.2df16d2aa5c5fp+3, 0x1.34dc0fcb4f1e5p+3, 0x1.3c30121682f94p+3, 
0x1.434d8fd5cb791p+3, 0x1.4a33e35c5b4abp+3, 0x1.51da33bd9cae2p+3, 
0x1.51eb18116ebd5p+3, 0x1.4723db3bfb58dp+3, 0x1.32311e85fd04ap+3, 
0x1.154b61fe21d97p+3, 0x1.057b69984a0e4p+3, 0x1.0657603925bb8p+3, 
0x1.16f080303c07fp+3, 0x1.35f95703f2d3cp+3, 0x1.4872ef0ae5365p+3, 
0x1.498327674d163p+3, 0x1.3a298676a7265p+3, 0x1.1d71172ef0ae5p+3, 
0x1.0914dd72367e4p+3, 0x1.fe48387df5cf2p+2, 0x1.fe277c45cbbc3p+2, 
0x1.084a59c065b64p+3, 0x1.0f1ecd4aa10ep+3, 0x1.1226e115592dap+3, 
0x1.119af5ba2be06p+3, 0x1.0eaf2734f82f5p+3, 0x1.0a73f0fe047d4p+3, 
0x1.03dc69f8c21e2p+3, 0x1.f6290eed02cd4p+2, 0x1.e22806af46aa1p+2, 
0x1.cfee88df3732ap+2, 0x1.befb6134ce3dep+2, 0x1.af538ef34d6a1p+2, 
0x1.a1f1bef49cf57p+2, 0x1.950ac3a860dccp+2, 0x1.87d7342edbb5ap+2, 
0x1.7a6fa3fcc9eaap+2, 0x1.6ddafd113836bp+2, 0x1.61e703afb7e91p+2, 
0x1.55f822bbecaacp+2, 0x1.4a21a2e7f6f4cp+2)), class = "data.frame", row.names = c(NA, 
-120L))
