structure(list(period_id = c("1995Q1", "1995Q2", "1995Q3", "1995Q4", 
"1996Q1", "1996Q2", "1996Q3", "1996Q4", "1997Q1", "1997Q2", "1997Q3", 
"1997Q4", "1998Q1", "1998Q2", "1998Q3", "1998Q4", "1999Q1", "1999Q2", 
"1999Q3", "1999Q4", "2000Q1", "2000Q2", "2000Q3", "2000Q4", "2001Q1", 
"2001Q2", "2001Q3", "2001Q4", "2002Q1", "2002Q2", "2002Q3", "2002Q4", 
"2003Q1", "2003Q2", "2003Q3", "2003Q4", "2004Q1", "2004Q2", "2004Q3", 
"2004Q4", "2005Q1", "2005Q2", "2005Q3", "2005Q4", "2006Q1", "2006Q2", 
"2006Q3", "2006Q4", "2007Q1", "2007Q2", "2007Q3", "2007Q4", "2008Q1", 
"2008Q2", "2008Q3", "2008Q4", "2009Q1", "2009Q2", "2009Q3", "2009Q4", 
"2010Q1", "2010Q2", "2010Q3", "2010Q4", "2011Q1", "2011Q2", "2011Q3", 
"2011Q4", "2012Q1", "2012Q2", "2012Q3", "2012Q4", "2013Q1", "2013Q2", 
"2013Q3", "2013Q4", "2014Q1", "2014Q2", "2014Q3", "2014Q4", "2015Q1", 
"2015Q2", "2015Q3", "2015Q4", "2016Q1", "2016Q2", "2016Q3", "2016Q4", 
"2017Q1", "2017Q2", "2017Q3", "2017Q4", "2018Q1", "2018Q2", "2018Q3", 
"2018Q4", "2019Q1", "2019Q2", "2019Q3", "2019Q4", "2020Q1", "2020Q2", 
"2020Q3", "2020Q4", "2021Q1", "2021Q2", "2021Q3", "2021Q4", "2022Q1", 
"2022Q2", "2022Q3", "2022Q4", "2023Q1", "2023Q2", "2023Q3", "2023Q4", 
"2024Q1", "2024Q2", "2024Q3", "2024Q4", "2025Q1", "2025Q2"), 
    value = c(0x1.2bc3beec3979ap+10, 0x1.25e983ba3443dp+10, 0x1.2a420b3919264p+10, 
    0x1.3bf7e1a3f4667p+10, 0x1.4e3ba62ed3522p+10, 0x1.5eca752da9867p+10, 
    0x1.652074213a0c7p+10, 0x1.6d3044a1f0803p+10, 0x1.75b57e49b1facp+10, 
    0x1.952b60d4562e1p+10, 0x1.a528d3996fa83p+10, 0x1.bad078b370047p+10, 
    0x1.c18cf138bcdffp+10, 0x1.c2b8e35c5b4abp+10, 0x1.c6a498f605ab4p+10, 
    0x1.c3a8368f08462p+10, 0x1.bc7a9bed30f06p+10, 0x1.c521807fed203p+10, 
    0x1.db7201bc98a22p+10, 0x1.f6f3cb1897a68p+10, 0x1.0cc708f217093p+11, 
    0x1.20ad37a3db3cp+11, 0x1.30cf246173b86p+11, 0x1.46445b78cc9a7p+11, 
    0x1.51e89b823c85cp+11, 0x1.57b0e8a71de6ap+11, 0x1.5e11bc7f77af6p+11, 
    0x1.5d559beb18117p+11, 0x1.74f3a3e39f773p+11, 0x1.7fa2cde19fc2bp+11, 
    0x1.8886999fe4367p+11, 0x1.8fbfce50c5eb3p+11, 0x1.8ca2da8deb0fbp+11, 
    0x1.9192487980f56p+11, 0x1.9d6ff1ed17c5fp+11, 0x1.a58b8f42fe825p+11, 
    0x1.b25403a322af5p+11, 0x1.ce3c6bd2b6f1ap+11, 0x1.e4f3e598e10cfp+11, 
    0x1.edbb924d099e1p+11, 0x1.f91721f8e3ac1p+11, 0x1.07b51028a1dfcp+12, 
    0x1.16cde014727ddp+12, 0x1.224beb37867f1p+12, 0x1.2bf882656abdep+12, 
    0x1.39c838bef8cebp+12, 0x1.4515ca3619978p+12, 0x1.5a71a2962cfd9p+12, 
    0x1.69aaebae03b3fp+12, 0x1.73af845fe1112p+12, 0x1.8122972367e41p+12, 
    0x1.80878bd87b56cp+12, 0x1.950ad6b54e2bp+12, 0x1.92f6d23e5b856p+12, 
    0x1.8fa10acc0bdcbp+12, 0x1.701890bd87b57p+12, 0x1.3e77382a12f9p+12, 
    0x1.3c03837931444p+12, 0x1.408d5bcec84f9p+12, 0x1.4b991a975afbp+12, 
    0x1.544f623d0bfa1p+12, 0x1.66bd47b99d452p+12, 0x1.7316c93a71151p+12, 
    0x1.793bce3150daep+12, 0x1.8f4abcdee34fcp+12, 0x1.9798e24edf612p+12, 
    0x1.9765c2a12f901p+12, 0x1.9ad80080f98fap+12, 0x1.9cc3afdda8bd2p+12, 
    0x1.9ef2ac625e99fp+12, 0x1.9dcc3fde7210cp+12, 0x1.a0bf1efb6dcap+12, 
    0x1.a37c675cd0bb7p+12, 0x1.a65d6c8c5005p+12, 0x1.a86a592641b33p+12, 
    0x1.aa5eb23033a47p+12, 0x1.b10072fba01efp+12, 0x1.b6a7437d63023p+12, 
    0x1.c44b33e1437c5p+12, 0x1.cce14d66f0cfep+12, 0x1.cb1524dc22ab2p+12, 
    0x1.cd4ed553ef6b6p+12, 0x1.d2c97499d0204p+12, 0x1.d8ffd1116a8b9p+12, 
    0x1.e3856d17c5ef6p+12, 0x1.e246cae21101bp+12, 0x1.ea1290c804103p+12, 
    0x1.faff627179bfep+12, 0x1.0e0a34e981388p+13, 0x1.11a6c6138fffcp+13, 
    0x1.1add29a6f826fp+13, 0x1.260f03aeab799p+13, 0x1.27d31623076cp+13, 
    0x1.2fbb90b73d189p+13, 0x1.30de16512a95p+13, 0x1.3c4e6c4d65e46p+13, 
    0x1.3da42db2f661fp+13, 0x1.4247df3e0370dp+13, 0x1.3b10f59d55e6cp+13, 
    0x1.3e24496cc5fcp+13, 0x1.3770e32ebe597p+13, 0x1.e5243dd441355p+12, 
    0x1.19420467be554p+13, 0x1.305215a6c5d2p+13, 0x1.3e949389b52p+13, 
    0x1.47f2bdf7e8039p+13, 0x1.4f4bb9a9da598p+13, 0x1.775696a26e547p+13, 
    0x1.83605bdad7519p+13, 0x1.a233c432ca57ap+13, 0x1.b1175aa1511ep+13, 
    0x1.adbae77143394p+13, 0x1.b080777079e5ap+13, 0x1.a76930b391926p+13, 
    0x1.8c963f2cb6417p+13, 0x1.a178b92e1ef74p+13, 0x1.a5faa620ab713p+13, 
    0x1.a72b1faebc409p+13, 0x1.b176e259e1f3ap+13, 0x1.afcbec692f6e8p+13, 
    0x1.b0c0309070fbfp+13, 0x1.a78b0f8594291p+13)), class = "data.frame", row.names = c(NA, 
-122L))
