structure(list(period_id = c("1995Q1", "1995Q2", "1995Q3", "1995Q4", 
"1996Q1", "1996Q2", "1996Q3", "1996Q4", "1997Q1", "1997Q2", "1997Q3", 
"1997Q4", "1998Q1", "1998Q2", "1998Q3", "1998Q4", "1999Q1", "1999Q2", 
"1999Q3", "1999Q4", "2000Q1", "2000Q2", "2000Q3", "2000Q4", "2001Q1", 
"2001Q2", "2001Q3", "2001Q4", "2002Q1", "2002Q2", "2002Q3", "2002Q4", 
"2003Q1", "2003Q2", "2003Q3", "2003Q4", "2004Q1", "2004Q2", "2004Q3", 
"2004Q4", "2005Q1", "2005Q2", "2005Q3", "2005Q4", "2006Q1", "2006Q2", 
"2006Q3", "2006Q4", "2007Q1", "2007Q2", "2007Q3", "2007Q4", "2008Q1", 
"2008Q2", "2008Q3", "2008Q4", "2009Q1", "2009Q2", "2009Q3", "2009Q4", 
"2010Q1", "2010Q2", "2010Q3", "2010Q4", "2011Q1", "2011Q2", "2011Q3", 
"2011Q4", "2012Q1", "2012Q2", "2012Q3", "2012Q4", "2013Q1", "2013Q2", 
"2013Q3", "2013Q4", "2014Q1", "2014Q2", "2014Q3", "2014Q4", "2015Q1", 
"2015Q2", "2015Q3", "2015Q4", "2016Q1", "2016Q2", "2016Q3", "2016Q4", 
"2017Q1", "2017Q2", "2017Q3", "2017Q4", "2018Q1", "2018Q2", "2018Q3", 
"2018Q4", "2019Q1", "2019Q2", "2019Q3", "2019Q4", "2020Q1", "2020Q2", 
"2020Q3", "2020Q4", "2021Q1", "2021Q2", "2021Q3", "2021Q4", "2022Q1", 
"2022Q2", "2022Q3", "2022Q4", "2023Q1", "2023Q2", "2023Q3", "2023Q4", 
"2024Q1", "2024Q2", "2024Q3"), value = c(NA, NA, NA, NA, 0x1.7d540db2702a3p+8, 
0x1.a52bb1290257dp+8, 0x1.0fd221e1d2179p+9, 0x1.c7446f36ef805p+8, 
0x1.5f1db8ed1bf7bp+8, 0x1.b451b36bd2b6fp+8, 0x1.2f0f7acc4ef89p+9, 
0x1.c7883f3e0370dp+8, 0x1.8f270995aaf79p+8, 0x1.c997eccc46951p+8, 
0x1.38d71a6d698fep+9, 0x1.df1d5a3a08399p+8, 0x1.8824e5e679464p+8, 
0x1.ebdc0303c07eep+8, 0x1.5667686a4ca4fp+9, 0x1.f0f3262888b54p+8, 
0x1.a68d03c8e25c8p+8, 0x1.01c9c382a12f9p+9, 0x1.6fc023bff8a8fp+9, 
0x1.02b10142f61edp+9, 0x1.b9c833e78e193p+8, 0x1.0fd4a915379fbp+9, 
0x1.7095ee02a77a3p+9, 0x1.05d37681669cfp+9, 0x1.e008bac710cb3p+8, 
0x1.1eccc942d490ep+9, 0x1.8302b1572580cp+9, 0x1.2c1686940357ap+9, 
0x1.e32d5d2d01c0dp+8, 0x1.2abc9ff92f2b6p+9, 0x1.95ffbccaf709bp+9, 
0x1.31def2d7f950cp+9, 0x1.01537ac3eb7ccp+9, 0x1.337218bd66278p+9, 
0x1.a39b2a172abefp+9, 0x1.3f84ef3d3a1d3p+9, 0x1.1b98010c6f7a1p+9, 
0x1.370cfe60c38f3p+9, 0x1.a4426d612c6acp+9, 0x1.700b932d6ece1p+9, 
0x1.3ff6fcbd55608p+9, 0x1.54559c5a3e39fp+9, 0x1.c11c0ad8a1166p+9, 
0x1.8fe3b22d0e56p+9, 0x1.72aaaf709b739p+9, 0x1.8b22687f455a8p+9, 
0x1.1b507774aba38p+10, 0x1.e973017dae819p+9, 0x1.a25a6a6e32e38p+9, 
0x1.d3f589374bc6ap+9, 0x1.2f63e631f8a09p+10, 0x1.fa9af23897204p+9, 
0x1.7d1a8ad688377p+9, 0x1.9fdecff21b3afp+9, 0x1.19427ab75643p+10, 
0x1.ba7baaac1094ap+9, 0x1.7f650c5eb313cp+9, 0x1.b16465625a683p+9, 
0x1.191087d6f9768p+10, 0x1.d25bb8887229fp+9, 0x1.926031d712a0fp+9, 
0x1.b5188aa433509p+9, 0x1.21337cbb3c819p+10, 0x1.caebfa54c5543p+9, 
0x1.8ce00cae642cp+9, 0x1.c07d05b7cfe58p+9, 0x1.19f24fbdad752p+10, 
0x1.ecc362f9ca5bep+9, 0x1.7d6bd5885d313p+9, 0x1.aebd4f2f123c4p+9, 
0x1.13bd615ebfa8fp+10, 0x1.ecc592d98bf7fp+9, 0x1.acd0b6b6e0d24p+9, 
0x1.e4d08fe260b2dp+9, 0x1.11cfcbd1244a6p+10, 0x1.fcc9340d4dc66p+9, 
0x1.a546b46bacf74p+9, 0x1.e7ce8711d798ep+9, 0x1.1f8d92189bd84p+10, 
0x1.f66270b8cfbfcp+9, 0x1.b798afe60c38fp+9, 0x1.edba41248d7ep+9, 
0x1.247ef69446738p+10, 0x1.19133c4b09e99p+10, 0x1.e9071055b8994p+9, 
0x1.0be05e8d5411p+10, 0x1.4646b6cbd987cp+10, 0x1.3706c886162f1p+10, 
0x1.00d31040bfe3bp+10, 0x1.23e800b029281p+10, 0x1.54349680e0653p+10, 
0x1.426fd712a0ec7p+10, 0x1.13e4a4fca42afp+10, 0x1.3038d6d3b6cbep+10, 
0x1.58c1ed783dff4p+10, 0x1.42447f023e9eap+10, 0x1.1e741cf7878b8p+10, 
0x1.ccf387df5cf25p+9, 0x1.1d60d68837718p+10, 0x1.273b15f45e0b5p+10, 
0x1.f5ebdd65a1449p+9, 0x1.250bd017dae82p+10, 0x1.8bf4940fecdd1p+10, 
0x1.809fd3dc8b86bp+10, 0x1.3fa8af145521ap+10, 0x1.7c5c6a6a0125ap+10, 
0x1.c2868a82a5615p+10, 0x1.9359071c53f3ap+10, 0x1.49877268d3283p+10, 
0x1.766698cc14403p+10, 0x1.b865fa22706d5p+10, 0x1.9f82569f4906p+10, 
0x1.4a6b5ddd2ae8ep+10, 0x1.844462413db7fp+10, 0x1.cc5de1049236p+10
)), class = "data.frame", row.names = c(NA, -119L))
