structure(list(period_id = c("1995Q1", "1995Q2", "1995Q3", "1995Q4", 
"1996Q1", "1996Q2", "1996Q3", "1996Q4", "1997Q1", "1997Q2", "1997Q3", 
"1997Q4", "1998Q1", "1998Q2", "1998Q3", "1998Q4", "1999Q1", "1999Q2", 
"1999Q3", "1999Q4", "2000Q1", "2000Q2", "2000Q3", "2000Q4", "2001Q1", 
"2001Q2", "2001Q3", "2001Q4", "2002Q1", "2002Q2", "2002Q3", "2002Q4", 
"2003Q1", "2003Q2", "2003Q3", "2003Q4", "2004Q1", "2004Q2", "2004Q3", 
"2004Q4", "2005Q1", "2005Q2", "2005Q3", "2005Q4", "2006Q1", "2006Q2", 
"2006Q3", "2006Q4", "2007Q1", "2007Q2", "2007Q3", "2007Q4", "2008Q1", 
"2008Q2", "2008Q3", "2008Q4", "2009Q1", "2009Q2", "2009Q3", "2009Q4", 
"2010Q1", "2010Q2", "2010Q3", "2010Q4", "2011Q1", "2011Q2", "2011Q3", 
"2011Q4", "2012Q1", "2012Q2", "2012Q3", "2012Q4", "2013Q1", "2013Q2", 
"2013Q3", "2013Q4", "2014Q1", "2014Q2", "2014Q3", "2014Q4", "2015Q1", 
"2015Q2", "2015Q3", "2015Q4", "2016Q1", "2016Q2", "2016Q3", "2016Q4", 
"2017Q1", "2017Q2", "2017Q3", "2017Q4", "2018Q1", "2018Q2", "2018Q3", 
"2018Q4", "2019Q1", "2019Q2", "2019Q3", "2019Q4", "2020Q1", "2020Q2", 
"2020Q3", "2020Q4", "2021Q1", "2021Q2", "2021Q3", "2021Q4", "2022Q1", 
"2022Q2", "2022Q3", "2022Q4", "2023Q1", "2023Q2", "2023Q3", "2023Q4", 
"2024Q1", "2024Q2", "2024Q3"), value = c(NA, NA, NA, NA, 0x1.5d47ef177a701p+3, 
0x1.4acd184c272p+3, 0x1.5cb6fc158fb44p+3, 0x1.8965e679463dp+3, 
0x1.d98f7121ab4b7p+3, 0x1.0b17dbf487fccp+4, 0x1.0bbbd48cb4aedp+4, 
0x1.d521986b9c305p+3, 0x1.6f915592d98bfp+3, 0x1.3fd45a5fc7e6bp+3, 
0x1.3ed4067cf1c32p+3, 0x1.64237ef5a964fp+3, 0x1.b5be1eb4202dap+3, 
0x1.ebe82b6284599p+3, 0x1.de80ecfa69be1p+3, 0x1.8784944ed6fdbp+3, 
0x1.066c3547e0696p+3, 0x1.6b5b749adc8fcp+2, 0x1.26f01322f2735p+2, 
0x1.39d6a9c560c7cp+2, 0x1.91f9a49c2c1b1p+2, 0x1.f4b46fdeb52cap+2, 
0x1.21f3387160957p+3, 0x1.37c64fdb09a67p+3, 0x1.4daa2c2374795p+3, 
0x1.5fc4e50c5eb31p+3, 0x1.64891e215336ep+3, 0x1.58a3c64345cffp+3, 
0x1.498f6cefed634p+3, 0x1.3b150dae3e6c5p+3, 0x1.2e80cb6c7a7cap+3, 
0x1.23a86f8ad2568p+3, 0x1.1b3677f6b1a2ap+3, 0x1.175eebb341e15p+3, 
0x1.191b71758e219p+3, 0x1.2004b5dcc63f1p+3, 0x1.2c5983947496bp+3, 
0x1.32cff21b3aeefp+3, 0x1.30c83ec892ab7p+3, 0x1.26c8ba83f4ecap+3, 
0x1.17189374bc6a8p+3, 0x1.0b34e3369b9d8p+3, 0x1.0368d759ee88ep+3, 
0x1.fe63736cdf267p+2, 0x1.fd84cad57bc7fp+2, 0x1.fcbe596c82e02p+2, 
0x1.fb2e514c22ee4p+2, 0x1.f8c2b94d94079p+2, 0x1.f72849cb252cep+2, 
0x1.fe17f4128bf3cp+2, 0x1.079d55e6bc622p+3, 0x1.14f02c4d65e46p+3, 
0x1.274b2fa93af75p+3, 0x1.329d7774aba38p+3, 0x1.33ea67e846a5dp+3, 
0x1.2b815a07b352bp+3, 0x1.1700f55de58e6p+3, 0x1.07bdd54da4ce8p+3, 
0x1.f9b7b28954a8p+2, 0x1.ec84944ed6fdbp+2, 0x1.e8b5d894812bep+2, 
0x1.db34699418506p+2, 0x1.c42fc2656abdep+2, 0x1.a42bdc26dce3ap+2, 
0x1.7da67620ee8d1p+2, 0x1.6cfbacb428912p+2, 0x1.78621fafc8bp+2, 
0x1.9e1d53cddd6ep+2, 0x1.dbebaf102363bp+2, 0x1.06dd3bafd977p+3, 
0x1.1738fde2ef4ep+3, 0x1.1f5f7a4e7ab75p+3, 0x1.2140379314446p+3, 
0x1.2476577531db4p+3, 0x1.28c16df3f9618p+3, 0x1.2df455a7d2418p+3, 
0x1.34d72580c309p+3, 0x1.3c2a582dbe7f3p+3, 0x1.4355193708aadp+3, 
0x1.4a372a38b8ae3p+3, 0x1.51d4a7f8012ep+3, 0x1.51e4c942d490ep+3, 
0x1.472bba98eda23p+3, 0x1.323441bb8c32bp+3, 0x1.1546b05319829p+3, 
0x1.05765fd8adabap+3, 0x1.065de7a743a64p+3, 0x1.16f37542a23cp+3, 
0x1.35f3e681a9b8dp+3, 0x1.486c6583e8577p+3, 0x1.498ba83f4eca7p+3, 
0x1.3a2cf7446f9bap+3, 0x1.1d6be9c886163p+3, 0x1.090f648c7192fp+3, 
0x1.fe55e28aa4335p+2, 0x1.fe2d490e66cb1p+2, 0x1.084560c7c0f45p+3, 
0x1.0f19029ae4f33p+3, 0x1.122e81882adc5p+3, 0x1.119e321a2e7f7p+3, 
0x1.0ea9dc725c3dfp+3, 0x1.0a6e06d938152p+3, 0x1.03e3ed0f62739p+3, 
0x1.f62f37fbefdp+2, 0x1.e21e3a7daa4fdp+2, 0x1.cfe3d5fdcdf6ap+2, 
0x1.bf08d4bad7d7cp+2, 0x1.af59146e4c0dfp+2, 0x1.a1e8e60807358p+2, 
0x1.95010c6f7a0b6p+2, 0x1.87e37de939eaep+2, 0x1.7a74afd545415p+2, 
0x1.6dd2fe3f359ffp+2, 0x1.61de26916440fp+2, 0x1.560329802c0a5p+2
)), class = "data.frame", row.names = c(NA, -119L))
