structure(list(period_id = c("1999Q1", "1999Q2", "1999Q3", "1999Q4", 
"2000Q1", "2000Q2", "2000Q3", "2000Q4", "2001Q1", "2001Q2", "2001Q3", 
"2001Q4", "2002Q1", "2002Q2", "2002Q3", "2002Q4", "2003Q1", "2003Q2", 
"2003Q3", "2003Q4", "2004Q1", "2004Q2", "2004Q3", "2004Q4", "2005Q1", 
"2005Q2", "2005Q3", "2005Q4", "2006Q1", "2006Q2", "2006Q3", "2006Q4", 
"2007Q1", "2007Q2", "2007Q3", "2007Q4", "2008Q1", "2008Q2", "2008Q3", 
"2008Q4", "2009Q1", "2009Q2", "2009Q3", "2009Q4", "2010Q1", "2010Q2", 
"2010Q3", "2010Q4", "2011Q1", "2011Q2", "2011Q3", "2011Q4", "2012Q1", 
"2012Q2", "2012Q3", "2012Q4", "2013Q1", "2013Q2", "2013Q3", "2013Q4", 
"2014Q1", "2014Q2", "2014Q3", "2014Q4", "2015Q1", "2015Q2", "2015Q3", 
"2015Q4", "2016Q1", "2016Q2", "2016Q3", "2016Q4", "2017Q1", "2017Q2", 
"2017Q3", "2017Q4", "2018Q1", "2018Q2", "2018Q3", "2018Q4", "2019Q1", 
"2019Q2", "2019Q3", "2019Q4", "2020Q1", "2020Q2", "2020Q3", "2020Q4", 
"2021Q1", "2021Q2", "2021Q3", "2021Q4", "2022Q1", "2022Q2", "2022Q3", 
"2022Q4", "2023Q1", "2023Q2", "2023Q3", "2023Q4", "2024Q1", "2024Q2", 
"2024Q3"), value = c(0x1.491ec80c73abdp+7, 0x1.66eba604e1e71p+7, 
0x1.5d7021f2990f3p+7, 0x1.7625974e65beap+7, 0x1.435dfb2edfe76p+7, 
0x1.74ec6ed245b29p+7, 0x1.61b6aab042529p+7, 0x1.7aa132d6ece14p+7, 
0x1.765281ba7fc33p+7, 0x1.acbccb9ecf638p+7, 0x1.ab57e90ff9724p+7, 
0x1.de8e0b6f9fcb1p+7, 0x1.94aaa582dbe7fp+7, 0x1.b9f6ccc46951p+7, 
0x1.c3ff7e80389f8p+7, 0x1.e5c9db445ed4ap+7, 0x1.bd612018a43bbp+7, 
0x1.f1b9754b05b7dp+7, 0x1.feb97507e9d95p+7, 0x1.0e5a4ca4f440bp+8, 
0x1.0460914b167ecp+8, 0x1.080bd790752dbp+8, 0x1.1c6aca57a786cp+8, 
0x1.48ed6aceaaf36p+8, 0x1.d58e1e4f765fep+7, 0x1.192a45c358afcp+8, 
0x1.11173b213e3e3p+8, 0x1.343194af4f0d8p+8, 0x1.30722c881e471p+8, 
0x1.62402f405f6bap+8, 0x1.5cbc9abb01c93p+8, 0x1.7908f6f08cc57p+8, 
0x1.680fa7221858cp+8, 0x1.9d0e299524bfdp+8, 0x1.aa48b6c7a7c9ep+8, 
0x1.b5492fd32c626p+8, 0x1.a984bbb1f255fp+8, 0x1.eb8aaa4b9884cp+8, 
0x1.e6047db2b3461p+8, 0x1.cff3765fd8adbp+8, 0x1.a3ed970b49e02p+8, 
0x1.d8a5fdac68a93p+8, 0x1.e488faeff5c6cp+8, 0x1.f76720b8066c3p+8, 
0x1.9c08ccccccccdp+8, 0x1.dedf1769a911p+8, 0x1.e141fe542e558p+8, 
0x1.fd828869c66d3p+8, 0x1.749349e01de27p+8, 0x1.88f7dec5f394bp+8, 
0x1.7fe7b40b34e77p+8, 0x1.8cf729f59ccfbp+8, 0x1.67c3cf70153bdp+8, 
0x1.6aa8bcdfefbf4p+8, 0x1.7f3199aa60914p+8, 0x1.73513b3a68b1ap+8, 
0x1.69cd7bd8be729p+8, 0x1.978323fee2c99p+8, 0x1.b56d18e325d4ap+8, 
0x1.b92fd5cb790fbp+8, 0x1.ae38b966be7bp+8, 0x1.e5ea94573a798p+8, 
0x1.f39a702a3486fp+8, 0x1.00a96b00ffda4p+9, 0x1.9f8f8f9b13166p+8, 
0x1.d16d3bd167664p+8, 0x1.d676a2b1704ffp+8, 0x1.e21a3cea6c1ap+8, 
0x1.308c2adc4c9c9p+8, 0x1.52cd1e108c3f4p+8, 0x1.4aeedb2f661f2p+8, 
0x1.5b26c204f2aep+8, 0x1.33b04c8bc9cd4p+8, 0x1.51868fc0d2c38p+8, 
0x1.56c013b9f127fp+8, 0x1.61682ce46499p+8, 0x1.9989d68c692f7p+8, 
0x1.ae7c51eb851ecp+8, 0x1.c0125de15ca6dp+8, 0x1.c561ca9ef5233p+8, 
0x1.b67f7c243dccfp+8, 0x1.ce85c486ad2ddp+8, 0x1.a1efb46fdeb53p+8, 
0x1.20ee25b749addp+9, 0x1.cbe14067cf1c3p+8, 0x1.c998b1ab0856ep+8, 
0x1.e29200b029281p+8, 0x1.25c88b439581p+9, 0x1.f0b0bf7f06706p+8, 
0x1.28aa3ec892ab7p+9, 0x1.47ad6c69b5a64p+9, 0x1.62354107314cbp+9, 
0x1.48ce8ae74f2f1p+9, 0x1.8c6b2f1a9fbe7p+9, 0x1.9b60a2a0a9585p+9, 
0x1.dff2030c23fabp+9, 0x1.7f0b4117f8445p+9, 0x1.a28b1bcdbbe01p+9, 
0x1.b34235610adcdp+9, 0x1.cc19a3443d46bp+9, 0x1.97b38433d6c72p+9, 
0x1.6b092934acaffp+9, 0x1.87bcfd6d7e88ap+9)), class = "data.frame", row.names = c(NA, 
-103L))
