structure(list(period_id = c("1995Q1", "1995Q2", "1995Q3", "1995Q4", 
"1996Q1", "1996Q2", "1996Q3", "1996Q4", "1997Q1", "1997Q2", "1997Q3", 
"1997Q4", "1998Q1", "1998Q2", "1998Q3", "1998Q4", "1999Q1", "1999Q2", 
"1999Q3", "1999Q4", "2000Q1", "2000Q2", "2000Q3", "2000Q4", "2001Q1", 
"2001Q2", "2001Q3", "2001Q4", "2002Q1", "2002Q2", "2002Q3", "2002Q4", 
"2003Q1", "2003Q2", "2003Q3", "2003Q4", "2004Q1", "2004Q2", "2004Q3", 
"2004Q4", "2005Q1", "2005Q2", "2005Q3", "2005Q4", "2006Q1", "2006Q2", 
"2006Q3", "2006Q4", "2007Q1", "2007Q2", "2007Q3", "2007Q4", "2008Q1", 
"2008Q2", "2008Q3", "2008Q4", "2009Q1", "2009Q2", "2009Q3", "2009Q4", 
"2010Q1", "2010Q2", "2010Q3", "2010Q4", "2011Q1", "2011Q2", "2011Q3", 
"2011Q4", "2012Q1", "2012Q2", "2012Q3", "2012Q4", "2013Q1", "2013Q2", 
"2013Q3", "2013Q4", "2014Q1", "2014Q2", "2014Q3", "2014Q4", "2015Q1", 
"2015Q2", "2015Q3", "2015Q4", "2016Q1", "2016Q2", "2016Q3", "2016Q4", 
"2017Q1", "2017Q2", "2017Q3", "2017Q4", "2018Q1", "2018Q2", "2018Q3", 
"2018Q4", "2019Q1", "2019Q2", "2019Q3", "2019Q4", "2020Q1", "2020Q2", 
"2020Q3", "2020Q4", "2021Q1", "2021Q2", "2021Q3", "2021Q4", "2022Q1", 
"2022Q2", "2022Q3", "2022Q4", "2023Q1", "2023Q2", "2023Q3", "2023Q4", 
"2024Q1", "2024Q2", "2024Q3", "2024Q4", "2025Q1", "2025Q2"), 
    value = c(NA, NA, NA, NA, 0x1.5d47ef177a701p+3, 0x1.4acd184c272p+3, 
    0x1.5cb6fc158fb44p+3, 0x1.8965e679463dp+3, 0x1.d98f7121ab4b7p+3, 
    0x1.0b17dbf487fccp+4, 0x1.0bbbd48cb4aedp+4, 0x1.d521986b9c305p+3, 
    0x1.6f915592d98bfp+3, 0x1.3fd45a5fc7e6bp+3, 0x1.3ed4067cf1c32p+3, 
    0x1.64237ef5a964fp+3, 0x1.b5be1eb4202dap+3, 0x1.ebe82b6284599p+3, 
    0x1.de80ecfa69be1p+3, 0x1.8784944ed6fdbp+3, 0x1.066c3547e0696p+3, 
    0x1.6b5b749adc8fcp+2, 0x1.26f01322f2735p+2, 0x1.39d6a9c560c7cp+2, 
    0x1.91f9a49c2c1b1p+2, 0x1.f4b46fdeb52cap+2, 0x1.21f3387160957p+3, 
    0x1.37c64fdb09a67p+3, 0x1.4da82a5614df9p+3, 0x1.5fc75e6362a5ep+3, 
    0x1.6489635610addp+3, 0x1.58a2403148777p+3, 0x1.498b7c3504c49p+3, 
    0x1.3b198288051cap+3, 0x1.2e813ec460ed8p+3, 0x1.23a5daf07bfe8p+3, 
    0x1.1b3311a543f1cp+3, 0x1.1762e4d1a6506p+3, 0x1.191bde82d7b63p+3, 
    0x1.200225742dcf4p+3, 0x1.2c55e6bc621b8p+3, 0x1.32d45846e8f2ap+3, 
    0x1.30c8b65237048p+3, 0x1.26c61522a6f3fp+3, 0x1.1715336deb95ep+3, 
    0x1.0b38c32a8c9b8p+3, 0x1.03693c03bc4d2p+3, 0x1.fe5ed06fef7c2p+2, 
    0x1.fd7e90ff97247p+2, 0x1.fcc5d206c8712p+2, 0x1.fb2f1a9fbe76dp+2, 
    0x1.f8be1650a45d4p+2, 0x1.f7221426fe719p+2, 0x1.fe1f926c7eae6p+2, 
    0x1.079dc0db2702ap+3, 0x1.14ed97b30f8c6p+3, 0x1.27477dd872f34p+3, 
    0x1.32a220bc382a1p+3, 0x1.33eae5bc87db3p+3, 0x1.2b7e82517e77dp+3, 
    0x1.16fd6b65a9a8p+3, 0x1.07c1eff9f87fp+3, 0x1.f9b8887229e9p+2, 
    0x1.ec7fcfc3f811fp+2, 0x1.e8af89c5e6ff8p+2, 0x1.db3bf727136a4p+2, 
    0x1.c4308787485e4p+2, 0x1.a427b6fe2e6ebp+2, 0x1.7da16e7a311e8p+2, 
    0x1.6d01a36e2eb1cp+2, 0x1.7862c77574f72p+2, 0x1.9e19220ff5409p+2, 
    0x1.dbe5471715c64p+2, 0x1.06e1a60d4562ep+3, 0x1.17397dd00f777p+3, 
    0x1.1f5c810a569b1p+3, 0x1.213c3c5bd0e13p+3, 0x1.247b69984a0e4p+3, 
    0x1.28c1fc8f32379p+3, 0x1.2df11f926c7ebp+3, 0x1.34d2c9d16fc9cp+3, 
    0x1.3c2fff36ac647p+3, 0x1.4355bccaf709bp+3, 0x1.4a339192641b3p+3, 
    0x1.51cfc1df3300ep+3, 0x1.51eb09635610bp+3, 0x1.472c669057d18p+3, 
    0x1.3230d0edc3bd6p+3, 0x1.15428d434a01bp+3, 0x1.057b634dad32p+3, 
    0x1.065e7a743a648p+3, 0x1.16f038e29f9cfp+3, 0x1.35ef240fa9c13p+3, 
    0x1.4872ead9274e2p+3, 0x1.498c67168f8e8p+3, 0x1.3a2936c58eeafp+3, 
    0x1.1d67620ee8d11p+3, 0x1.0914df8b15726p+3, 0x1.fe5718eb89507p+2, 
    0x1.fe26fa3fcc9ebp+2, 0x1.08410b630a915p+3, 0x1.0f1ed5ae1cde6p+3, 
    0x1.122f31b152f3cp+3, 0x1.119ab29e4d5d8p+3, 0x1.0ea5460aa64c3p+3, 
    0x1.0a73fd933e35cp+3, 0x1.03e49d388a8b1p+3, 0x1.f6289118c197ep+2, 
    0x1.e215c209246bfp+2, 0x1.cfeeaa6d26741p+2, 0x1.bf0a137f38c54p+2, 
    0x1.af532617c1bdap+2, 0x1.a1e14bdfd2631p+2, 0x1.950ae9680e065p+2, 
    0x1.87e4a38327675p+2, 0x1.7a6f47b677f6bp+2, 0x1.6dcc037931444p+2, 
    0x1.61e7210be9425p+2, 0x1.5604577d95571p+2, 0x1.4a2174c4cdfadp+2, 
    0x1.3f327aa68f4b6p+2, 0x1.34fa658c4bd34p+2)), class = "data.frame", row.names = c(NA, 
-122L))
