structure(list(period_id = c("2000M01", "2000M02", "2000M03", 
"2000M04", "2000M05", "2000M06", "2000M07", "2000M08", "2000M09", 
"2000M10", "2000M11", "2000M12", "2001M01", "2001M02", "2001M03", 
"2001M04", "2001M05", "2001M06", "2001M07", "2001M08", "2001M09", 
"2001M10", "2001M11", "2001M12", "2002M01", "2002M02", "2002M03", 
"2002M04", "2002M05", "2002M06", "2002M07", "2002M08", "2002M09", 
"2002M10", "2002M11", "2002M12", "2003M01", "2003M02", "2003M03", 
"2003M04", "2003M05", "2003M06", "2003M07", "2003M08", "2003M09", 
"2003M10", "2003M11", "2003M12", "2004M01", "2004M02", "2004M03", 
"2004M04", "2004M05", "2004M06", "2004M07", "2004M08", "2004M09", 
"2004M10", "2004M11", "2004M12", "2005M01", "2005M02", "2005M03", 
"2005M04", "2005M05", "2005M06", "2005M07", "2005M08", "2005M09", 
"2005M10", "2005M11", "2005M12", "2006M01", "2006M02", "2006M03", 
"2006M04", "2006M05", "2006M06", "2006M07", "2006M08", "2006M09", 
"2006M10", "2006M11", "2006M12", "2007M01", "2007M02", "2007M03", 
"2007M04", "2007M05", "2007M06", "2007M07", "2007M08", "2007M09", 
"2007M10", "2007M11", "2007M12", "2008M01", "2008M02", "2008M03", 
"2008M04", "2008M05", "2008M06", "2008M07", "2008M08", "2008M09", 
"2008M10", "2008M11", "2008M12", "2009M01", "2009M02", "2009M03", 
"2009M04", "2009M05", "2009M06", "2009M07", "2009M08", "2009M09", 
"2009M10", "2009M11", "2009M12", "2010M01", "2010M02", "2010M03", 
"2010M04", "2010M05", "2010M06", "2010M07", "2010M08", "2010M09", 
"2010M10", "2010M11", "2010M12", "2011M01", "2011M02", "2011M03", 
"2011M04", "2011M05", "2011M06", "2011M07", "2011M08", "2011M09", 
"2011M10", "2011M11", "2011M12", "2012M01", "2012M02", "2012M03", 
"2012M04", "2012M05", "2012M06", "2012M07", "2012M08", "2012M09", 
"2012M10", "2012M11", "2012M12", "2013M01", "2013M02", "2013M03", 
"2013M04", "2013M05", "2013M06", "2013M07", "2013M08", "2013M09", 
"2013M10", "2013M11", "2013M12", "2014M01", "2014M02", "2014M03", 
"2014M04", "2014M05", "2014M06", "2014M07", "2014M08", "2014M09", 
"2014M10", "2014M11", "2014M12", "2015M01", "2015M02", "2015M03", 
"2015M04", "2015M05", "2015M06", "2015M07", "2015M08", "2015M09", 
"2015M10", "2015M11", "2015M12", "2016M01", "2016M02", "2016M03", 
"2016M04", "2016M05", "2016M06", "2016M07", "2016M08", "2016M09", 
"2016M10", "2016M11", "2016M12", "2017M01", "2017M02", "2017M03", 
"2017M04", "2017M05", "2017M06", "2017M07", "2017M08", "2017M09", 
"2017M10", "2017M11", "2017M12", "2018M01", "2018M02", "2018M03", 
"2018M04", "2018M05", "2018M06", "2018M07", "2018M08", "2018M09", 
"2018M10", "2018M11", "2018M12", "2019M01", "2019M02", "2019M03", 
"2019M04", "2019M05", "2019M06", "2019M07", "2019M08", "2019M09", 
"2019M10", "2019M11", "2019M12", "2020M01", "2020M02", "2020M03", 
"2020M04", "2020M05", "2020M06", "2020M07", "2020M08", "2020M09", 
"2020M10", "2020M11", "2020M12", "2021M01", "2021M02", "2021M03", 
"2021M04", "2021M05", "2021M06", "2021M07", "2021M08", "2021M09", 
"2021M10", "2021M11", "2021M12", "2022M01", "2022M02", "2022M03", 
"2022M04", "2022M05", "2022M06", "2022M07", "2022M08", "2022M09", 
"2022M10", "2022M11", "2022M12", "2023M01", "2023M02", "2023M03", 
"2023M04", "2023M05", "2023M06", "2023M07", "2023M08", "2023M09", 
"2023M10", "2023M11", "2023M12", "2024M01", "2024M02", "2024M03", 
"2024M04", "2024M05", "2024M06", "2024M07", "2024M08", "2024M09", 
"2024M10", "2024M11", "2024M12"), value = c(0x1.2eedb1cp+26, 
0x1.57aa9d4p+26, 0x1.8181608p+26, 0x1.48ff71cp+26, 0x1.7d7ef48p+26, 
0x1.777107cp+26, 0x1.6730d8p+26, 0x1.2570f3cp+26, 0x1.96520ecp+26, 
0x1.d8c9108p+26, 0x1.a51cdb4p+26, 0x1.89b3ef4p+26, 0x1.7a2669p+26, 
0x1.95ae46cp+26, 0x1.de4422p+26, 0x1.91bf35p+26, 0x1.9b278ecp+26, 
0x1.9c4057cp+26, 0x1.b6a3e68p+26, 0x1.458b49p+26, 0x1.b5f9bccp+26, 
0x1.e0eec88p+26, 0x1.c8dde18p+26, 0x1.631ed84p+26, 0x1.84b0504p+26, 
0x1.8f3805cp+26, 0x1.bb529bp+26, 0x1.c66348cp+26, 0x1.a78dffp+26, 
0x1.83fd1dp+26, 0x1.ebf1a5p+26, 0x1.50ab928p+26, 0x1.d6b9ad4p+26, 
0x1.15aa20ep+27, 0x1.ea272fcp+26, 0x1.85251b4p+26, 0x1.a115bfcp+26, 
0x1.a02be58p+26, 0x1.d692cd8p+26, 0x1.c30797cp+26, 0x1.a3a7254p+26, 
0x1.a1e4f44p+26, 0x1.d9aad3p+26, 0x1.5465f9cp+26, 0x1.0f3ea86p+27, 
0x1.2bad19ap+27, 0x1.fe60424p+26, 0x1.7e3a8d8p+26, 0x1.9b5db54p+26, 
0x1.c79d294p+26, 0x1.02ced82p+27, 0x1.bc27d88p+26, 0x1.e8b0a74p+26, 
0x1.02d7e2p+27, 0x1.02783e4p+27, 0x1.94032a4p+26, 0x1.249f82cp+27, 
0x1.1cf9bf8p+27, 0x1.1ec70d6p+27, 0x1.cb25b1p+26, 0x1.ca4d9f4p+26, 
0x1.c6aa304p+26, 0x1.05cdd8ap+27, 0x1.ee635f4p+26, 0x1.e47398p+26, 
0x1.07fb906p+27, 0x1.ec6dedp+26, 0x1.9fa39c4p+26, 0x1.231f5aep+27, 
0x1.0f0cfe6p+27, 0x1.2818868p+27, 0x1.f54c6bp+26, 0x1.e453dfp+26, 
0x1.03fb958p+27, 0x1.2519068p+27, 0x1.01fc932p+27, 0x1.2a9bb8cp+27, 
0x1.2f9b1d2p+27, 0x1.159b056p+27, 0x1.d402398p+26, 0x1.38b80ccp+27, 
0x1.4b5cdd2p+27, 0x1.575f81ep+27, 0x1.2c0b7dp+27, 0x1.2bbfe92p+27, 
0x1.2c6a308p+27, 0x1.62076cep+27, 0x1.28a3e8cp+27, 0x1.406f2b4p+27, 
0x1.44648d8p+27, 0x1.510ae4ap+27, 0x1.2235eeap+27, 0x1.5dc6842p+27, 
0x1.8d653dep+27, 0x1.8156b56p+27, 0x1.3e03638p+27, 0x1.48f40cep+27, 
0x1.5f7166ep+27, 0x1.6601626p+27, 0x1.6f20cfcp+27, 0x1.5dcca76p+27, 
0x1.5f3cf54p+27, 0x1.644885ap+27, 0x1.274f5b4p+27, 0x1.a0ef09ap+27, 
0x1.b976d0ep+27, 0x1.7f1c1bcp+27, 0x1.246c3bp+27, 0x1.39bd918p+27, 
0x1.2c8a40ap+27, 0x1.3dc230ap+27, 0x1.13aced2p+27, 0x1.13e4a06p+27, 
0x1.1a3cb04p+27, 0x1.20ae386p+27, 0x1.14bb1ap+27, 0x1.6377486p+27, 
0x1.8fe74b4p+27, 0x1.75f54e6p+27, 0x1.356e67ep+27, 0x1.4435f8cp+27, 
0x1.6e97734p+27, 0x1.8e0bb14p+27, 0x1.6b4c4b4p+27, 0x1.828959cp+27, 
0x1.b19853ap+27, 0x1.913d512p+27, 0x1.aa3943p+27, 0x1.1752482p+28, 
0x1.1c828dap+28, 0x1.2d165b1p+28, 0x1.0688bcbp+28, 0x1.eed5e0cp+27, 
0x1.0904387p+28, 0x1.1095ea1p+28, 0x1.fb58baap+27, 0x1.e413adep+27, 
0x1.04e3316p+28, 0x1.cd0deeep+27, 0x1.bfa757ap+27, 0x1.21bb5a9p+28, 
0x1.109edf3p+28, 0x1.22eb6f1p+28, 0x1.a9cb7c6p+27, 0x1.ac232c4p+27, 
0x1.d19e3bp+27, 0x1.e31bb68p+27, 0x1.ef783a6p+27, 0x1.eeb783p+27, 
0x1.f518866p+27, 0x1.a598e5cp+27, 0x1.b62f0cp+27, 0x1.cff8c0cp+27, 
0x1.fa62372p+27, 0x1.f8eebaap+27, 0x1.59115dcp+27, 0x1.a0c0404p+27, 
0x1.b0f03f4p+27, 0x1.e76a0f2p+27, 0x1.dc642d8p+27, 0x1.c855d2p+27, 
0x1.d59b9dcp+27, 0x1.10768f8p+28, 0x1.df4b5a2p+27, 0x1.0f13193p+28, 
0x1.365787fp+28, 0x1.141de41p+28, 0x1.aac1008p+27, 0x1.f623bc6p+27, 
0x1.f78f86ap+27, 0x1.136990dp+28, 0x1.068c31fp+28, 0x1.e7c582p+27, 
0x1.fe17652p+27, 0x1.1283fdep+28, 0x1.b0e1c6cp+27, 0x1.266676cp+28, 
0x1.29c1ff5p+28, 0x1.0ab03bep+28, 0x1.b6584cp+27, 0x1.eb33cd8p+27, 
0x1.f7e4e8cp+27, 0x1.1f850bap+28, 0x1.18f8c32p+28, 0x1.15d469fp+28, 
0x1.32baa5fp+28, 0x1.156c909p+28, 0x1.c08b12ep+27, 0x1.4548144p+28, 
0x1.5633164p+28, 0x1.50069cep+28, 0x1.05ed11ap+28, 0x1.065ed86p+28, 
0x1.15f96cp+28, 0x1.16fc1bdp+28, 0x1.fd0e914p+27, 0x1.fa2db42p+27, 
0x1.11193dbp+28, 0x1.e19cb42p+27, 0x1.cd8b39ap+27, 0x1.1975b18p+28, 
0x1.19f34bbp+28, 0x1.24a5891p+28, 0x1.f006ad6p+27, 0x1.13c33b1p+28, 
0x1.112dcc3p+28, 0x1.3ca64fep+28, 0x1.0965ae6p+28, 0x1.2c6bd61p+28, 
0x1.31e6ad2p+28, 0x1.1fdbaeap+28, 0x1.114ce49p+28, 0x1.4e166f4p+28, 
0x1.5326f13p+28, 0x1.55cc52fp+28, 0x1.0043c56p+28, 0x1.35dc322p+28, 
0x1.1e5bd2p+28, 0x1.418e44bp+28, 0x1.21642efp+28, 0x1.37036e7p+28, 
0x1.3cf1749p+28, 0x1.4454b2fp+28, 0x1.126b609p+28, 0x1.4a1a14bp+28, 
0x1.673c209p+28, 0x1.5371c8p+28, 0x1.1739fd6p+28, 0x1.45ce715p+28, 
0x1.43e137ap+28, 0x1.57d3e07p+28, 0x1.41428c2p+28, 0x1.5482d3fp+28, 
0x1.31450a7p+28, 0x1.520d697p+28, 0x1.0b6d603p+28, 0x1.65e43ffp+28, 
0x1.7b1818p+28, 0x1.482281p+28, 0x1.1b01857p+28, 0x1.35dc268p+28, 
0x1.4869762p+28, 0x1.266f57dp+28, 0x1.b6710c8p+27, 0x1.eba62d8p+27, 
0x1.26326f8p+28, 0x1.4e6c352p+28, 0x1.0e71feap+28, 0x1.7302814p+28, 
0x1.8670b9dp+28, 0x1.860dfd4p+28, 0x1.47be467p+28, 0x1.5b6cbfep+28, 
0x1.76adaecp+28, 0x1.b64f12ep+28, 0x1.a051dd7p+28, 0x1.8d0142p+28, 
0x1.935dce1p+28, 0x1.85f67fep+28, 0x1.615a36ep+28, 0x1.b8cbe91p+28, 
0x1.c7b2972p+28, 0x1.c0aee95p+28, 0x1.a8a0ee6p+28, 0x1.9faedd7p+28, 
0x1.a316cc2p+28, 0x1.08826938p+29, 0x1.c47f13ap+28, 0x1.f996595p+28, 
