structure(list(period_id = c("2008M01", "2008M02", "2008M03", 
"2008M04", "2008M05", "2008M06", "2008M07", "2008M08", "2008M09", 
"2008M10", "2008M11", "2008M12", "2009M01", "2009M02", "2009M03", 
"2009M04", "2009M05", "2009M06", "2009M07", "2009M08", "2009M09", 
"2009M10", "2009M11", "2009M12", "2010M01", "2010M02", "2010M03", 
"2010M04", "2010M05", "2010M06", "2010M07", "2010M08", "2010M09", 
"2010M10", "2010M11", "2010M12", "2011M01", "2011M02", "2011M03", 
"2011M04", "2011M05", "2011M06", "2011M07", "2011M08", "2011M09", 
"2011M10", "2011M11", "2011M12", "2012M01", "2012M02", "2012M03", 
"2012M04", "2012M05", "2012M06", "2012M07", "2012M08", "2012M09", 
"2012M10", "2012M11", "2012M12", "2013M01", "2013M02", "2013M03", 
"2013M04", "2013M05", "2013M06", "2013M07", "2013M08", "2013M09", 
"2013M10", "2013M11", "2013M12", "2014M01", "2014M02", "2014M03", 
"2014M04", "2014M05", "2014M06", "2014M07", "2014M08", "2014M09", 
"2014M10", "2014M11", "2014M12", "2015M01", "2015M02", "2015M03", 
"2015M04", "2015M05", "2015M06", "2015M07", "2015M08", "2015M09", 
"2015M10", "2015M11", "2015M12", "2016M01", "2016M02", "2016M03", 
"2016M04", "2016M05", "2016M06", "2016M07", "2016M08", "2016M09", 
"2016M10", "2016M11", "2016M12", "2017M01", "2017M02", "2017M03", 
"2017M04", "2017M05", "2017M06", "2017M07", "2017M08", "2017M09", 
"2017M10", "2017M11", "2017M12", "2018M01", "2018M02", "2018M03", 
"2018M04", "2018M05", "2018M06", "2018M07", "2018M08", "2018M09", 
"2018M10", "2018M11", "2018M12", "2019M01", "2019M02", "2019M03", 
"2019M04", "2019M05", "2019M06", "2019M07", "2019M08", "2019M09", 
"2019M10", "2019M11", "2019M12", "2020M01", "2020M02", "2020M03", 
"2020M04", "2020M05", "2020M06", "2020M07", "2020M08", "2020M09", 
"2020M10", "2020M11", "2020M12", "2021M01", "2021M02", "2021M03", 
"2021M04", "2021M05", "2021M06", "2021M07", "2021M08", "2021M09", 
"2021M10", "2021M11", "2021M12", "2022M01", "2022M02", "2022M03", 
"2022M04", "2022M05", "2022M06", "2022M07", "2022M08", "2022M09", 
"2022M10", "2022M11", "2022M12", "2023M01", "2023M02", "2023M03", 
"2023M04", "2023M05", "2023M06", "2023M07", "2023M08", "2023M09", 
"2023M10", "2023M11", "2023M12", "2024M01", "2024M02", "2024M03", 
"2024M04", "2024M05", "2024M06", "2024M07", "2024M08", "2024M09", 
"2024M10", "2024M11", "2024M12", "2025M01", "2025M02", "2025M03", 
"2025M04", "2025M05"), value = c(0x1.acd5b7e68289cp+10, 0x1.b6a8deb33bec1p+10, 
0x1.b4a17374ac2b9p+10, 0x1.b231565d1294bp+10, 0x1.b4f069c8e46a3p+10, 
0x1.b42dff5d8fff7p+10, 0x1.b6b498a41bb77p+10, 0x1.d6412428117b8p+10, 
0x1.cfe4d06deaa67p+10, 0x1.d50ad113a6609p+10, 0x1.dd4346c3b91a1p+10, 
0x1.d8730a9a3cdb1p+10, 0x1.da9b24bb0ad03p+10, 0x1.d27701986590ap+10, 
0x1.d7026082eaf61p+10, 0x1.daf1867578bafp+10, 0x1.d5f7c2c9cc19ap+10, 
0x1.d76ff8c98e49ap+10, 0x1.d3d4fb24c2491p+10, 0x1.d460ce3c9ac9dp+10, 
0x1.da03886169b52p+10, 0x1.d865eef3b3558p+10, 0x1.d36bb24e3672ap+10, 
0x1.d5198f1df613dp+10, 0x1.d353ee2e720a3p+10, 0x1.d1d2e9d96011ep+10, 
0x1.d12b4ce80593ep+10, 0x1.d0eaa03b8ee05p+10, 0x1.d19507e2b87cdp+10, 
0x1.d1dd36a1be18cp+10, 0x1.d0826fef3bff1p+10, 0x1.d10d82a39f3c2p+10, 
0x1.d5b70a2b88865p+10, 0x1.d22a6ab94d2b9p+10, 0x1.d89a7a32328a2p+10, 
0x1.cf71e57f5cac8p+10, 0x1.cf2ac2963775ap+10, 0x1.cfb5f04869c16p+10, 
0x1.ce918db1a60b3p+10, 0x1.ccf04694296adp+10, 0x1.ce1571b4d5c81p+10, 
0x1.d28e213165a4ep+10, 0x1.d440be536ec74p+10, 0x1.d2c265806fc43p+10, 
0x1.ce4e5cecef66ep+10, 0x1.cbc9f5cdd8fe1p+10, 0x1.cb6417c96a29bp+10, 
0x1.cb19eece87621p+10, 0x1.cb4b01adedb46p+10, 0x1.cbeb298516e7ep+10, 
0x1.c6f8c60c12649p+10, 0x1.c48c7a78e80b5p+10, 0x1.c3a6784f3accfp+10, 
0x1.be49440990548p+10, 0x1.bbffc90edb66dp+10, 0x1.bb6b403b47897p+10, 
0x1.b9a93f04a0529p+10, 0x1.b68d0b86ee67ap+10, 0x1.b38d2a932622bp+10, 
0x1.b795eefb498a2p+10, 0x1.b651a0ad2934bp+10, 0x1.b2063d853bafdp+10, 
0x1.b509123b66727p+10, 0x1.b2dff838dd5cbp+10, 0x1.b5545e0f4875dp+10, 
0x1.b1c0be21ede31p+10, 0x1.b1a582a6d6cb8p+10, 0x1.af2078b664467p+10, 
0x1.aecd8b17ce3fap+10, 0x1.b24e8b4b0c7fp+10, 0x1.abff3445aeeffp+10, 
0x1.b0225e39df052p+10, 0x1.af2db415b3787p+10, 0x1.b3ee1d35595c7p+10, 
0x1.afa6e1ba0a48dp+10, 0x1.b3ed3f642e9cp+10, 0x1.b347602792cedp+10, 
0x1.b4a7a87576aa8p+10, 0x1.b61f024ab30f6p+10, 0x1.b87b089f2b49fp+10, 
0x1.b8fb1ef97b01p+10, 0x1.ba2ca310a2057p+10, 0x1.b71eca1208ceep+10, 
0x1.b34019854e761p+10, 0x1.b986db3dec35dp+10, 0x1.b5d6641a367e9p+10, 
0x1.b824c74c33152p+10, 0x1.bb0d37624aa7p+10, 0x1.bada53a5e225ap+10, 
0x1.bcd90ca895d58p+10, 0x1.bebc48ef8e9d3p+10, 0x1.bce063d10a645p+10, 
0x1.bd43a84cbbb5ap+10, 0x1.be3fb57cc1d65p+10, 0x1.c6d1a14ad494p+10, 
0x1.c4d9898e30fd7p+10, 0x1.c89b1b439ea9cp+10, 0x1.cc8c5ec31d9a4p+10, 
0x1.cb531c72f3648p+10, 0x1.ca109bc899a5cp+10, 0x1.c8cb6b7c1a6edp+10, 
0x1.ca12f99c6df5p+10, 0x1.c980fa23a87d1p+10, 0x1.cbccb008180dap+10, 
0x1.cd02b70c66e0fp+10, 0x1.cdb5a4eeff072p+10, 0x1.c7d22d3665378p+10, 
0x1.ce86cd1b6ab49p+10, 0x1.c9aa1486bc8e1p+10, 0x1.cae73076fa46ap+10, 
0x1.cbdd6e7727f4ap+10, 0x1.cdc69239f53dbp+10, 0x1.d0f34aee6ae5ap+10, 
0x1.cfd9f21cadcp+10, 0x1.d1d35704f3d3dp+10, 0x1.d50d547e1d6ap+10, 
0x1.da243d75f6ef1p+10, 0x1.d7c7d21d0f916p+10, 0x1.d7c1fd80629fbp+10, 
0x1.d628475e2d39dp+10, 0x1.d44fca5cb6e0bp+10, 0x1.d33d88a71bb5ep+10, 
0x1.d35f36f55c07fp+10, 0x1.d669b591c267fp+10, 0x1.d3e3b28ad6002p+10, 
0x1.d95ad47491a72p+10, 0x1.daf4777b39464p+10, 0x1.dcd3a1205c181p+10, 
0x1.d74e6ba4449dep+10, 0x1.d8ddede27aeecp+10, 0x1.d6f2bad44050dp+10, 
0x1.e0cc5efb69085p+10, 0x1.e41a032fb92a2p+10, 0x1.e62c6ec5ef4bfp+10, 
0x1.e5715f15b7222p+10, 0x1.e05c5e5f80e0ep+10, 0x1.e3f33f81aebacp+10, 
0x1.e9fc146f2a833p+10, 0x1.ed22e20df8de2p+10, 0x1.ea5cf97020f79p+10, 
0x1.ed5d81c129da3p+10, 0x1.e9ef0c4d621cdp+10, 0x1.f16f946712af4p+10, 
0x1.eec9c156696d2p+10, 0x1.e877e68bb16f9p+10, 0x1.ecfcdd8d8608cp+10, 
0x1.f14e69d6f634ep+10, 0x1.18bb59d454538p+11, 0x1.12f1dcba655dap+11, 
0x1.07e4988bfc406p+11, 0x1.03824ba147a96p+11, 0x1.0245b52ac2b07p+11, 
0x1.048f21d7b87a9p+11, 0x1.0703d690e6996p+11, 0x1.1a3cff6499817p+11, 
0x1.1ef860415b29dp+11, 0x1.21ed4cb694ab3p+11, 0x1.1dca53ee75e57p+11, 
0x1.1e542f26ba66ep+11, 0x1.1ffd029581dcep+11, 0x1.3010a7f55c365p+11, 
0x1.18d2eaa664d3fp+11, 0x1.15d74b50250b4p+11, 0x1.060111f01054dp+11, 
0x1.02016df575111p+11, 0x1.012794dbcd4bap+11, 0x1.0306b3f6f48d1p+11, 
0x1.0271f2e98887bp+11, 0x1.eb04bb29ee434p+10, 0x1.eb88585b9560dp+10, 
0x1.f305c039878a2p+10, 0x1.eec80962e0b1cp+10, 0x1.ebcba2e2252eap+10, 
0x1.e972bf60c0d35p+10, 0x1.ea168f14fbb0bp+10, 0x1.e499cf5c00c7dp+10, 
0x1.ebe3712113abfp+10, 0x1.f17ac6795e4fcp+10, 0x1.f4e1ba0197264p+10, 
0x1.ed520d93a2d1dp+10, 0x1.ece4eab7718e7p+10, 0x1.eef26782e803ep+10, 
0x1.eebebbaa3f8c1p+10, 0x1.f9836ea56503bp+10, 0x1.fb6ef26eda018p+10, 
0x1.fb0af90753a08p+10, 0x1.feb55efd2da02p+10, 0x1.009f06cf7ee16p+11, 
0x1.fcaf7b7d745c3p+10, 0x1.fab9c0f8e308dp+10, 0x1.fb2e5c1cf65d5p+10, 
0x1.052a2ab6867ccp+11, 0x1.fa3248750c4d1p+10, 0x1.fa26e848ffb6dp+10, 
0x1.fade36579c6dep+10, 0x1.f916f34567745p+10, 0x1.fc7c76af37f43p+10, 
0x1.04df4e0cffaddp+11, 0x1.0602a7d2dc8ffp+11, 0x1.06b77430ee0d5p+11, 
0x1.082f7850a126bp+11, 0x1.097d65f5c2647p+11, 0x1.09a0cea43eaf8p+11, 
0x1.0ccdf4a37c5f9p+11, 0x1.108b24cd1c62cp+11, 0x1.12aefae43ac89p+11, 
0x1.131ad60826613p+11, 0x1.1367bccabc4b2p+11, 0x1.15725dc3cd72p+11
)), class = "data.frame", row.names = c(NA, -209L))
