structure(list(period_id = c("1995Q1", "1995Q2", "1995Q3", "1995Q4", 
"1996Q1", "1996Q2", "1996Q3", "1996Q4", "1997Q1", "1997Q2", "1997Q3", 
"1997Q4", "1998Q1", "1998Q2", "1998Q3", "1998Q4", "1999Q1", "1999Q2", 
"1999Q3", "1999Q4", "2000Q1", "2000Q2", "2000Q3", "2000Q4", "2001Q1", 
"2001Q2", "2001Q3", "2001Q4", "2002Q1", "2002Q2", "2002Q3", "2002Q4", 
"2003Q1", "2003Q2", "2003Q3", "2003Q4", "2004Q1", "2004Q2", "2004Q3", 
"2004Q4", "2005Q1", "2005Q2", "2005Q3", "2005Q4", "2006Q1", "2006Q2", 
"2006Q3", "2006Q4", "2007Q1", "2007Q2", "2007Q3", "2007Q4", "2008Q1", 
"2008Q2", "2008Q3", "2008Q4", "2009Q1", "2009Q2", "2009Q3", "2009Q4", 
"2010Q1", "2010Q2", "2010Q3", "2010Q4", "2011Q1", "2011Q2", "2011Q3", 
"2011Q4", "2012Q1", "2012Q2", "2012Q3", "2012Q4", "2013Q1", "2013Q2", 
"2013Q3", "2013Q4", "2014Q1", "2014Q2", "2014Q3", "2014Q4", "2015Q1", 
"2015Q2", "2015Q3", "2015Q4", "2016Q1", "2016Q2", "2016Q3", "2016Q4", 
"2017Q1", "2017Q2", "2017Q3", "2017Q4", "2018Q1", "2018Q2", "2018Q3", 
"2018Q4", "2019Q1", "2019Q2", "2019Q3", "2019Q4", "2020Q1", "2020Q2", 
"2020Q3", "2020Q4", "2021Q1", "2021Q2", "2021Q3", "2021Q4", "2022Q1", 
"2022Q2", "2022Q3", "2022Q4", "2023Q1", "2023Q2", "2023Q3", "2023Q4", 
"2024Q1", "2024Q2", "2024Q3", "2024Q4", "2025Q1"), value = c(0x1.ba8ce1c58255bp+6, 
0x1.dde13b5bf6a0ep+6, 0x1.f813a3ec02f3p+6, 0x1.09c7542a23cp+7, 
0x1.1d69f05ea24ccp+7, 0x1.1c6ddaad602p+7, 0x1.1452493c89f41p+7, 
0x1.1b534c1a8ac5cp+7, 0x1.0d434267839cep+7, 0x1.0836bc1eff9f8p+7, 
0x1.0a2537e2c55c9p+7, 0x1.00089e98dcdb3p+7, 0x1.000aaf5771002p+7, 
0x1.01fb76d549731p+7, 0x1.18298eb895076p+7, 0x1.1f72f2f9874p+7, 
0x1.35c49081c2e34p+7, 0x1.4c2959e625636p+7, 0x1.51a08f861a60dp+7, 
0x1.6050c38f36695p+7, 0x1.78f4d96206855p+7, 0x1.7bcf64f11b60bp+7, 
0x1.822ea9c560c7cp+7, 0x1.99699e30014f9p+7, 0x1.87491dffc547ap+7, 
0x1.91ac6ac215b9ap+7, 0x1.8dd16bb98c7e3p+7, 0x1.8721ada76d97bp+7, 
0x1.9e01083dbc233p+7, 0x1.a72dfa22706d5p+7, 0x1.bc53c621b7e0bp+7, 
0x1.dd9e59af9ebeap+7, 0x1.e5e53d640e9d5p+7, 0x1.f4d163fdd65a1p+7, 
0x1.06c25b749adc9p+8, 0x1.05d12cadddf44p+8, 0x1.09ee1b2a27f1bp+8, 
0x1.0f593671ac14cp+8, 0x1.121c72d1aeb3ep+8, 0x1.15546b9c304cdp+8, 
0x1.1b87b7952d235p+8, 0x1.1cc7bc5de9c02p+8, 0x1.1e190092ccf6cp+8, 
0x1.27c23315d701ep+8, 0x1.3729d35653c9bp+8, 0x1.4a8f9702e6645p+8, 
0x1.50dc904f6dfc6p+8, 0x1.4b251fc4c1659p+8, 0x1.557e0bf5d7881p+8, 
0x1.4d75bb4916ca4p+8, 0x1.68f7c0d2c386dp+8, 0x1.7d3d0dae3e6c5p+8, 
0x1.8986ab4741073p+8, 0x1.b39ad03d9a954p+8, 0x1.444c0d4dc65c7p+8, 
0x1.aa36e1cde5d18p+8, 0x1.a92f606b7aa26p+8, 0x1.9742f262888b5p+8, 
0x1.9b0b16a055758p+8, 0x1.a9c94163779eap+8, 0x1.a0b060029f16bp+8, 
0x1.a731a87a072d2p+8, 0x1.ab77cd35a8588p+8, 0x1.af4f681669cedp+8, 
0x1.b5bb5cd0bb6edp+8, 0x1.b4a07064ece9ap+8, 0x1.b3df46fdeb52dp+8, 
0x1.59461f2990f3p+8, 0x1.5fd48301a79ffp+8, 0x1.4fb6219652bd4p+8, 
0x1.4103f20a73f75p+8, 0x1.40929d1f60179p+8, 0x1.3a013404ea4a9p+8, 
0x1.3117bc2b94d94p+8, 0x1.37549d0635a42p+8, 0x1.29c809d495183p+8, 
0x1.2cad5703f2d3cp+8, 0x1.457690de09353p+8, 0x1.44da02fb5d031p+8, 
0x1.3e7c533b10774p+8, 0x1.47b30068db8bbp+8, 0x1.41a500713f078p+8, 
0x1.4c9dd18090b41p+8, 0x1.61e46e5cd4ed3p+8, 0x1.56ffa5f41aef7p+8, 
0x1.4d00b3e5753a4p+8, 0x1.4d50bef8ceb35p+8, 0x1.3f4d421c04428p+8, 
0x1.436322af5771p+8, 0x1.5fd993c46d82cp+8, 0x1.59de9270b06c4p+8, 
0x1.69657bfa4c61ep+8, 0x1.6ddf27cbf6e3fp+8, 0x1.656609784ec63p+8, 
0x1.86a63315d701ep+8, 0x1.8c8f3cd573648p+8, 0x1.8f332085b1855p+8, 
0x1.8b72d85dfa872p+8, 0x1.91b2dcf4623d1p+8, 0x1.8bda1dc93ea2dp+8, 
0x1.8684c4dec1c1dp+8, 0x1.993667e846a5dp+8, 0x1.953815c209247p+8, 
0x1.a3cfec13b9f12p+8, 0x1.c4ad70e6f2e8cp+8, 0x1.d3315b6805a2dp+8, 
0x1.e1fc8eabffcdbp+8, 0x1.ea5bbc1acde1ap+8, 0x1.f8d91cb039ef1p+8, 
0x1.ff1819d2391d5p+8, 0x1.043a59c8c9321p+9, 0x1.019c7fb267c6cp+9, 
0x1.55129595feda6p+9, 0x1.50d0e0a84be4p+9, 0x1.58658769ec2cep+9, 
0x1.653c9a91105e2p+9, 0x1.9a7a1ebc83a97p+9, 0x1.6e1cdb59578a3p+9, 
0x1.6fbb7df19d66bp+9, 0x1.740ea5269596p+9, 0x1.806edbdf8f473p+9
)), class = "data.frame", row.names = c(NA, -121L))
