structure(list(period_id = c("1995Q1", "1995Q2", "1995Q3", "1995Q4", 
"1996Q1", "1996Q2", "1996Q3", "1996Q4", "1997Q1", "1997Q2", "1997Q3", 
"1997Q4", "1998Q1", "1998Q2", "1998Q3", "1998Q4", "1999Q1", "1999Q2", 
"1999Q3", "1999Q4", "2000Q1", "2000Q2", "2000Q3", "2000Q4", "2001Q1", 
"2001Q2", "2001Q3", "2001Q4", "2002Q1", "2002Q2", "2002Q3", "2002Q4", 
"2003Q1", "2003Q2", "2003Q3", "2003Q4", "2004Q1", "2004Q2", "2004Q3", 
"2004Q4", "2005Q1", "2005Q2", "2005Q3", "2005Q4", "2006Q1", "2006Q2", 
"2006Q3", "2006Q4", "2007Q1", "2007Q2", "2007Q3", "2007Q4", "2008Q1", 
"2008Q2", "2008Q3", "2008Q4", "2009Q1", "2009Q2", "2009Q3", "2009Q4", 
"2010Q1", "2010Q2", "2010Q3", "2010Q4", "2011Q1", "2011Q2", "2011Q3", 
"2011Q4", "2012Q1", "2012Q2", "2012Q3", "2012Q4", "2013Q1", "2013Q2", 
"2013Q3", "2013Q4", "2014Q1", "2014Q2", "2014Q3", "2014Q4", "2015Q1", 
"2015Q2", "2015Q3", "2015Q4", "2016Q1", "2016Q2", "2016Q3", "2016Q4", 
"2017Q1", "2017Q2", "2017Q3", "2017Q4", "2018Q1", "2018Q2", "2018Q3", 
"2018Q4", "2019Q1", "2019Q2", "2019Q3", "2019Q4", "2020Q1", "2020Q2", 
"2020Q3", "2020Q4", "2021Q1", "2021Q2", "2021Q3", "2021Q4", "2022Q1", 
"2022Q2", "2022Q3", "2022Q4", "2023Q1", "2023Q2", "2023Q3", "2023Q4", 
"2024Q1", "2024Q2", "2024Q3", "2024Q4"), value = c(0x1.7450d801b4352p+7, 
0x1.825cd9c6b0532p+7, 0x1.8f0541743e964p+7, 0x1.a43659d12cadep+7, 
0x1.b43c8e68e3ef3p+7, 0x1.c4433dd11be6ep+7, 0x1.d144a600b0293p+7, 
0x1.e002bf9830e3dp+7, 0x1.bcdd78a2a90cdp+7, 0x1.fd014d2f5dbbap+7, 
0x1.092aef2c73259p+8, 0x1.0c288f7553693p+8, 0x1.1392abbcb1cc9p+8, 
0x1.15b5eebb341e1p+8, 0x1.19186f36ef805p+8, 0x1.2116bd7f51efbp+8, 
0x1.25e8c319c5a3ep+8, 0x1.32df9ebe9c886p+8, 0x1.3c760e410b631p+8, 
0x1.45056440f2389p+8, 0x1.4ef651f3e89a9p+8, 0x1.5933b3a68b19ap+8, 
0x1.6895a858793dep+8, 0x1.7330c165907d9p+8, 0x1.7e1e4484944edp+8, 
0x1.8ba72fdb8fde3p+8, 0x1.951b4091c0874p+8, 0x1.9f501a8ac5c14p+8, 
0x1.b6ed930be0dedp+8, 0x1.c2b102eec7c95p+8, 0x1.d0205e6ff7dfap+8, 
0x1.e291a9eb2074fp+8, 0x1.e45aaaf35e311p+8, 0x1.f248ddb5525ccp+8, 
0x1.fdb2675147f13p+8, 0x1.0356f9b994e1ap+9, 0x1.096d3ba775fb3p+9, 
0x1.11a2e13f4a98bp+9, 0x1.1844c64fdb09ap+9, 0x1.1b3578ab0c88ap+9, 
0x1.240a45a1cac08p+9, 0x1.29a72a5a469d7p+9, 0x1.338040af1cb8ap+9, 
0x1.40cafb549f948p+9, 0x1.48f0cac4b4d05p+9, 0x1.5229a3e39f773p+9, 
0x1.5cef9e0e73605p+9, 0x1.6c181ae70c133p+9, 0x1.7c5abc408d8edp+9, 
0x1.87ad6273929edp+9, 0x1.bb08b76f6d762p+9, 0x1.c4dffe86833c6p+9, 
0x1.cbc2134480629p+9, 0x1.d8b16bfca85cbp+9, 0x1.e1cfcb039ef0fp+9, 
0x1.ec548f32378abp+9, 0x1.b528d666a9824p+9, 0x1.b78c1815a07b3p+9, 
0x1.beef0fd7e458p+9, 0x1.beee9e774eebfp+9, 0x1.c14cd50657321p+9, 
0x1.c9d90d5a5b963p+9, 0x1.d12c5ccc89b0fp+9, 0x1.d4e8dc1a47a9ep+9, 
0x1.e16e71151611cp+9, 0x1.d8f2d8cb07d0bp+9, 0x1.ef09372a38b8bp+9, 
0x1.d43911409a24p+9, 0x1.e60b0b28522eap+9, 0x1.ef3ae581cf788p+9, 
0x1.f1e7003686a4dp+9, 0x1.fc1c2699c7bccp+9, 0x1.db26c7863beecp+9, 
0x1.df6428997c3d7p+9, 0x1.f71b88ebcc6c5p+9, 0x1.01e8f51efb6ddp+10, 
0x1.0ca1816f0068ep+10, 0x1.0f4f8db8bac71p+10, 0x1.01632aae29739p+10, 
0x1.0bcc7631b584bp+10, 0x1.08403dfb0d52p+10, 0x1.11b967d77fae3p+10, 
0x1.10e89ef5232d3p+10, 0x1.08d8bfb58d152p+10, 0x1.1504831ad2136p+10, 
0x1.1777f6f4be836p+10, 0x1.1c5a24180d3dp+10, 0x1.2d1ec6822ff09p+10, 
0x1.37b67219220ffp+10, 0x1.365feef5ec80cp+10, 0x1.44e80f9096bbap+10, 
0x1.50036f36ef805p+10, 0x1.4c6f63c31df76p+10, 0x1.560584cad57bcp+10, 
0x1.5a3f4a5df223ap+10, 0x1.60c05432873bdp+10, 0x1.68b2e9b38d60ap+10, 
0x1.68aed68405b3ap+10, 0x1.6630ab29e4d5ep+10, 0x1.683a3a322af57p+10, 
0x1.7dcd0c5eb313cp+10, 0x1.136db3743632cp+10, 0x1.28b19e8c47a18p+10, 
0x1.48dd59ea57215p+10, 0x1.546b881a1555p+10, 0x1.607f6b7aa25d9p+10, 
0x1.a1b9933e35c5bp+10, 0x1.b9062120e1f7dp+10, 0x1.c2fd2f09d8c6dp+10, 
0x1.df657da1ec4e7p+10, 0x1.f2616f60e0eb6p+10, 0x1.e8eac3d25247dp+10, 
0x1.f56f8c692f6e8p+10, 0x1.f6089d495182bp+10, 0x1.ffbd16df3f962p+10, 
0x1.0401b09203a32p+11, 0x1.02fb4cec41dd2p+11, 0x1.0bb0d657fb69ap+11, 
0x1.1184b19a415f4p+11, 0x1.169ca0817fc76p+11)), class = "data.frame", row.names = c(NA, 
-120L))
