structure(list(period_id = c("1995Q1", "1995Q2", "1995Q3", "1995Q4", 
"1996Q1", "1996Q2", "1996Q3", "1996Q4", "1997Q1", "1997Q2", "1997Q3", 
"1997Q4", "1998Q1", "1998Q2", "1998Q3", "1998Q4", "1999Q1", "1999Q2", 
"1999Q3", "1999Q4", "2000Q1", "2000Q2", "2000Q3", "2000Q4", "2001Q1", 
"2001Q2", "2001Q3", "2001Q4", "2002Q1", "2002Q2", "2002Q3", "2002Q4", 
"2003Q1", "2003Q2", "2003Q3", "2003Q4", "2004Q1", "2004Q2", "2004Q3", 
"2004Q4", "2005Q1", "2005Q2", "2005Q3", "2005Q4", "2006Q1", "2006Q2", 
"2006Q3", "2006Q4", "2007Q1", "2007Q2", "2007Q3", "2007Q4", "2008Q1", 
"2008Q2", "2008Q3", "2008Q4", "2009Q1", "2009Q2", "2009Q3", "2009Q4", 
"2010Q1", "2010Q2", "2010Q3", "2010Q4", "2011Q1", "2011Q2", "2011Q3", 
"2011Q4", "2012Q1", "2012Q2", "2012Q3", "2012Q4", "2013Q1", "2013Q2", 
"2013Q3", "2013Q4", "2014Q1", "2014Q2", "2014Q3", "2014Q4", "2015Q1", 
"2015Q2", "2015Q3", "2015Q4", "2016Q1", "2016Q2", "2016Q3", "2016Q4", 
"2017Q1", "2017Q2", "2017Q3", "2017Q4", "2018Q1", "2018Q2", "2018Q3", 
"2018Q4", "2019Q1", "2019Q2", "2019Q3", "2019Q4", "2020Q1", "2020Q2", 
"2020Q3", "2020Q4", "2021Q1", "2021Q2", "2021Q3", "2021Q4", "2022Q1", 
"2022Q2", "2022Q3", "2022Q4", "2023Q1", "2023Q2", "2023Q3", "2023Q4", 
"2024Q1", "2024Q2", "2024Q3"), value = c(NA, NA, NA, NA, 0x1.077d8de4c5111p+11, 
0x1.211c6c2acb85ap+11, 0x1.1e733239a38fcp+11, 0x1.23248e7ff583ap+11, 
0x1.17df46455eaeep+11, 0x1.477401c92ddbep+11, 0x1.40ce27d24180dp+11, 
0x1.4d8eba5e353f8p+11, 0x1.409b6c093d966p+11, 0x1.588c4289118c2p+11, 
0x1.58dc59b1b79d9p+11, 0x1.5e5c1841aac54p+11, 0x1.4352f850df15ap+11, 
0x1.5ba7333b96afp+11, 0x1.5c03551d68c69p+11, 0x1.70a76b0b7c35p+11, 
0x1.6e33e4ef0281cp+11, 0x1.8b3fe644d8772p+11, 0x1.8959a05bc01a3p+11, 
0x1.9794c4d87725p+11, 0x1.986c232f44913p+11, 0x1.a2564cc46951p+11, 
0x1.a5c7f13f077cdp+11, 0x1.aa0fdc65c7043p+11, 0x1.aba571f79420bp+11, 
0x1.c6facc5da6a44p+11, 0x1.cbf155bccaf71p+11, 0x1.ce5b533d29564p+11, 
0x1.b938378ee2867p+11, 0x1.d126305b7cfe6p+11, 0x1.da90a3ee1bd1fp+11, 
0x1.e1094a1cef241p+11, 0x1.d824fb56b8738p+11, 0x1.0b7b56b3354c1p+12, 
0x1.10b48e64b2314p+12, 0x1.14262eec7c958p+12, 0x1.0785841461b6dp+12, 
0x1.27e18945f9df5p+12, 0x1.31fbcd8665e03p+12, 0x1.329df5a74c09cp+12, 
0x1.38a8793ccd0ffp+12, 0x1.518a0586876e2p+12, 0x1.5109e50507a6cp+12, 
0x1.5e48abd5dc4p+12, 0x1.6aaf7727136a4p+12, 0x1.800d1f2452c5ap+12, 
0x1.8547fd438d1d9p+12, 0x1.82da4e9a2c669p+12, 0x1.89f4394d94079p+12, 
0x1.a50a3d3d4280bp+12, 0x1.938bcb6a619dbp+12, 0x1.700996f75d9a1p+12, 
0x1.3bb0554a7f801p+12, 0x1.46d7ab0a6fc59p+12, 0x1.4e7b3cdab191ep+12, 
0x1.5b42c723aafffp+12, 0x1.51df676a7264ap+12, 0x1.6fcf284dfce31p+12, 
0x1.779fa9a91105ep+12, 0x1.7babc04c8bc9dp+12, 0x1.7782f6f08cc57p+12, 
0x1.8dc891bf7ad4bp+12, 0x1.89301740c4157p+12, 0x1.883c9e785b5b7p+12, 
0x1.7c6f6d0917d6bp+12, 0x1.8e69b0110a138p+12, 0x1.8b9d1be8ff328p+12, 
0x1.8be59666a9824p+12, 0x1.820f52630ec31p+12, 0x1.97b2a38fbca1p+12, 
0x1.99c5fa3ca7504p+12, 0x1.9abab65ba6efcp+12, 0x1.90a944189374cp+12, 
0x1.a97bb6f19934fp+12, 0x1.b6519cae21102p+12, 0x1.bbeae176ddacfp+12, 
0x1.ae3e40f88334p+12, 0x1.c2fc8306e5cd5p+12, 0x1.c91fbb96af039p+12, 
0x1.ceccb65dbfcebp+12, 0x1.c86c1247cb70bp+12, 0x1.e7f881c714fcep+12, 
0x1.e5454face67d7p+12, 0x1.e74fa5dbfceb8p+12, 0x1.f72dee7a311e8p+12, 
0x1.092c35d1c3ac9p+13, 0x1.109bfb3e1437cp+13, 0x1.13394c093d966p+13, 
0x1.0d571cbccf28cp+13, 0x1.1dc20f640639dp+13, 0x1.1b7b29a9973dap+13, 
0x1.238bc7620ee8dp+13, 0x1.1c014a89fc6dap+13, 0x1.3023b4f8b588ep+13, 
0x1.29d23c947064fp+13, 0x1.26cbd675579afp+13, 0x1.19f485215768ap+13, 
0x1.d25b3521144ccp+12, 0x1.106e7dd095af3p+13, 0x1.24782c48adeecp+13, 
0x1.20fd57995ee13p+13, 0x1.33b1dc896dd27p+13, 0x1.3227dd3aa36ap+13, 
0x1.4d8a3baba7b91p+13, 0x1.36a59a0945f9ep+13, 0x1.5113f4467381dp+13, 
0x1.57151301eabbdp+13, 0x1.49395ba908a26p+13, 0x1.43751f67f4dbep+13, 
0x1.50cbf56084a51p+13, 0x1.381a88b5cbff4p+13, 0x1.41842131a8ef7p+13, 
0x1.4184ea3d70a3dp+13, 0x1.4f9f86d04e619p+13, 0x1.5232c046c764bp+13
)), class = "data.frame", row.names = c(NA, -119L))
