structure(list(period_id = c("2000M01", "2000M02", "2000M03", 
"2000M04", "2000M05", "2000M06", "2000M07", "2000M08", "2000M09", 
"2000M10", "2000M11", "2000M12", "2001M01", "2001M02", "2001M03", 
"2001M04", "2001M05", "2001M06", "2001M07", "2001M08", "2001M09", 
"2001M10", "2001M11", "2001M12", "2002M01", "2002M02", "2002M03", 
"2002M04", "2002M05", "2002M06", "2002M07", "2002M08", "2002M09", 
"2002M10", "2002M11", "2002M12", "2003M01", "2003M02", "2003M03", 
"2003M04", "2003M05", "2003M06", "2003M07", "2003M08", "2003M09", 
"2003M10", "2003M11", "2003M12", "2004M01", "2004M02", "2004M03", 
"2004M04", "2004M05", "2004M06", "2004M07", "2004M08", "2004M09", 
"2004M10", "2004M11", "2004M12", "2005M01", "2005M02", "2005M03", 
"2005M04", "2005M05", "2005M06", "2005M07", "2005M08", "2005M09", 
"2005M10", "2005M11", "2005M12", "2006M01", "2006M02", "2006M03", 
"2006M04", "2006M05", "2006M06", "2006M07", "2006M08", "2006M09", 
"2006M10", "2006M11", "2006M12", "2007M01", "2007M02", "2007M03", 
"2007M04", "2007M05", "2007M06", "2007M07", "2007M08", "2007M09", 
"2007M10", "2007M11", "2007M12", "2008M01", "2008M02", "2008M03", 
"2008M04", "2008M05", "2008M06", "2008M07", "2008M08", "2008M09", 
"2008M10", "2008M11", "2008M12", "2009M01", "2009M02", "2009M03", 
"2009M04", "2009M05", "2009M06", "2009M07", "2009M08", "2009M09", 
"2009M10", "2009M11", "2009M12", "2010M01", "2010M02", "2010M03", 
"2010M04", "2010M05", "2010M06", "2010M07", "2010M08", "2010M09", 
"2010M10", "2010M11", "2010M12", "2011M01", "2011M02", "2011M03", 
"2011M04", "2011M05", "2011M06", "2011M07", "2011M08", "2011M09", 
"2011M10", "2011M11", "2011M12", "2012M01", "2012M02", "2012M03", 
"2012M04", "2012M05", "2012M06", "2012M07", "2012M08", "2012M09", 
"2012M10", "2012M11", "2012M12", "2013M01", "2013M02", "2013M03", 
"2013M04", "2013M05", "2013M06", "2013M07", "2013M08", "2013M09", 
"2013M10", "2013M11", "2013M12", "2014M01", "2014M02", "2014M03", 
"2014M04", "2014M05", "2014M06", "2014M07", "2014M08", "2014M09", 
"2014M10", "2014M11", "2014M12", "2015M01", "2015M02", "2015M03", 
"2015M04", "2015M05", "2015M06", "2015M07", "2015M08", "2015M09", 
"2015M10", "2015M11", "2015M12", "2016M01", "2016M02", "2016M03", 
"2016M04", "2016M05", "2016M06", "2016M07", "2016M08", "2016M09", 
"2016M10", "2016M11", "2016M12", "2017M01", "2017M02", "2017M03", 
"2017M04", "2017M05", "2017M06", "2017M07", "2017M08", "2017M09", 
"2017M10", "2017M11", "2017M12", "2018M01", "2018M02", "2018M03", 
"2018M04", "2018M05", "2018M06", "2018M07", "2018M08", "2018M09", 
"2018M10", "2018M11", "2018M12", "2019M01", "2019M02", "2019M03", 
"2019M04", "2019M05", "2019M06", "2019M07", "2019M08", "2019M09", 
"2019M10", "2019M11", "2019M12", "2020M01", "2020M02", "2020M03", 
"2020M04", "2020M05", "2020M06", "2020M07", "2020M08", "2020M09", 
"2020M10", "2020M11", "2020M12", "2021M01", "2021M02", "2021M03", 
"2021M04", "2021M05", "2021M06", "2021M07", "2021M08", "2021M09", 
"2021M10", "2021M11", "2021M12", "2022M01", "2022M02", "2022M03", 
"2022M04", "2022M05", "2022M06", "2022M07", "2022M08", "2022M09", 
"2022M10", "2022M11", "2022M12", "2023M01", "2023M02", "2023M03", 
"2023M04", "2023M05", "2023M06", "2023M07", "2023M08", "2023M09", 
"2023M10", "2023M11", "2023M12", "2024M01", "2024M02", "2024M03", 
"2024M04", "2024M05", "2024M06", "2024M07", "2024M08", "2024M09", 
"2024M10", "2024M11", "2024M12", "2025M01", "2025M02", "2025M03", 
"2025M04"), value = c(0x1.a871b823c85c2p+5, 0x1.b825ad538ac19p+5, 
0x1.c6c2a9930be0ep+5, 0x1.bf101322f2735p+5, 0x1.d8a6b69db65edp+5, 
0x1.db48d5410f94dp+5, 0x1.cf1ed288ce704p+5, 0x1.cee46e8f29d41p+5, 
0x1.cfbec460ed80ap+5, 0x1.ce03fb3743633p+5, 0x1.d86533b107747p+5, 
0x1.e8478b7a1c25dp+5, 0x1.d99054ac29bf1p+5, 0x1.db82e12620254p+5, 
0x1.dad60ae9680ep+5, 0x1.db52c16df3f96p+5, 0x1.e366e978d4fdfp+5, 
0x1.dde605681ecd5p+5, 0x1.e5963022dd7aap+5, 0x1.e204ef0281ba8p+5, 
0x1.d50a5efe93187p+5, 0x1.df9ca18bd6627p+5, 0x1.d36f26aec0725p+5, 
0x1.d4ddb9841aac5p+5, 0x1.dd6393ee5eeddp+5, 0x1.e6c640a6b93cdp+5, 
0x1.e163033a4723bp+5, 0x1.f1ca9b499d02p+5, 0x1.de9884406c00ep+5, 
0x1.d7ce87d2c7b89p+5, 0x1.e7f158b827fa2p+5, 0x1.f1839f77292c5p+5, 
0x1.e967fe4bcad9bp+5, 0x1.e320de4c51117p+5, 0x1.e0281a1554fbep+5, 
0x1.dd052934acaffp+5, 0x1.de9b41bfbdf09p+5, 0x1.ed34751ce28edp+5, 
0x1.e30cbd1244a62p+5, 0x1.dda19b0ab2e17p+5, 0x1.e2a2730c67169p+5, 
0x1.db89fbe76c8b4p+5, 0x1.df92556d19dedp+5, 0x1.ed005c4651f3fp+5, 
0x1.e8b75d9a0f0a6p+5, 0x1.f9dda059a73b4p+5, 0x1.014418d6909afp+6, 
0x1.f2ea5accd5305p+5, 0x1.f4fc7a398201dp+5, 0x1.f0af5e41d4b6ap+5, 
0x1.fe71bbcf4e875p+5, 0x1.00e05c896dd27p+6, 0x1.ec0877681669dp+5, 
0x1.f65bb7b6bb129p+5, 0x1.faa7dd4413554p+5, 0x1.fb6fdfc19c172p+5, 
0x1.00521815a07b3p+6, 0x1.0072f166e008fp+6, 0x1.f984102ff8ec1p+5, 
0x1.eed33ebbfd71bp+5, 0x1.021bcf0b6b6e1p+6, 0x1.f7aba0620ab71p+5, 
0x1.01c493426783ap+6, 0x1.0542cdc011d36p+6, 0x1.07ab3892ee84bp+6, 
0x1.0c0e6601bc98ap+6, 0x1.132ca42aed139p+6, 0x1.ff485d31337ebp+5, 
0x1.0dad8f0c77dd8p+6, 0x1.0f826fe718a87p+6, 0x1.112fe3f359ff5p+6, 
0x1.1627e06961c37p+6, 0x1.135893b7d849p+6, 0x1.10941c3efae79p+6, 
0x1.0d5ab7995ee13p+6, 0x1.118b89939218ap+6, 0x1.1d20b955f7836p+6, 
0x1.12ded1394317bp+6, 0x1.2400d23d4f15ep+6, 0x1.1b8fdfc19c172p+6, 
0x1.1fa4c5974e65cp+6, 0x1.22e0941c8216cp+6, 0x1.28fd1bf7ad4b2p+6, 
0x1.31465cf67b1cp+6, 0x1.30e46d3f9e7b8p+6, 0x1.2d114a90470a8p+6, 
0x1.2bceb6390c91p+6, 0x1.31ebd017dae82p+6, 0x1.2cd9d7fd82774p+6, 
0x1.363b9ecf638p+6, 0x1.3b1e657b84dbap+6, 0x1.38cce4649906dp+6, 
0x1.350f2452c59fbp+6, 0x1.3cafb480a5acdp+6, 0x1.36e0f7fcfc3f8p+6, 
0x1.3b8f86e3b46fep+6, 0x1.43917225b749bp+6, 0x1.476796bfca85dp+6, 
0x1.4278b86b15f89p+6, 0x1.427b2031ceaf2p+6, 0x1.3f38bf7f06706p+6, 
0x1.4c41f4b1ee243p+6, 0x1.37f0d49949e88p+6, 0x1.42b3cee9dd7edp+6, 
0x1.409ee02a77a2dp+6, 0x1.414edaec4a409p+6, 0x1.1719a91105e1cp+6, 
0x1.f36a4228997c4p+5, 0x1.0b12cd39da166p+6, 0x1.fb6a350d2806bp+5, 
0x1.f87c31593e5fbp+5, 0x1.d9300bcbe61dp+5, 0x1.ec5b691212514p+5, 
0x1.efd5946c332fp+5, 0x1.ea5e7d9988d2ap+5, 0x1.fdaab68cef673p+5, 
0x1.0998d1d8a5482p+6, 0x1.ff836a832b991p+5, 0x1.076ce4217d285p+6, 
0x1.02cb11c6d1e11p+6, 0x1.f8509310129ccp+5, 0x1.04fd976ff3adep+6, 
0x1.0ad427c7c5261p+6, 0x1.090e9f6a93f29p+6, 0x1.1215393250b52p+6, 
0x1.128d245b291b8p+6, 0x1.0f51ee2435697p+6, 0x1.17dede97d06bcp+6, 
0x1.14f9f72f76e61p+6, 0x1.16284fd2a62aap+6, 0x1.184dbbe0157efp+6, 
0x1.1cda8b4bf8fcdp+6, 0x1.1391a437824d5p+6, 0x1.11ebe0589acbdp+6, 
0x1.17c050bd87b57p+6, 0x1.13c21101b0037p+6, 0x1.1c843f1c75819p+6, 
0x1.109463cfb3312p+6, 0x1.1422c2bd7f51fp+6, 0x1.0fc34ce3de615p+6, 
0x1.1954d87724fa9p+6, 0x1.16c08461f9f02p+6, 0x1.17429a5ebb774p+6, 
0x1.1239491f2dc2bp+6, 0x1.12926634117f8p+6, 0x1.132d0b73d188fp+6, 
0x1.1519b499d0204p+6, 0x1.194533f42352fp+6, 0x1.0ee9ba5e353f8p+6, 
0x1.139c64fdb09a6p+6, 0x1.0ee1f7d73c925p+6, 0x1.158072d1aeb3ep+6, 
0x1.130ee631f8a09p+6, 0x1.0fb225b749addp+6, 0x1.08af9a8cdea03p+6, 
0x1.0a7507a6bd6e9p+6, 0x1.0c53504c48adfp+6, 0x1.12408787485e4p+6, 
0x1.061e279dd3bbp+6, 0x1.0d8bbcb1cc964p+6, 0x1.07f940357a355p+6, 
0x1.0db27fa1a0cf2p+6, 0x1.07d73d5bab218p+6, 0x1.0ad687b139c95p+6, 
0x1.0c8f07bfe7e2p+6, 0x1.0b27c4e2f37fcp+6, 0x1.0f706f6944674p+6, 
0x1.1489b8887229fp+6, 0x1.11d028a1dfb94p+6, 0x1.0c15efe931876p+6, 
0x1.15510a569b175p+6, 0x1.0f5d438d1d8a5p+6, 0x1.1059db22d0e56p+6, 
0x1.1a24aa10e0221p+6, 0x1.1abd74927913fp+6, 0x1.189d19157abb9p+6, 
0x1.1393d8e000863p+6, 0x1.1a3aa2e3c536dp+6, 0x1.1bcb5dcc63f14p+6, 
0x1.2108f53c579f2p+6, 0x1.23790795f676fp+6, 0x1.1d571a7e30878p+6, 
0x1.244cd96206855p+6, 0x1.2079d7342edbbp+6, 0x1.24d763e4abe6ap+6, 
0x1.288c050bd87b5p+6, 0x1.249f1455219a8p+6, 0x1.2745785f8d2e5p+6, 
0x1.293200c0f01fcp+6, 0x1.255b1465e8922p+6, 0x1.2822528ae74f3p+6, 
0x1.239868fd199bbp+6, 0x1.3e5a719b4dcecp+6, 0x1.410091c087443p+6, 
0x1.34150b524399bp+6, 0x1.3786ef8055fbbp+6, 0x1.38b0a137f38c5p+6, 
0x1.3a73d4280ae1p+6, 0x1.42765ecc3e319p+6, 0x1.4022328f9f44dp+6, 
0x1.40e0f27bb2fecp+6, 0x1.42f70691ea78bp+6, 0x1.43806e9ff0cbbp+6, 
