structure(list(period_id = c("1995Q1", "1995Q2", "1995Q3", "1995Q4", 
"1996Q1", "1996Q2", "1996Q3", "1996Q4", "1997Q1", "1997Q2", "1997Q3", 
"1997Q4", "1998Q1", "1998Q2", "1998Q3", "1998Q4", "1999Q1", "1999Q2", 
"1999Q3", "1999Q4", "2000Q1", "2000Q2", "2000Q3", "2000Q4", "2001Q1", 
"2001Q2", "2001Q3", "2001Q4", "2002Q1", "2002Q2", "2002Q3", "2002Q4", 
"2003Q1", "2003Q2", "2003Q3", "2003Q4", "2004Q1", "2004Q2", "2004Q3", 
"2004Q4", "2005Q1", "2005Q2", "2005Q3", "2005Q4", "2006Q1", "2006Q2", 
"2006Q3", "2006Q4", "2007Q1", "2007Q2", "2007Q3", "2007Q4", "2008Q1", 
"2008Q2", "2008Q3", "2008Q4", "2009Q1", "2009Q2", "2009Q3", "2009Q4", 
"2010Q1", "2010Q2", "2010Q3", "2010Q4", "2011Q1", "2011Q2", "2011Q3", 
"2011Q4", "2012Q1", "2012Q2", "2012Q3", "2012Q4", "2013Q1", "2013Q2", 
"2013Q3", "2013Q4", "2014Q1", "2014Q2", "2014Q3", "2014Q4", "2015Q1", 
"2015Q2", "2015Q3", "2015Q4", "2016Q1", "2016Q2", "2016Q3", "2016Q4", 
"2017Q1", "2017Q2", "2017Q3", "2017Q4", "2018Q1", "2018Q2", "2018Q3", 
"2018Q4", "2019Q1", "2019Q2", "2019Q3", "2019Q4", "2020Q1", "2020Q2", 
"2020Q3", "2020Q4", "2021Q1", "2021Q2", "2021Q3", "2021Q4", "2022Q1", 
"2022Q2", "2022Q3", "2022Q4", "2023Q1", "2023Q2", "2023Q3", "2023Q4", 
"2024Q1", "2024Q2", "2024Q3"), value = c(NA, NA, NA, NA, 0x1.072d321e603d5p+7, 
0x1.0cc64c51116a9p+7, 0x1.0a0029068987p+7, 0x1.0af57c914b168p+7, 
0x1.236080b673c4fp+7, 0x1.344d80e496edfp+7, 0x1.335b6113404eap+7, 
0x1.3bf2b430f4949p+7, 0x1.2bf27ce0fc2ecp+7, 0x1.3dadffc5479d5p+7, 
0x1.4168p+7, 0x1.5456188b1140ap+7, 0x1.5712023209678p+7, 0x1.799e683c297cp+7, 
0x1.77a073bc903eap+7, 0x1.7c186b9c304cdp+7, 0x1.5df3ccaf709b7p+7, 
0x1.6e1c99d0203e6p+7, 0x1.6b71ef73c0c2p+7, 0x1.7699a459103c9p+7, 
0x1.77d609dcf894p+7, 0x1.7acd8f4f93bc1p+7, 0x1.7b55c69f8c21ep+7, 
0x1.a246bd6e8af81p+7, 0x1.8a3567dbb16c2p+7, 0x1.8d9b98c7e2824p+7, 
0x1.86270ed3d859dp+7, 0x1.9a70639d5e4a4p+7, 0x1.6b1a7ae9ab29ep+7, 
0x1.612e7cf1c3266p+7, 0x1.5d5b5286b5914p+7, 0x1.84d325f633ce6p+7, 
0x1.7ca89efd86a9p+7, 0x1.8bb4d551d68c7p+7, 0x1.8c4629f9ce8d9p+7, 
0x1.b6ba5a469d734p+7, 0x1.97c4e7cd03537p+7, 0x1.9c8d15f02c4d6p+7, 
0x1.9efc6b69db65fp+7, 0x1.c7ced99cbee8p+7, 0x1.b0f0dc11e42e1p+7, 
0x1.ade676c8b4396p+7, 0x1.b947893faf428p+7, 0x1.f6926dce39b45p+7, 
0x1.db39fa11a975bp+7, 0x1.e62c91afc04c9p+7, 0x1.de72e5de15ca7p+7, 
0x1.0f2e14163779fp+8, 0x1.dd936c3760bf6p+7, 0x1.14f4bd230b9dcp+8, 
0x1.fbe9d3ed527e5p+7, 0x1.0d6e76965f527p+8, 0x1.f92ea39c51dacp+7, 
0x1.fef4f1a1986bap+7, 0x1.087cdf266ba49p+8, 0x1.2cad61b2a27f2p+8, 
0x1.10d75350092cdp+8, 0x1.131d973d9ec7p+8, 0x1.15a8cfaeff5c7p+8, 
0x1.3854b0079a283p+8, 0x1.144bb46fdeb53p+8, 0x1.18f871d606317p+8, 
0x1.1892719b4dcecp+8, 0x1.23b6878fabda1p+8, 0x1.0bab1971c10d8p+8, 
0x1.0f1992428d435p+8, 0x1.063313f077cccp+8, 0x1.1618b242070b9p+8, 
0x1.13110b8498809p+8, 0x1.181837c5692b4p+8, 0x1.10bf210be9425p+8, 
0x1.1bb938ef34d6ap+8, 0x1.0e031af3a14cfp+8, 0x1.08b1e8b3b3205p+8, 
0x1.02c1049235f81p+8, 0x1.0e426dce39b45p+8, 0x1.055e73f748a16p+8, 
0x1.00b4ff9724745p+8, 0x1.043699fa11a97p+8, 0x1.10529ced0b30bp+8, 
0x1.03918e219652cp+8, 0x1.0a0717ce52dedp+8, 0x1.036f8f9b13166p+8, 
0x1.141e7136a401p+8, 0x1.1298c92146a1ap+8, 0x1.150bbf0dc768ep+8, 
0x1.1e5f37fbefdp+8, 0x1.2c2a8dda48b65p+8, 0x1.2531496249a13p+8, 
0x1.29347e06961c3p+8, 0x1.3103666234a88p+8, 0x1.48b25cc426352p+8, 
0x1.46fd21bc126a6p+8, 0x1.4b248e25c810ap+8, 0x1.5050b04ab606bp+8, 
0x1.602af21f6cacdp+8, 0x1.4c5a19652bd3cp+8, 0x1.44898bf7f067p+8, 
0x1.472a46f156191p+8, 0x1.4e754bf0995abp+8, 0x1.5acaf6b5d462cp+8, 
0x1.5732158750c1cp+8, 0x1.501643dccea29p+8, 0x1.5fd39314445aap+8, 
0x1.69085caafbc1bp+8, 0x1.6bd0c8abd5dc4p+8, 0x1.670176ab5808p+8, 
0x1.5a30129cbab65p+8, 0x1.5b9f21d53cdddp+8, 0x1.49e7c1eff9f88p+8, 
0x1.39563bddfcap+8, 0x1.3af5759ee88dfp+8, 0x1.5f1078d92fb1ap+8, 
0x1.505fcb0c026ccp+8, 0x1.3d521fe21d96fp+8)), class = "data.frame", row.names = c(NA, 
-119L))
