structure(list(period_id = c("1999Q1", "1999Q2", "1999Q3", "1999Q4", 
"2000Q1", "2000Q2", "2000Q3", "2000Q4", "2001Q1", "2001Q2", "2001Q3", 
"2001Q4", "2002Q1", "2002Q2", "2002Q3", "2002Q4", "2003Q1", "2003Q2", 
"2003Q3", "2003Q4", "2004Q1", "2004Q2", "2004Q3", "2004Q4", "2005Q1", 
"2005Q2", "2005Q3", "2005Q4", "2006Q1", "2006Q2", "2006Q3", "2006Q4", 
"2007Q1", "2007Q2", "2007Q3", "2007Q4", "2008Q1", "2008Q2", "2008Q3", 
"2008Q4", "2009Q1", "2009Q2", "2009Q3", "2009Q4", "2010Q1", "2010Q2", 
"2010Q3", "2010Q4", "2011Q1", "2011Q2", "2011Q3", "2011Q4", "2012Q1", 
"2012Q2", "2012Q3", "2012Q4", "2013Q1", "2013Q2", "2013Q3", "2013Q4", 
"2014Q1", "2014Q2", "2014Q3", "2014Q4", "2015Q1", "2015Q2", "2015Q3", 
"2015Q4", "2016Q1", "2016Q2", "2016Q3", "2016Q4", "2017Q1", "2017Q2", 
"2017Q3", "2017Q4", "2018Q1", "2018Q2", "2018Q3", "2018Q4", "2019Q1", 
"2019Q2", "2019Q3", "2019Q4", "2020Q1", "2020Q2", "2020Q3", "2020Q4", 
"2021Q1", "2021Q2", "2021Q3", "2021Q4", "2022Q1", "2022Q2", "2022Q3", 
"2022Q4", "2023Q1", "2023Q2", "2023Q3", "2023Q4", "2024Q1", "2024Q2", 
"2024Q3"), value = c(0x1.7fdad6451b93p+4, 0x1.32e99e94ab1d5p+5, 
0x1.2ba2e44b6e936p+5, 0x1.1189a2c669058p+5, 0x1.c50b2c83ec893p+4, 
0x1.315c2a8869c67p+5, 0x1.3df337eb28d86p+5, 0x1.8e576ddaceee1p+5, 
0x1.fe99d3458cd21p+4, 0x1.58d6ce789e775p+5, 0x1.baffbc5de9c02p+5, 
0x1.82285b18548aap+5, 0x1.ea4e7ddca4b12p+4, 0x1.01fb70691ea79p+5, 
0x1.0a45d9a0f0a5fp+6, 0x1.12f05a2d72ffdp+6, 0x1.3ec1ce6c093d9p+5, 
0x1.fa7c4007570c5p+5, 0x1.020a7ac81d3aap+6, 0x1.7a982c2bd7f52p+5, 
0x1.b7b5c39bcba3p+4, 0x1.18b7e889c1b54p+5, 0x1.abeb0af5fd47cp+5, 
0x1.833b784662baep+5, 0x1.8586de76427c8p+4, 0x1.8aa10f0e90bc8p+5, 
0x1.6116d330941c8p+6, 0x1.2024d5d80e497p+6, 0x1.699989df1172fp+4, 
0x1.6fc0a9de8b3b3p+5, 0x1.0c893037d6302p+6, 0x1.0bcd794a6eb92p+6, 
0x1.ee80218def417p+4, 0x1.8a6049667b5f2p+5, 0x1.8ab017dae8188p+6, 
0x1.3921e7967caeap+6, 0x1.82c2089e34331p+5, 0x1.323d92fb19e73p+6, 
0x1.094de8709741dp+7, 0x1.904a3b9ae0c17p+6, 0x1.b634bf8fcd68p+5, 
0x1.59f00a393ee5fp+5, 0x1.78fd76683c298p+6, 0x1.2cdaa6d267408p+6, 
0x1.283523f67f4dcp+6, 0x1.d8dd5e4a38327p+5, 0x1.b1570f3882279p+6, 
0x1.a54ea8112ba17p+6, 0x1.00178e1932d6fp+6, 0x1.210bacf7446fap+6, 
0x1.16524e160d888p+6, 0x1.54a0539fba451p+6, 0x1.75036ef8055fcp+6, 
0x1.37ca63b688bdbp+6, 0x1.a1e9ced0b30b6p+6, 0x1.25580b673c4f4p+7, 
0x1.4feb0574b407p+6, 0x1.18025918a009fp+6, 0x1.d052a715831fp+7, 
0x1.08dac7b890d5ap+7, 0x1.d048e8a71de6ap+5, 0x1.b904ae85b9e8cp+6, 
0x1.257fb6dca07f6p+7, 0x1.a2a1cb46bacf7p+6, 0x1.02c57928e0c9ep+6, 
0x1.01dd00713f078p+7, 0x1.6dc3c664d3bf3p+7, 0x1.a8c9f2ba9d1f6p+6, 
0x1.0e5f190d173fbp+6, 0x1.58c5a4052d667p+7, 0x1.68594bdfd2631p+7, 
0x1.d77b6dca07f67p+5, 0x1.0374ccab3edd9p+6, 0x1.c3459578a2a91p+7, 
0x1.f5e266fd651b1p+6, 0x1.3efedfa43fe5dp+6, 0x1.b1f8eda22f6a5p+5, 
0x1.0e2e6ff7dfa01p+7, 0x1.0e89d3aa369fdp+7, 0x1.7d007e7c06e1ap+7, 
0x1.9076b5d462c34p+5, 0x1.3822b4528283dp+7, 0x1.07152d87f8876p+7, 
0x1.12dc853c14834p+6, 0x1.48dde5082cf53p+5, 0x1.caae3ef284168p+5, 
0x1.1da1fb82c2bd8p+7, 0x1.038e23f24d8fdp+6, 0x1.3d7faf42784a9p+5, 
0x1.1d4a6ca03c4b1p+6, 0x1.c9627aa68f4b6p+6, 0x1.6d2c3dab5c39cp+6, 
0x1.ea65a4f00ef13p+5, 0x1.b3af8e7ddca4bp+6, 0x1.0fc934267839dp+7, 
0x1.8cde2435696e6p+6, 0x1.958dbc23315d7p+6, 0x1.67ca3f4666ecap+7, 
0x1.d3f602a77a2cfp+7, 0x1.111b0f27bb2ffp+7, 0x1.34692e1ef73c1p+7, 
0x1.b18d666a98245p+7, 0x1.4410c069e7fb2p+8)), class = "data.frame", row.names = c(NA, 
-103L))
