structure(list(period_id = c("2000", "2001", "2002", "2003", 
"2004", "2005", "2006", "2007", "2008", "2009", "2010", "2011", 
"2012", "2013", "2014", "2015", "2016", "2017", "2018", "2019", 
"2020", "2021", "2022"), value = c(0x1.40bc664d3bf2fp+6, 0x1.eca9e44fa0514p+6, 
0x1.c7fe28aa43351p+6, 0x1.176cb167ec786p+7, 0x1.02abfc6540cc8p+7, 
0x1.67b6fa1e3eaf7p+7, 0x1.402ee631f8a09p+7, 0x1.b2751ac9afe1ep+7, 
0x1.582b25918a00ap+7, 0x1.483507a6bd6e9p+7, 0x1.19685c896dd27p+7, 
0x1.199747304039bp+7, 0x1.39b653c9abb02p+7, 0x1.5e3a98eda22f7p+6, 
0x1.398ef6b5d462cp+6, 0x1.05c79f01b866ep+7, 0x1.55ab49e01de27p+7, 
0x1.54f457c0b1359p+7, 0x1.89cf0a808c826p+7, 0x1.1eb41248d7e02p+7, 
0x1.aa440b780346ep+6, 0x1.28cc39799e519p+7, 0x1.c935959a30985p+7
)), class = "data.frame", row.names = c(NA, -23L))
