structure(list(period_id = c("1995", "1996", "1997", "1998", 
"1999", "2000", "2001", "2002", "2003", "2004", "2005", "2006", 
"2007", "2008", "2009", "2010", "2011", "2012", "2013", "2014", 
"2015", "2016", "2017", "2018", "2019", "2020", "2021", "2022", 
"2023", "2024"), value = c(0x1.daf61b4352652p+10, 0x1.1e9915a07b353p+11, 
0x1.425d61f9f01b8p+11, 0x1.68b50ce4ead0cp+11, 0x1.8acf3c0a06eap+11, 
0x1.b2d32048e043ap+11, 0x1.e065607e5a78fp+11, 0x1.05619ba4d6e48p+12, 
0x1.1998f367a0f91p+12, 0x1.340b6edbb59dep+12, 0x1.4a109c3ce208ap+12, 
0x1.5edf996b7670ap+12, 0x1.796bfa1a0cf18p+12, 0x1.985d8970f7b9ep+12, 
0x1.a5852f5fd47bfp+12, 0x1.b3914431bde83p+12, 0x1.c0efce26d4802p+12, 
0x1.ca60de225fa66p+12, 0x1.cf1e8a7a41e58p+12, 0x1.d48716bfca85dp+12, 
0x1.dedfef8594291p+12, 0x1.e4fd7dff3f0fep+12, 0x1.eecd155f7835ap+12, 
0x1.ff7be854477ffp+12, 0x1.093d40d887ebfp+13, 0x1.10952d612c6acp+13, 
0x1.26ec5ef49cf57p+13, 0x1.57d001882adc5p+13, 0x1.7222451fc4c16p+13, 
0x1.820a4ab3edd8bp+13)), class = "data.frame", row.names = c(NA, 
-30L))
