structure(list(period_id = c("1995Q1", "1995Q2", "1995Q3", "1995Q4", 
"1996Q1", "1996Q2", "1996Q3", "1996Q4", "1997Q1", "1997Q2", "1997Q3", 
"1997Q4", "1998Q1", "1998Q2", "1998Q3", "1998Q4", "1999Q1", "1999Q2", 
"1999Q3", "1999Q4", "2000Q1", "2000Q2", "2000Q3", "2000Q4", "2001Q1", 
"2001Q2", "2001Q3", "2001Q4", "2002Q1", "2002Q2", "2002Q3", "2002Q4", 
"2003Q1", "2003Q2", "2003Q3", "2003Q4", "2004Q1", "2004Q2", "2004Q3", 
"2004Q4", "2005Q1", "2005Q2", "2005Q3", "2005Q4", "2006Q1", "2006Q2", 
"2006Q3", "2006Q4", "2007Q1", "2007Q2", "2007Q3", "2007Q4", "2008Q1", 
"2008Q2", "2008Q3", "2008Q4", "2009Q1", "2009Q2", "2009Q3", "2009Q4", 
"2010Q1", "2010Q2", "2010Q3", "2010Q4", "2011Q1", "2011Q2", "2011Q3", 
"2011Q4", "2012Q1", "2012Q2", "2012Q3", "2012Q4", "2013Q1", "2013Q2", 
"2013Q3", "2013Q4", "2014Q1", "2014Q2", "2014Q3", "2014Q4", "2015Q1", 
"2015Q2", "2015Q3", "2015Q4", "2016Q1", "2016Q2", "2016Q3", "2016Q4", 
"2017Q1", "2017Q2", "2017Q3", "2017Q4", "2018Q1", "2018Q2", "2018Q3", 
"2018Q4", "2019Q1", "2019Q2", "2019Q3", "2019Q4", "2020Q1", "2020Q2", 
"2020Q3", "2020Q4", "2021Q1", "2021Q2", "2021Q3", "2021Q4", "2022Q1", 
"2022Q2", "2022Q3", "2022Q4", "2023Q1", "2023Q2", "2023Q3", "2023Q4", 
"2024Q1", "2024Q2", "2024Q3", "2024Q4", "2025Q1"), value = c(NA, 
NA, NA, NA, 0x1.5d47ef177a701p+3, 0x1.4acd184c272p+3, 0x1.5cb6fc158fb44p+3, 
0x1.8965e679463dp+3, 0x1.d98f7121ab4b7p+3, 0x1.0b17dbf487fccp+4, 
0x1.0bbbd48cb4aedp+4, 0x1.d521986b9c305p+3, 0x1.6f915592d98bfp+3, 
0x1.3fd45a5fc7e6bp+3, 0x1.3ed4067cf1c32p+3, 0x1.64237ef5a964fp+3, 
0x1.b5be1eb4202dap+3, 0x1.ebe82b6284599p+3, 0x1.de80ecfa69be1p+3, 
0x1.8784944ed6fdbp+3, 0x1.066c3547e0696p+3, 0x1.6b5b749adc8fcp+2, 
0x1.26f01322f2735p+2, 0x1.39d6a9c560c7cp+2, 0x1.91f9a49c2c1b1p+2, 
0x1.f4b46fdeb52cap+2, 0x1.21f3387160957p+3, 0x1.37c64fdb09a67p+3, 
0x1.4dab367a0f909p+3, 0x1.5fc8d1958969ap+3, 0x1.64876c050bd88p+3, 
0x1.589ff92f2b66bp+3, 0x1.49917507e9d95p+3, 0x1.3b1c1d6cf850ep+3, 
0x1.2e7ddebd9018ep+3, 0x1.23a20578e5c4fp+3, 0x1.1b383ad9f0a1cp+3, 
0x1.176536501e258p+3, 0x1.1918b502ababfp+3, 0x1.1ffe56473471fp+3, 
0x1.2c5b6805a2d73p+3, 0x1.32d6e696a26e5p+3, 0x1.30c54152b0a7p+3, 
0x1.26c228997c3d7p+3, 0x1.171a5ca29845ep+3, 0x1.0b3affb04ee7cp+3, 
0x1.036642bf9830ep+3, 0x1.fe57f3061c79bp+2, 0x1.fd881a1554fbep+2, 
0x1.fcca2120e1f7dp+2, 0x1.fb2934acaff6dp+2, 0x1.f8b738e6d15adp+2, 
0x1.f72b9d3cbc48fp+2, 0x1.fe23ee1bd1edap+2, 0x1.079aa1d755bcdp+3, 
0x1.14e9c4545846fp+3, 0x1.274d2d44dca8ep+3, 0x1.32a4cc6822ff1p+3, 
0x1.33e72fba01eefp+3, 0x1.2b7a4c61d8623p+3, 0x1.1702e44b6e936p+3, 
0x1.07c443914f484p+3, 0x1.f9b24e9c45458p+2, 0x1.ec78c436fc159p+2, 
0x1.e8b951c5c5719p+2, 0x1.db403dddb120ap+2, 0x1.c42ad3e920c07p+2, 
0x1.a4218def416bep+2, 0x1.7da93f290abb4p+2, 0x1.6d04ff43419e3p+2, 
0x1.785de9c0229a6p+2, 0x1.9e12ec6bce853p+2, 0x1.dbef459d9902ap+2, 
0x1.06e41d4b6a61ap+3, 0x1.1735c7cd898b3p+3, 0x1.1f5814940bbb2p+3, 
0x1.2142784a9478dp+3, 0x1.247e38eb0318cp+3, 0x1.28bdec5f394b8p+3, 
0x1.2dec58eeae9eep+3, 0x1.34d9a0f0a5effp+3, 0x1.3c331e3a7daa5p+3, 
0x1.43512a94ff002p+3, 0x1.4a2e2da554b8cp+3, 0x1.51d77963992c9p+3, 
0x1.51ee78183f91ep+3, 0x1.47279fec99f1bp+3, 0x1.322ba7b9170d6p+3, 
0x1.154916ca46e09p+3, 0x1.057e1fc08fa7bp+3, 0x1.065a8155d5f57p+3, 
0x1.16eb5d462c344p+3, 0x1.35f6b1a2a4db1p+3, 0x1.48767903211cbp+3, 
0x1.49873bc903ea7p+3, 0x1.3a238b8ae31d7p+3, 0x1.1d6e957470eb2p+3, 
0x1.0917d49d7ba67p+3, 0x1.fe4eca686e7e6p+2, 0x1.fe1d712a0ec74p+2, 
0x1.0847f34938583p+3, 0x1.0f21f6cacd185p+3, 0x1.122a8eb463498p+3, 
0x1.11956191148fep+3, 0x1.0eac9d16fc9bcp+3, 0x1.0a772d5e071c5p+3, 
0x1.03e00b0292817p+3, 0x1.f61e6cd29131fp+2, 0x1.e2235b4edb2f6p+2, 
0x1.cff46ed245b29p+2, 0x1.bf01e2584f4c7p+2, 0x1.af4a1272c94b4p+2, 
0x1.a1ed8904f6dfcp+2, 0x1.95102363b257p+2, 0x1.87dd26b723ee2p+2, 
0x1.7a66fd651b0cdp+2, 0x1.6dd72bcb5fe54p+2, 0x1.61ebe1650a45dp+2, 
0x1.55fd933e35c5bp+2, 0x1.4a19e30014f8bp+2, 0x1.3f3c7d5ed06ffp+2
)), class = "data.frame", row.names = c(NA, -121L))
