structure(list(period_id = c("2008M01", "2008M02", "2008M03", 
"2008M04", "2008M05", "2008M06", "2008M07", "2008M08", "2008M09", 
"2008M10", "2008M11", "2008M12", "2009M01", "2009M02", "2009M03", 
"2009M04", "2009M05", "2009M06", "2009M07", "2009M08", "2009M09", 
"2009M10", "2009M11", "2009M12", "2010M01", "2010M02", "2010M03", 
"2010M04", "2010M05", "2010M06", "2010M07", "2010M08", "2010M09", 
"2010M10", "2010M11", "2010M12", "2011M01", "2011M02", "2011M03", 
"2011M04", "2011M05", "2011M06", "2011M07", "2011M08", "2011M09", 
"2011M10", "2011M11", "2011M12", "2012M01", "2012M02", "2012M03", 
"2012M04", "2012M05", "2012M06", "2012M07", "2012M08", "2012M09", 
"2012M10", "2012M11", "2012M12", "2013M01", "2013M02", "2013M03", 
"2013M04", "2013M05", "2013M06", "2013M07", "2013M08", "2013M09", 
"2013M10", "2013M11", "2013M12", "2014M01", "2014M02", "2014M03", 
"2014M04", "2014M05", "2014M06", "2014M07", "2014M08", "2014M09", 
"2014M10", "2014M11", "2014M12", "2015M01", "2015M02", "2015M03", 
"2015M04", "2015M05", "2015M06", "2015M07", "2015M08", "2015M09", 
"2015M10", "2015M11", "2015M12", "2016M01", "2016M02", "2016M03", 
"2016M04", "2016M05", "2016M06", "2016M07", "2016M08", "2016M09", 
"2016M10", "2016M11", "2016M12", "2017M01", "2017M02", "2017M03", 
"2017M04", "2017M05", "2017M06", "2017M07", "2017M08", "2017M09", 
"2017M10", "2017M11", "2017M12", "2018M01", "2018M02", "2018M03", 
"2018M04", "2018M05", "2018M06", "2018M07", "2018M08", "2018M09", 
"2018M10", "2018M11", "2018M12", "2019M01", "2019M02", "2019M03", 
"2019M04", "2019M05", "2019M06", "2019M07", "2019M08", "2019M09", 
"2019M10", "2019M11", "2019M12", "2020M01", "2020M02", "2020M03", 
"2020M04", "2020M05", "2020M06", "2020M07", "2020M08", "2020M09", 
"2020M10", "2020M11", "2020M12", "2021M01", "2021M02", "2021M03", 
"2021M04", "2021M05", "2021M06", "2021M07", "2021M08", "2021M09", 
"2021M10", "2021M11", "2021M12", "2022M01", "2022M02", "2022M03", 
"2022M04", "2022M05", "2022M06", "2022M07", "2022M08", "2022M09", 
"2022M10", "2022M11", "2022M12", "2023M01", "2023M02", "2023M03", 
"2023M04", "2023M05", "2023M06", "2023M07", "2023M08", "2023M09", 
"2023M10", "2023M11", "2023M12", "2024M01", "2024M02", "2024M03", 
"2024M04", "2024M05", "2024M06", "2024M07", "2024M08", "2024M09", 
"2024M10", "2024M11", "2024M12", "2025M01", "2025M02", "2025M03"
), value = c(0x1.acd103396979ep+10, 0x1.b6aab3d68b0e2p+10, 0x1.b4a269d9441c1p+10, 
0x1.b23044c68429bp+10, 0x1.b4eeca13dd2c9p+10, 0x1.b42c25717a72ep+10, 
0x1.b6b26f13106bcp+10, 0x1.d641555b2a29fp+10, 0x1.cfe0f3474a69ap+10, 
0x1.d50b11ec4e282p+10, 0x1.dd4da5e1b2bbcp+10, 0x1.d874374fcc2e6p+10, 
0x1.da991446772dfp+10, 0x1.d274f72d080dap+10, 0x1.d70137a58650bp+10, 
0x1.daf0da2af1af8p+10, 0x1.d5f58e74f36cdp+10, 0x1.d76ee28203af7p+10, 
0x1.d3d219f02671fp+10, 0x1.d460628a341f9p+10, 0x1.da051b7e4195ap+10, 
0x1.d867a18d5b4ep+10, 0x1.d3736eb6494b8p+10, 0x1.d519792a0e9ep+10, 
0x1.d35278f1cebdbp+10, 0x1.d1cf95f612ae6p+10, 0x1.d1281d469421bp+10, 
0x1.d0e7c485f7db3p+10, 0x1.d19241fc19f71p+10, 0x1.d1dd1f754943ap+10, 
0x1.d08149a0928e6p+10, 0x1.d10debbaac54bp+10, 0x1.d5bacba44e1bdp+10, 
0x1.d22b785266193p+10, 0x1.d8a049f39a11fp+10, 0x1.cf70fb927a4fp+10, 
0x1.cf295c7c5a531p+10, 0x1.cfb463cb3fbcbp+10, 0x1.ce8e3107b67f4p+10, 
0x1.ccec162e4db19p+10, 0x1.ce13ac09d09abp+10, 0x1.d28eb84a05d08p+10, 
0x1.d44236b052a09p+10, 0x1.d2c43d1fbc53ap+10, 0x1.ce501439e9182p+10, 
0x1.cbc87f3e468f7p+10, 0x1.cb643115e1c4dp+10, 0x1.cb1947b739c8ep+10, 
0x1.cb4bda57116adp+10, 0x1.cbeca00a145cdp+10, 0x1.c6f839817702ap+10, 
0x1.c48afeaaf612ep+10, 0x1.c3a7bc25d0b36p+10, 0x1.be48dbc18e4f1p+10, 
0x1.bc000dc80ec46p+10, 0x1.bb6b529cab84cp+10, 0x1.b9a873d27b496p+10, 
0x1.b68b7a140125p+10, 0x1.b388101b3ed82p+10, 0x1.b794f25ce2c5cp+10, 
0x1.b6523f4957a64p+10, 0x1.b20728a8da23dp+10, 0x1.b508a0215d698p+10, 
0x1.b2e091883c129p+10, 0x1.b55761b1c9709p+10, 0x1.b1c1188cf0ecdp+10, 
0x1.b1a690ef6cd84p+10, 0x1.af209f891c6fp+10, 0x1.aecd0c4b1710dp+10, 
0x1.b24f6b1e2868cp+10, 0x1.abf95d6c0c937p+10, 0x1.b01f6a3bc8519p+10, 
0x1.af2d7cd6dce66p+10, 0x1.b3ee559b7da33p+10, 0x1.afa4ddd1a4eedp+10, 
0x1.b3edfae81895fp+10, 0x1.b3488b6f484ep+10, 0x1.b4a8174289942p+10, 
0x1.b620eefa896fcp+10, 0x1.b87c753119aeap+10, 0x1.b8fc2b946588ep+10, 
0x1.ba2ee6eb687b6p+10, 0x1.b71bd8cd65995p+10, 0x1.b33c7a26f593cp+10, 
0x1.b98702d9e4566p+10, 0x1.b5d67bd496ddp+10, 0x1.b8229210cb3cfp+10, 
0x1.bb0d69be2a80bp+10, 0x1.bad9635c6d206p+10, 0x1.bcd8b736e835fp+10, 
0x1.bebce09afd9ddp+10, 0x1.bce0670e34db3p+10, 0x1.bd4393178f32dp+10, 
0x1.be3ff33dc19abp+10, 0x1.c6d01b9c1a101p+10, 0x1.c4d8a2cd8e138p+10, 
0x1.c89bf2f14a1edp+10, 0x1.cc8e06ad317f7p+10, 0x1.cb52a5727380dp+10, 
0x1.ca100e947de0bp+10, 0x1.c8c9dad5f3e11p+10, 0x1.ca121627b3191p+10, 
0x1.c980f7063008ap+10, 0x1.cbce32eb9dd4bp+10, 0x1.cd05a9ca973ccp+10, 
0x1.cdb6f890c72c6p+10, 0x1.c7cfc2064c49p+10, 0x1.ce87ecb535638p+10, 
0x1.c9a7ff15a0903p+10, 0x1.cae5a5cbfb74ep+10, 0x1.cbda96eeb2c1ep+10, 
0x1.cdc2f464b528ap+10, 0x1.d0f0c1cf2782fp+10, 0x1.cfd8ed87fd282p+10, 
0x1.d1d3f6184f219p+10, 0x1.d5110120069a5p+10, 0x1.da2956cd1855cp+10, 
0x1.d7ca665c6c8f1p+10, 0x1.d7c037f50769ep+10, 0x1.d62c06525fe51p+10, 
0x1.d44ed6fd167c8p+10, 0x1.d33c332346accp+10, 0x1.d35d0db6ceb4p+10, 
0x1.d663244df0966p+10, 0x1.d3e07eecd9ce6p+10, 0x1.d959fa5417a13p+10, 
0x1.daf5a2d17ba2bp+10, 0x1.dcd5f3e042c1p+10, 0x1.d74fdd548ec08p+10, 
0x1.d8dca425d0113p+10, 0x1.d6f0202e0f7ffp+10, 0x1.e0d13d59e1651p+10, 
0x1.e41ba48079c7dp+10, 0x1.e62e3b98979ecp+10, 0x1.e5736d6bf2deep+10, 
0x1.e05302df8ec4fp+10, 0x1.e3f28728c7c8ap+10, 0x1.e9f99993ada08p+10, 
0x1.ed218c85d5b09p+10, 0x1.ea5c43c1b7e7ep+10, 0x1.ed5e57162e495p+10, 
0x1.e9ef689bd2b62p+10, 0x1.f17072d0d4743p+10, 0x1.eed06d8e0cfb7p+10, 
0x1.e87adcfd82c96p+10, 0x1.ecfe90abb5a07p+10, 0x1.f153d00d675e1p+10, 
0x1.18b4da5974dedp+11, 0x1.12f3f75bb657fp+11, 0x1.07e0513327f75p+11, 
0x1.037d2185213c4p+11, 0x1.02424abb26091p+11, 0x1.048dbf12ba3f7p+11, 
0x1.07044292b030bp+11, 0x1.1a3e4ae81b803p+11, 0x1.1efcd19879a79p+11, 
0x1.21f23941f6d8p+11, 0x1.1dcd4f785675ap+11, 0x1.1e5af9fbd4bf1p+11, 
0x1.1ff55720c336ap+11, 0x1.30173469c93aap+11, 0x1.18cf52a12778ep+11, 
0x1.15d1f3fd6f103p+11, 0x1.05fdb2527279dp+11, 0x1.01fecac8995d4p+11, 
0x1.012722f95d051p+11, 0x1.0307ebceae774p+11, 0x1.027355ee5bb32p+11, 
0x1.eb09de9c2c885p+10, 0x1.eb8c8fb0f309ap+10, 0x1.f31280e410adfp+10, 
0x1.eea5968049ee9p+10, 0x1.ebd8c0d2b261p+10, 0x1.e97127b1d01efp+10, 
0x1.ea147af0faf6dp+10, 0x1.e4984ed948674p+10, 0x1.ebe3720fc6b75p+10, 
0x1.f17f5ed5b7e7cp+10, 0x1.f4e9fd70755e5p+10, 0x1.ed55080091913p+10, 
0x1.ece999adaadd3p+10, 0x1.eef7faa686257p+10, 0x1.eecaf071b9e3p+10, 
0x1.f92971fcdfeb9p+10, 0x1.fb81e238f626fp+10, 0x1.fb105c6921f4dp+10, 
0x1.febe2bf8654fcp+10, 0x1.00a3b24a7cd09p+11, 0x1.fcb8a7c201dc1p+10, 
0x1.fac525a618c13p+10, 0x1.fb3b7de8037fbp+10, 0x1.052fce80499abp+11, 
0x1.fa42476e480dp+10, 0x1.fa3a009991514p+10, 0x1.faf757710c6e3p+10, 
0x1.f849dd4b1d572p+10, 0x1.fc9bba17d1e27p+10, 0x1.04e34af938af3p+11, 
0x1.0609cbd2f97bdp+11, 0x1.06c01f6a52d6p+11, 0x1.08393cbaa392bp+11, 
0x1.0989553b6bbb3p+11, 0x1.09ae17e74921dp+11, 0x1.0cde43a7060dfp+11, 
0x1.10a1bedb13891p+11, 0x1.12c8a5cc6ca26p+11, 0x1.13323db7c1aap+11
)), class = "data.frame", row.names = c(NA, -207L))
