structure(list(period_id = c("1995Q1", "1995Q2", "1995Q3", "1995Q4", 
"1996Q1", "1996Q2", "1996Q3", "1996Q4", "1997Q1", "1997Q2", "1997Q3", 
"1997Q4", "1998Q1", "1998Q2", "1998Q3", "1998Q4", "1999Q1", "1999Q2", 
"1999Q3", "1999Q4", "2000Q1", "2000Q2", "2000Q3", "2000Q4", "2001Q1", 
"2001Q2", "2001Q3", "2001Q4", "2002Q1", "2002Q2", "2002Q3", "2002Q4", 
"2003Q1", "2003Q2", "2003Q3", "2003Q4", "2004Q1", "2004Q2", "2004Q3", 
"2004Q4", "2005Q1", "2005Q2", "2005Q3", "2005Q4", "2006Q1", "2006Q2", 
"2006Q3", "2006Q4", "2007Q1", "2007Q2", "2007Q3", "2007Q4", "2008Q1", 
"2008Q2", "2008Q3", "2008Q4", "2009Q1", "2009Q2", "2009Q3", "2009Q4", 
"2010Q1", "2010Q2", "2010Q3", "2010Q4", "2011Q1", "2011Q2", "2011Q3", 
"2011Q4", "2012Q1", "2012Q2", "2012Q3", "2012Q4", "2013Q1", "2013Q2", 
"2013Q3", "2013Q4", "2014Q1", "2014Q2", "2014Q3", "2014Q4", "2015Q1", 
"2015Q2", "2015Q3", "2015Q4", "2016Q1", "2016Q2", "2016Q3", "2016Q4", 
"2017Q1", "2017Q2", "2017Q3", "2017Q4", "2018Q1", "2018Q2", "2018Q3", 
"2018Q4", "2019Q1", "2019Q2", "2019Q3", "2019Q4", "2020Q1", "2020Q2", 
"2020Q3", "2020Q4", "2021Q1", "2021Q2", "2021Q3", "2021Q4", "2022Q1", 
"2022Q2", "2022Q3", "2022Q4", "2023Q1", "2023Q2", "2023Q3", "2023Q4", 
"2024Q1", "2024Q2", "2024Q3", "2024Q4", "2025Q1"), value = c(0x1.2bc3beec3979ap+10, 
0x1.25e983ba3443dp+10, 0x1.2a420b3919264p+10, 0x1.3bf7e1a3f4667p+10, 
0x1.4e3ba62ed3522p+10, 0x1.5eca752da9867p+10, 0x1.652074213a0c7p+10, 
0x1.6d3044a1f0803p+10, 0x1.75b57e49b1facp+10, 0x1.952b60d4562e1p+10, 
0x1.a528d3996fa83p+10, 0x1.bad078b370047p+10, 0x1.c18cf138bcdffp+10, 
0x1.c2b8e35c5b4abp+10, 0x1.c6a498f605ab4p+10, 0x1.c3a8368f08462p+10, 
0x1.bc7a9bed30f06p+10, 0x1.c521807fed203p+10, 0x1.db7201bc98a22p+10, 
0x1.f6f3cb1897a68p+10, 0x1.0cc708f217093p+11, 0x1.20ad37a3db3cp+11, 
0x1.30cf246173b86p+11, 0x1.46445b78cc9a7p+11, 0x1.51e89b823c85cp+11, 
0x1.57b0e8a71de6ap+11, 0x1.5e11bc7f77af6p+11, 0x1.5d559beb18117p+11, 
0x1.74f3a3e39f773p+11, 0x1.7fa2cde19fc2bp+11, 0x1.8886999fe4367p+11, 
0x1.8fbfce50c5eb3p+11, 0x1.8ca2da8deb0fbp+11, 0x1.9192487980f56p+11, 
0x1.9d6ff1ed17c5fp+11, 0x1.a58b8f42fe825p+11, 0x1.b25403a322af5p+11, 
0x1.ce3c6bd2b6f1ap+11, 0x1.e4f3e598e10cfp+11, 0x1.edbb924d099e1p+11, 
0x1.f91721f8e3ac1p+11, 0x1.07b51028a1dfcp+12, 0x1.16cde014727ddp+12, 
0x1.224beb37867f1p+12, 0x1.2bf882656abdep+12, 0x1.39c838bef8cebp+12, 
0x1.4515ca3619978p+12, 0x1.5a71a2962cfd9p+12, 0x1.69aaebae03b3fp+12, 
0x1.73af845fe1112p+12, 0x1.8122972367e41p+12, 0x1.80878bd87b56cp+12, 
0x1.950ad6b54e2bp+12, 0x1.92f6d23e5b856p+12, 0x1.8fa10acc0bdcbp+12, 
0x1.701890bd87b57p+12, 0x1.3e77382a12f9p+12, 0x1.3c03837931444p+12, 
0x1.408d5bcec84f9p+12, 0x1.4b991a975afbp+12, 0x1.547a096feb4a6p+12, 
0x1.66ab7397dd00fp+12, 0x1.7308cbbd38045p+12, 0x1.7953298cc144p+12, 
0x1.8fc1eb606b7aap+12, 0x1.977069ae4f334p+12, 0x1.9733881908e58p+12, 
0x1.9ad008f755369p+12, 0x1.9d313b8b26395p+12, 0x1.9ea18864883fdp+12, 
0x1.9d85355ef1fdep+12, 0x1.a0b73167ec786p+12, 0x1.a3d86e136e71dp+12, 
0x1.a61e6a8da7f3dp+12, 0x1.a8354471b4784p+12, 0x1.aa56be963dc48p+12, 
0x1.b17529c99285bp+12, 0x1.b6651846e8f2ap+12, 0x1.c4120317acc4fp+12, 
0x1.cceedd4c76d11p+12, 0x1.cb925109070fcp+12, 0x1.cd084bfc2224fp+12, 
0x1.d2a3e4c51116bp+12, 0x1.d93b17acc4ef9p+12, 0x1.e3e37e2f7b17dp+12, 
0x1.e229d9253543bp+12, 0x1.e9d2c7d2c7b89p+12, 0x1.faf6a789e774fp+12, 
0x1.0e5f380baa583p+13, 0x1.117b7da2f8bdfp+13, 0x1.1aaa2fce746ccp+13, 
0x1.25fc19778572ap+13, 0x1.28239635610aep+13, 0x1.2f7c195cc857fp+13, 
0x1.30a64b52c9d17p+13, 0x1.3c4956ba8c587p+13, 0x1.3ded4f37fbefdp+13, 
0x1.4212c0902de01p+13, 0x1.3ae55347a5b1p+13, 0x1.3e1f5acffa7ebp+13, 
0x1.37cdc18ce2d1fp+13, 0x1.e4d271001d5c3p+12, 0x1.19277c8b0079ap+13, 
0x1.30790dbb59ddcp+13, 0x1.3ef17705857bp+13, 0x1.47c9ccb641701p+13, 
0x1.4f2adac258d58p+13, 0x1.7786da63736cep+13, 0x1.83e6bb7308356p+13, 
0x1.a1fdbf7f06706p+13, 0x1.b0d677c2ca149p+13, 0x1.adb4eebdd334cp+13, 
0x1.b11a184662baep+13, 0x1.a71c4cf850df1p+13, 0x1.8c40ba543f1c7p+13, 
0x1.a15f488b545c8p+13, 0x1.a671e22dd7a9ap+13, 0x1.a6dc1a3b14a9p+13, 
0x1.b131c5a14488cp+13, 0x1.afc6a1858bc5ap+13, 0x1.ae88cbf338716p+13
)), class = "data.frame", row.names = c(NA, -121L))
