structure(list(period_id = c("1995Q1", "1995Q2", "1995Q3", "1995Q4", 
"1996Q1", "1996Q2", "1996Q3", "1996Q4", "1997Q1", "1997Q2", "1997Q3", 
"1997Q4", "1998Q1", "1998Q2", "1998Q3", "1998Q4", "1999Q1", "1999Q2", 
"1999Q3", "1999Q4", "2000Q1", "2000Q2", "2000Q3", "2000Q4", "2001Q1", 
"2001Q2", "2001Q3", "2001Q4", "2002Q1", "2002Q2", "2002Q3", "2002Q4", 
"2003Q1", "2003Q2", "2003Q3", "2003Q4", "2004Q1", "2004Q2", "2004Q3", 
"2004Q4", "2005Q1", "2005Q2", "2005Q3", "2005Q4", "2006Q1", "2006Q2", 
"2006Q3", "2006Q4", "2007Q1", "2007Q2", "2007Q3", "2007Q4", "2008Q1", 
"2008Q2", "2008Q3", "2008Q4", "2009Q1", "2009Q2", "2009Q3", "2009Q4", 
"2010Q1", "2010Q2", "2010Q3", "2010Q4", "2011Q1", "2011Q2", "2011Q3", 
"2011Q4", "2012Q1", "2012Q2", "2012Q3", "2012Q4", "2013Q1", "2013Q2", 
"2013Q3", "2013Q4", "2014Q1", "2014Q2", "2014Q3", "2014Q4", "2015Q1", 
"2015Q2", "2015Q3", "2015Q4", "2016Q1", "2016Q2", "2016Q3", "2016Q4", 
"2017Q1", "2017Q2", "2017Q3", "2017Q4", "2018Q1", "2018Q2", "2018Q3", 
"2018Q4", "2019Q1", "2019Q2", "2019Q3", "2019Q4", "2020Q1", "2020Q2", 
"2020Q3", "2020Q4", "2021Q1", "2021Q2", "2021Q3", "2021Q4", "2022Q1", 
"2022Q2", "2022Q3", "2022Q4", "2023Q1", "2023Q2", "2023Q3", "2023Q4", 
"2024Q1", "2024Q2", "2024Q3"), value = c(0x1.1ccdd00f776c5p+9, 
0x1.4435314ca926p+9, 0x1.4d8fea9a3d2d8p+9, 0x1.4a38c144028e5p+9, 
0x1.6446bffcdab19p+9, 0x1.846beb7457c0bp+9, 0x1.75a81ebc83a97p+9, 
0x1.87d1f20a73f75p+9, 0x1.95a015c209247p+9, 0x1.bb0677ee4e26dp+9, 
0x1.a3101ce6c093ep+9, 0x1.b235893faf428p+9, 0x1.c0455dd4c76d1p+9, 
0x1.d1fac4bd33d29p+9, 0x1.d0401565c2d28p+9, 0x1.cbdd3d07c84b6p+9, 
0x1.f5a30e779207dp+9, 0x1.0613c1d29dc72p+10, 0x1.041906466b1e6p+10, 
0x1.0087b1af3a14dp+10, 0x1.13b5eff195033p+10, 0x1.17f07164c729fp+10, 
0x1.11e24317acc4fp+10, 0x1.14c68da3c2118p+10, 0x1.260fda4052d66p+10, 
0x1.42bb1455219a8p+10, 0x1.2347177a7008ap+10, 0x1.2aa1029f16b12p+10, 
0x1.468e50c5eb314p+10, 0x1.5e971e6cd2913p+10, 0x1.4fb1dbe3c1052p+10, 
0x1.56b65bd0e12e8p+10, 0x1.5b360bf5d7881p+10, 0x1.7e2c27cbf6e3fp+10, 
0x1.7d4e50b0f27bbp+10, 0x1.6e459ccb7d417p+10, 0x1.7423d44dca8e3p+10, 
0x1.a7453a3ec02f3p+10, 0x1.97664d6e47dc3p+10, 0x1.946cf3519bd4p+10, 
0x1.8aab34267839dp+10, 0x1.cf096a0dbad3ap+10, 0x1.b4c6caf2d7f95p+10, 
0x1.ad1fe38eb0319p+10, 0x1.a1f5a6f826edbp+10, 0x1.dbf0c1d6cf851p+10, 
0x1.cd4cf35e310dcp+10, 0x1.cd3cac258d584p+10, 0x1.d39878705425fp+10, 
0x1.0a509e98dcdb3p+11, 0x1.05dec73eee526p+11, 0x1.f70e1bac2df0dp+10, 
0x1.003b52b2bfdb5p+11, 0x1.21a4cee9dd7edp+11, 0x1.16dfde2691644p+11, 
0x1.0819d96a6a012p+11, 0x1.0124f5ad96a6ap+11, 0x1.113fbdfd2630fp+11, 
0x1.1810a38759253p+11, 0x1.1472b471f7942p+11, 0x1.00c69dbec2481p+11, 
0x1.0fe85e56cd6c3p+11, 0x1.20b26bd4cfd09p+11, 0x1.1c3f4c165907ep+11, 
0x1.03868b567557ap+11, 0x1.130ffc2656abep+11, 0x1.328492c27a637p+11, 
0x1.21a439628cbd1p+11, 0x1.11f75cad14a0ap+11, 0x1.0c07890b417cap+11, 
0x1.24bcc4b2b777dp+11, 0x1.255d5379fa97ep+11, 0x1.047e4d37c1377p+11, 
0x1.0aef1b54195cdp+11, 0x1.2658337867f0bp+11, 0x1.2f58cc63f1412p+11, 
0x1.136ab2c83ec89p+11, 0x1.13bb5cdb37c9ap+11, 0x1.2497e8ab4fa48p+11, 
0x1.28e72a2c23748p+11, 0x1.1d17a7e308787p+11, 0x1.215f163779e9dp+11, 
0x1.318c782b1f688p+11, 0x1.32e4fdb8fde2fp+11, 0x1.1d868e757928ep+11, 
0x1.20f484dfce315p+11, 0x1.3e599800a7c5bp+11, 0x1.47894f1800a7cp+11, 
0x1.226420685553fp+11, 0x1.2761aa80064aap+11, 0x1.4d67ed677707ap+11, 
0x1.5df773471f794p+11, 0x1.33601691a75cdp+11, 0x1.38ea116440f24p+11, 
0x1.5fe9b0c026cc2p+11, 0x1.75db0e4755ffep+11, 0x1.441d54ae429e1p+11, 
0x1.5072ad57bc7f7p+11, 0x1.8390822dd7a9ap+11, 0x1.82620a0f4d7aep+11, 
0x1.3816dd4c76d11p+11, 0x1.07a26b3bb83cfp+11, 0x1.55fdd82342246p+11, 
0x1.44f89dabe2718p+11, 0x1.04decc2d6a9c5p+11, 0x1.2bc8d31db445fp+11, 
0x1.90034c5fbf834p+11, 0x1.b2c11c27e9531p+11, 0x1.539d92817763ep+11, 
0x1.8ba2196312f4dp+11, 0x1.bca18e53eb39ap+11, 0x1.d7cf9a4df47fap+11, 
0x1.7cfe09118c198p+11, 0x1.bf4327179bfdfp+11, 0x1.f8ff5a921ccd9p+11, 
0x1.03de03c5bd0e1p+12, 0x1.a0980aa8650e7p+11, 0x1.d7749641f6449p+11, 
0x1.0b376adb402d1p+12)), class = "data.frame", row.names = c(NA, 
-119L))
