structure(list(period_id = c("2014M01", "2014M02", "2014M03", 
"2014M04", "2014M05", "2014M06", "2014M07", "2014M08", "2014M09", 
"2014M10", "2014M11", "2014M12", "2015M01", "2015M02", "2015M03", 
"2015M04", "2015M05", "2015M06", "2015M07", "2015M08", "2015M09", 
"2015M10", "2015M11", "2015M12", "2016M01", "2016M02", "2016M03", 
"2016M04", "2016M05", "2016M06", "2016M07", "2016M08", "2016M09", 
"2016M10", "2016M11", "2016M12", "2017M01", "2017M02", "2017M03", 
"2017M04", "2017M05", "2017M06", "2017M07", "2017M08", "2017M09", 
"2017M10", "2017M11", "2017M12", "2018M01", "2018M02", "2018M03", 
"2018M04", "2018M05", "2018M06", "2018M07", "2018M08", "2018M09", 
"2018M10", "2018M11", "2018M12", "2019M01", "2019M02", "2019M03", 
"2019M04", "2019M05", "2019M06", "2019M07", "2019M08", "2019M09", 
"2019M10", "2019M11", "2019M12", "2020M01", "2020M02", "2020M03", 
"2020M04", "2020M05", "2020M06", "2020M07", "2020M08", "2020M09", 
"2020M10", "2020M11", "2020M12", "2021M01", "2021M02", "2021M03", 
"2021M04", "2021M05", "2021M06", "2021M07", "2021M08", "2021M09", 
"2021M10", "2021M11", "2021M12", "2022M01", "2022M02", "2022M03", 
"2022M04", "2022M05", "2022M06", "2022M07", "2022M08", "2022M09", 
"2022M10", "2022M11", "2022M12", "2023M01", "2023M02", "2023M03", 
"2023M04", "2023M05", "2023M06", "2023M07", "2023M08", "2023M09", 
"2023M10", "2023M11", "2023M12", "2024M01", "2024M02", "2024M03"
), value = c(0x1.80fb851eb851fp+10, 0x1.7d770a3d70a3dp+10, 0x1.7ee70a3d70a3dp+10, 
0x1.80328f5c28f5cp+10, 0x1.803d70a3d70a4p+10, 0x1.7db3d70a3d70ap+10, 
0x1.813b851eb851fp+10, 0x1.7c9p+10, 0x1.7d25c28f5c28fp+10, 0x1.833a3d70a3d71p+10, 
0x1.99a851eb851ecp+10, 0x1.88dd70a3d70a4p+10, 0x1.81d47ae147ae1p+10, 
0x1.7c4eb851eb852p+10, 0x1.84ef5c28f5c29p+10, 0x1.83551eb851eb8p+10, 
0x1.7f45c28f5c28fp+10, 0x1.821d70a3d70a4p+10, 0x1.829c28f5c28f6p+10, 
0x1.7e38f5c28f5c3p+10, 0x1.7da28f5c28f5cp+10, 0x1.824b851eb851fp+10, 
0x1.a3da3d70a3d71p+10, 0x1.8ebb851eb851fp+10, 0x1.85f28f5c28f5cp+10, 
0x1.898e147ae147bp+10, 0x1.8e5147ae147aep+10, 0x1.88c7ae147ae14p+10, 
0x1.8650a3d70a3d7p+10, 0x1.871f5c28f5c29p+10, 0x1.8371eb851eb85p+10, 
0x1.88d3333333333p+10, 0x1.85928f5c28f5cp+10, 0x1.87ff5c28f5c29p+10, 
0x1.a5e8f5c28f5c3p+10, 0x1.9d6ae147ae148p+10, 0x1.8e0999999999ap+10, 
0x1.8b57ae147ae14p+10, 0x1.95e47ae147ae1p+10, 0x1.8dc0a3d70a3d7p+10, 
0x1.936eb851eb852p+10, 0x1.908d70a3d70a4p+10, 0x1.8e46666666666p+10, 
0x1.9367ae147ae14p+10, 0x1.911851eb851ecp+10, 0x1.955d70a3d70a4p+10, 
0x1.b73cccccccccdp+10, 0x1.aec851eb851ecp+10, 0x1.9ed147ae147aep+10, 
0x1.998p+10, 0x1.a1ac28f5c28f6p+10, 0x1.a00c28f5c28f6p+10, 0x1.9fceb851eb852p+10, 
0x1.9d8p+10, 0x1.9cb5c28f5c28fp+10, 0x1.a160a3d70a3d7p+10, 0x1.983851eb851ecp+10, 
0x1.a31851eb851ecp+10, 0x1.c52eb851eb852p+10, 0x1.bd87ae147ae14p+10, 
0x1.b04999999999ap+10, 0x1.ac9f5c28f5c29p+10, 0x1.b615c28f5c28fp+10, 
0x1.b0acccccccccdp+10, 0x1.b007ae147ae14p+10, 0x1.ad71eb851eb85p+10, 
0x1.b25ae147ae148p+10, 0x1.af7a3d70a3d71p+10, 0x1.ac070a3d70a3dp+10, 
0x1.b36cccccccccdp+10, 0x1.da7999999999ap+10, 0x1.cfdp+10, 0x1.c3ap+10, 
0x1.c1ea3d70a3d71p+10, 0x1.b79147ae147aep+10, 0x1.e44d70a3d70a4p+10, 
0x1.d913d70a3d70ap+10, 0x1.c52e147ae147bp+10, 0x1.c4d1eb851eb85p+10, 
0x1.c52a3d70a3d71p+10, 0x1.c1c47ae147ae1p+10, 0x1.c75c28f5c28f6p+10, 
0x1.facd70a3d70a4p+10, 0x1.f94d70a3d70a4p+10, 0x1.ee4cccccccccdp+10, 
0x1.e6847ae147ae1p+10, 0x1.f66p+10, 0x1.f2aae147ae148p+10, 0x1.f5f3333333333p+10, 
0x1.e803333333333p+10, 0x1.e52c28f5c28f6p+10, 0x1.db1b851eb851fp+10, 
0x1.d43ae147ae148p+10, 0x1.d79eb851eb852p+10, 0x1.048c28f5c28f6p+11, 
0x1.0203d70a3d70ap+11, 0x1.e0fae147ae148p+10, 0x1.e1c51eb851eb8p+10, 
0x1.f5fae147ae148p+10, 0x1.f47b851eb851fp+10, 0x1.f161eb851eb85p+10, 
0x1.f5e8f5c28f5c3p+10, 0x1.f49147ae147aep+10, 0x1.f5fc28f5c28f6p+10, 
0x1.f0b47ae147ae1p+10, 0x1.fa01eb851eb85p+10, 0x1.188b333333333p+11, 
0x1.0decccccccccdp+11, 0x1.0c170a3d70a3dp+11, 0x1.0a928f5c28f5cp+11, 
0x1.11fb333333333p+11, 0x1.10b6666666666p+11, 0x1.1404ccccccccdp+11, 
0x1.13b9eb851eb85p+11, 0x1.13428f5c28f5cp+11, 0x1.15bb333333333p+11, 
0x1.0fd6666666666p+11, 0x1.1458f5c28f5c3p+11, 0x1.2f63333333333p+11, 
0x1.258a3d70a3d71p+11, 0x1.21ba3d70a3d71p+11, 0x1.1cf0a3d70a3d7p+11, 
0x1.2396666666666p+11)), class = "data.frame", row.names = c(NA, 
-123L))
