structure(list(period_id = c("1995Q1", "1995Q2", "1995Q3", "1995Q4", 
"1996Q1", "1996Q2", "1996Q3", "1996Q4", "1997Q1", "1997Q2", "1997Q3", 
"1997Q4", "1998Q1", "1998Q2", "1998Q3", "1998Q4", "1999Q1", "1999Q2", 
"1999Q3", "1999Q4", "2000Q1", "2000Q2", "2000Q3", "2000Q4", "2001Q1", 
"2001Q2", "2001Q3", "2001Q4", "2002Q1", "2002Q2", "2002Q3", "2002Q4", 
"2003Q1", "2003Q2", "2003Q3", "2003Q4", "2004Q1", "2004Q2", "2004Q3", 
"2004Q4", "2005Q1", "2005Q2", "2005Q3", "2005Q4", "2006Q1", "2006Q2", 
"2006Q3", "2006Q4", "2007Q1", "2007Q2", "2007Q3", "2007Q4", "2008Q1", 
"2008Q2", "2008Q3", "2008Q4", "2009Q1", "2009Q2", "2009Q3", "2009Q4", 
"2010Q1", "2010Q2", "2010Q3", "2010Q4", "2011Q1", "2011Q2", "2011Q3", 
"2011Q4", "2012Q1", "2012Q2", "2012Q3", "2012Q4", "2013Q1", "2013Q2", 
"2013Q3", "2013Q4", "2014Q1", "2014Q2", "2014Q3", "2014Q4", "2015Q1", 
"2015Q2", "2015Q3", "2015Q4", "2016Q1", "2016Q2", "2016Q3", "2016Q4", 
"2017Q1", "2017Q2", "2017Q3", "2017Q4", "2018Q1", "2018Q2", "2018Q3", 
"2018Q4", "2019Q1", "2019Q2", "2019Q3", "2019Q4", "2020Q1", "2020Q2", 
"2020Q3", "2020Q4", "2021Q1", "2021Q2", "2021Q3", "2021Q4", "2022Q1", 
"2022Q2", "2022Q3", "2022Q4", "2023Q1", "2023Q2", "2023Q3", "2023Q4", 
"2024Q1", "2024Q2", "2024Q3", "2024Q4"), value = c(0x1.6d38f83be6602p+10, 
0x1.84887db6e504p+10, 0x1.a022141a6937dp+10, 0x1.ad1456323bbc7p+10, 
0x1.be1cc9081c2e3p+10, 0x1.c2bc5d894812cp+10, 0x1.ceb2bcb1cc964p+10, 
0x1.dd0e83fd50225p+10, 0x1.ebca164c729f6p+10, 0x1.01d6783be6602p+11, 
0x1.02d36c3b927d4p+11, 0x1.0c4c23d70a3d7p+11, 0x1.0ebe15c422036p+11, 
0x1.10689e59f2baap+11, 0x1.1d80a6b0d9514p+11, 0x1.226a939eadd59p+11, 
0x1.2f91d3f5b5fa2p+11, 0x1.3b037e45803cdp+11, 0x1.38c0135daad6p+11, 
0x1.418e2a4b9884cp+11, 0x1.4c184e618ce2dp+11, 0x1.480339841aac5p+11, 
0x1.5493bdd11be6ep+11, 0x1.5dc10d8665e03p+11, 0x1.6537eb59146e5p+11, 
0x1.7388c3d89ce4ap+11, 0x1.75d210752da98p+11, 0x1.81497a67a52acp+11, 
0x1.8dddb851eb852p+11, 0x1.90046dacabc51p+11, 0x1.9a34a53fc0097p+11, 
0x1.a5d786fac6046p+11, 0x1.ad9d972474539p+11, 0x1.b724f2990f302p+11, 
0x1.c445c3f1c7582p+11, 0x1.c91ace3de614ap+11, 0x1.cc0e24e379b78p+11, 
0x1.d529ae72da123p+11, 0x1.dd32d9dba908ap+11, 0x1.e520d3ac4f7ecp+11, 
0x1.e87677d30ad47p+11, 0x1.f6034a6eb91b4p+11, 0x1.f71a64712e408p+11, 
0x1.fb6c33e78e193p+11, 0x1.fb9a67c8d1959p+11, 0x1.02224f627392ap+12, 
0x1.04b2199cbee8p+12, 0x1.0ace0c2938de7p+12, 0x1.14196c929aa1dp+12, 
0x1.1df560c7c0f45p+12, 0x1.25265a4df47fap+12, 0x1.2aaa2c929aa1dp+12, 
0x1.3566af7e3d1ccp+12, 0x1.3bd3fb18dac26p+12, 0x1.3a1edfc2a886ap+12, 
0x1.357d83cc07aafp+12, 0x1.3573046b69db6p+12, 0x1.35ea116fc9bc7p+12, 
0x1.3c9fc6f587d7p+12, 0x1.43655151611bap+12, 0x1.42c9f356da017p+12, 
0x1.43f0bd7f51efbp+12, 0x1.4866517507e9ep+12, 0x1.4bdbbd790752ep+12, 
0x1.4c4721c36976cp+12, 0x1.4e8492bb23572p+12, 0x1.51adbc3c5bd0ep+12, 
0x1.51691de69ad43p+12, 0x1.519a5ff3f0fep+12, 0x1.500a28869c66dp+12, 
0x1.4de548adeebb3p+12, 0x1.4c11863497b74p+12, 0x1.4908caa7589fp+12, 
0x1.490a517939a7cp+12, 0x1.494abbafd977p+12, 0x1.4bb7ddda059a7p+12, 
0x1.4c67ef2d7f951p+12, 0x1.4c7b46f049a99p+12, 0x1.4d8f35afaf859p+12, 
0x1.4d56ef6944674p+12, 0x1.50a2e1a1db878p+12, 0x1.508bd2b5e529cp+12, 
0x1.506544028e4fcp+12, 0x1.5132ac95bff04p+12, 0x1.52f8e76534374p+12, 
0x1.586e8b3c3e74bp+12, 0x1.5e948aac96cc6p+12, 0x1.62d514b599aa6p+12, 
0x1.683b73c60029fp+12, 0x1.6b369f4e4430bp+12, 0x1.6f64d62281345p+12, 
0x1.74fd04e0daa0dp+12, 0x1.793cdda272863p+12, 0x1.7f3de8f8e7dddp+12, 
0x1.837d25bea0ba2p+12, 0x1.8d160e219652cp+12, 0x1.9339a1dc93ea3p+12, 
0x1.98c4f705857bp+12, 0x1.a16ac887229e9p+12, 0x1.a1cd02ecaeea6p+12, 
0x1.7b70eeb2d0a24p+12, 0x1.4b82044178705p+12, 0x1.87e8a1682f944p+12, 
0x1.64b1b93ccd0ffp+12, 0x1.75e9648626f61p+12, 0x1.880156c0d6f54p+12, 
0x1.b882c434e336ap+12, 0x1.ce28a159817b9p+12, 0x1.c9eb1efc7a398p+12, 
0x1.ee11933c1ce6cp+12, 0x1.fb7bb2a38b8aep+12, 0x1.03413352a8438p+13, 
0x1.05a58ec4a4096p+13, 0x1.08de98c7e2824p+13, 0x1.0b2412dfd694dp+13, 
0x1.0cb9c8e92d55ap+13, 0x1.0ec722c12ad82p+13, 0x1.1067ab69db65fp+13, 
0x1.11dc7a2f8bdecp+13, 0x1.1356d9d7fd827p+13)), class = "data.frame", row.names = c(NA, 
-120L))
