structure(list(period_id = c("1995Q1", "1995Q2", "1995Q3", "1995Q4", 
"1996Q1", "1996Q2", "1996Q3", "1996Q4", "1997Q1", "1997Q2", "1997Q3", 
"1997Q4", "1998Q1", "1998Q2", "1998Q3", "1998Q4", "1999Q1", "1999Q2", 
"1999Q3", "1999Q4", "2000Q1", "2000Q2", "2000Q3", "2000Q4", "2001Q1", 
"2001Q2", "2001Q3", "2001Q4", "2002Q1", "2002Q2", "2002Q3", "2002Q4", 
"2003Q1", "2003Q2", "2003Q3", "2003Q4", "2004Q1", "2004Q2", "2004Q3", 
"2004Q4", "2005Q1", "2005Q2", "2005Q3", "2005Q4", "2006Q1", "2006Q2", 
"2006Q3", "2006Q4", "2007Q1", "2007Q2", "2007Q3", "2007Q4", "2008Q1", 
"2008Q2", "2008Q3", "2008Q4", "2009Q1", "2009Q2", "2009Q3", "2009Q4", 
"2010Q1", "2010Q2", "2010Q3", "2010Q4", "2011Q1", "2011Q2", "2011Q3", 
"2011Q4", "2012Q1", "2012Q2", "2012Q3", "2012Q4", "2013Q1", "2013Q2", 
"2013Q3", "2013Q4", "2014Q1", "2014Q2", "2014Q3", "2014Q4", "2015Q1", 
"2015Q2", "2015Q3", "2015Q4", "2016Q1", "2016Q2", "2016Q3", "2016Q4", 
"2017Q1", "2017Q2", "2017Q3", "2017Q4", "2018Q1", "2018Q2", "2018Q3", 
"2018Q4", "2019Q1", "2019Q2", "2019Q3", "2019Q4", "2020Q1", "2020Q2", 
"2020Q3", "2020Q4", "2021Q1", "2021Q2", "2021Q3", "2021Q4", "2022Q1", 
"2022Q2", "2022Q3", "2022Q4", "2023Q1", "2023Q2", "2023Q3", "2023Q4", 
"2024Q1", "2024Q2", "2024Q3", "2024Q4"), value = c(NA, NA, NA, 
NA, 0x1.551d98bf7f067p+7, 0x1.58aa513b5bf6ap+7, 0x1.59a633acd5b68p+7, 
0x1.621351372a38cp+7, 0x1.5672187a4a49p+7, 0x1.5d2d3da72a7bdp+7, 
0x1.5f6aacd9e83e4p+7, 0x1.5bcc0f66a5508p+7, 0x1.70d36bd2b6f1ap+7, 
0x1.74b92146a1a5p+7, 0x1.86eee19b90eaap+7, 0x1.963eb1c432ca5p+7, 
0x1.a1e616b54e2bp+7, 0x1.b081d7fd82774p+7, 0x1.b73deefe4ffc9p+7, 
0x1.b61b723ee1bd2p+7, 0x1.bd05ca4b124d1p+7, 0x1.b92127d45a5fcp+7, 
0x1.be9b749adc8fcp+7, 0x1.cc2a26809d495p+7, 0x1.c95bfb9bed30fp+7, 
0x1.d9332074ea8dap+7, 0x1.d10b29e4d5d81p+7, 0x1.d4dde2478854dp+7, 
0x1.de80e4fb97bb7p+7, 0x1.e2bec9c0a8d22p+7, 0x1.fc1d0e991ff71p+7, 
0x1.07a88db0574b4p+8, 0x1.0dfe81cb46badp+8, 0x1.1397e8ff327aap+8, 
0x1.174ff5946c333p+8, 0x1.1a2cf75536934p+8, 0x1.1e8225c810a57p+8, 
0x1.2761db9841aacp+8, 0x1.305d60e94ee39p+8, 0x1.38a3f7dfa00e2p+8, 
0x1.44f7c45cbbc2cp+8, 0x1.468efc04c8bcap+8, 0x1.4c3b6fe2e6ea8p+8, 
0x1.62e6c83ec892bp+8, 0x1.55339c304cceep+8, 0x1.676c7e7c06e1ap+8, 
0x1.6d4c51116a8b9p+8, 0x1.68f8e4755ffe7p+8, 0x1.8a221f9f01b86p+8, 
0x1.8e2fa17f4128cp+8, 0x1.a15b1b6912125p+8, 0x1.abac981beb181p+8, 
0x1.9cbd0214ad363p+8, 0x1.b139ea465a576p+8, 0x1.b038c61d8622cp+8, 
0x1.9d6e8d5410f95p+8, 0x1.c1ac3eb7cbb3dp+8, 0x1.b16ac83ec892bp+8, 
0x1.7a9bea1c68ec5p+8, 0x1.9a6e6b8305d96p+8, 0x1.93ff6177ea1c7p+8, 
0x1.99b0a88effe2ap+8, 0x1.9b0c05f6ba062p+8, 0x1.c9ff78cc9a77ep+8, 
0x1.93d2e75ff609ep+8, 0x1.9278c7d1bb491p+8, 0x1.903b2799a1fd1p+8, 
0x1.8a22108c3f3ep+8, 0x1.80338a2a90cd4p+8, 0x1.7b0b0ee49f517p+8, 
0x1.797ef9ebe9c88p+8, 0x1.ba842f0e0a84cp+8, 0x1.7b5d016ce789ep+8, 
0x1.7db1743e963dcp+8, 0x1.7e2b9b456b442p+8, 0x1.729da32b12d34p+8, 
0x1.77020d349be9p+8, 0x1.6b0e122fad6cbp+8, 0x1.63d206d938152p+8, 
0x1.644addaceee0fp+8, 0x1.5faca6fc58ab9p+8, 0x1.60c733764f11bp+8, 
0x1.61e4b5675579bp+8, 0x1.6251e3eaf6838p+8, 0x1.64f24095f2453p+8, 
0x1.68c7935760392p+8, 0x1.93a71feeb2d0ap+8, 0x1.6a4e97e132b56p+8, 
0x1.6db6ab9b23dd5p+8, 0x1.71425eedcc20dp+8, 0x1.73be1426fe719p+8, 
0x1.79b02352eb5f6p+8, 0x1.779c8a7a41e58p+8, 0x1.7a069ccb7d417p+8, 
0x1.7c4ab40f66a55p+8, 0x1.7ef0ef77f27fep+8, 0x1.846ce8b7e4de4p+8, 
0x1.85a9f40a2877fp+8, 0x1.883c4e93e1c9bp+8, 0x1.879a7a85015c2p+8, 
0x1.84302539756c9p+8, 0x1.850af587d6f97p+8, 0x1.844c5100a393fp+8, 
0x1.8769df761cbcdp+8, 0x1.dc0e362a5e786p+8, 0x1.dd2a295208e15p+8, 
0x1.df7a19008206p+8, 0x1.dcd89c2c1b11p+8, 0x1.e4d17214f0521p+8, 
0x1.e161b79d909f2p+8, 0x1.ed1007dd44135p+8, 0x1.f63e03f705858p+8, 
0x1.ed4cb4e11dbcbp+8, 0x1.ee8d109070fbfp+8, 0x1.e8641dc0db27p+8, 
0x1.e4eb7b9e060fep+8, 0x1.ebf99513f8db5p+8, 0x1.f2fa9899bf594p+8, 
0x1.f594adbc664d4p+8, 0x1.f9806b7aa25d9p+8)), class = "data.frame", row.names = c(NA, 
-120L))
