structure(list(period_id = c("2000M01", "2000M02", "2000M03", 
"2000M04", "2000M05", "2000M06", "2000M07", "2000M08", "2000M09", 
"2000M10", "2000M11", "2000M12", "2001M01", "2001M02", "2001M03", 
"2001M04", "2001M05", "2001M06", "2001M07", "2001M08", "2001M09", 
"2001M10", "2001M11", "2001M12", "2002M01", "2002M02", "2002M03", 
"2002M04", "2002M05", "2002M06", "2002M07", "2002M08", "2002M09", 
"2002M10", "2002M11", "2002M12", "2003M01", "2003M02", "2003M03", 
"2003M04", "2003M05", "2003M06", "2003M07", "2003M08", "2003M09", 
"2003M10", "2003M11", "2003M12", "2004M01", "2004M02", "2004M03", 
"2004M04", "2004M05", "2004M06", "2004M07", "2004M08", "2004M09", 
"2004M10", "2004M11", "2004M12", "2005M01", "2005M02", "2005M03", 
"2005M04", "2005M05", "2005M06", "2005M07", "2005M08", "2005M09", 
"2005M10", "2005M11", "2005M12", "2006M01", "2006M02", "2006M03", 
"2006M04", "2006M05", "2006M06", "2006M07", "2006M08", "2006M09", 
"2006M10", "2006M11", "2006M12", "2007M01", "2007M02", "2007M03", 
"2007M04", "2007M05", "2007M06", "2007M07", "2007M08", "2007M09", 
"2007M10", "2007M11", "2007M12", "2008M01", "2008M02", "2008M03", 
"2008M04", "2008M05", "2008M06", "2008M07", "2008M08", "2008M09", 
"2008M10", "2008M11", "2008M12", "2009M01", "2009M02", "2009M03", 
"2009M04", "2009M05", "2009M06", "2009M07", "2009M08", "2009M09", 
"2009M10", "2009M11", "2009M12", "2010M01", "2010M02", "2010M03", 
"2010M04", "2010M05", "2010M06", "2010M07", "2010M08", "2010M09", 
"2010M10", "2010M11", "2010M12", "2011M01", "2011M02", "2011M03", 
"2011M04", "2011M05", "2011M06", "2011M07", "2011M08", "2011M09", 
"2011M10", "2011M11", "2011M12", "2012M01", "2012M02", "2012M03", 
"2012M04", "2012M05", "2012M06", "2012M07", "2012M08", "2012M09", 
"2012M10", "2012M11", "2012M12", "2013M01", "2013M02", "2013M03", 
"2013M04", "2013M05", "2013M06", "2013M07", "2013M08", "2013M09", 
"2013M10", "2013M11", "2013M12", "2014M01", "2014M02", "2014M03", 
"2014M04", "2014M05", "2014M06", "2014M07", "2014M08", "2014M09", 
"2014M10", "2014M11", "2014M12", "2015M01", "2015M02", "2015M03", 
"2015M04", "2015M05", "2015M06", "2015M07", "2015M08", "2015M09", 
"2015M10", "2015M11", "2015M12", "2016M01", "2016M02", "2016M03", 
"2016M04", "2016M05", "2016M06", "2016M07", "2016M08", "2016M09", 
"2016M10", "2016M11", "2016M12", "2017M01", "2017M02", "2017M03", 
"2017M04", "2017M05", "2017M06", "2017M07", "2017M08", "2017M09", 
"2017M10", "2017M11", "2017M12", "2018M01", "2018M02", "2018M03", 
"2018M04", "2018M05", "2018M06", "2018M07", "2018M08", "2018M09", 
"2018M10", "2018M11", "2018M12", "2019M01", "2019M02", "2019M03", 
"2019M04", "2019M05", "2019M06", "2019M07", "2019M08", "2019M09", 
"2019M10", "2019M11", "2019M12", "2020M01", "2020M02", "2020M03", 
"2020M04", "2020M05", "2020M06", "2020M07", "2020M08", "2020M09", 
"2020M10", "2020M11", "2020M12", "2021M01", "2021M02", "2021M03", 
"2021M04", "2021M05", "2021M06", "2021M07", "2021M08", "2021M09", 
"2021M10", "2021M11", "2021M12", "2022M01", "2022M02", "2022M03", 
"2022M04", "2022M05", "2022M06", "2022M07", "2022M08", "2022M09", 
"2022M10", "2022M11", "2022M12", "2023M01", "2023M02", "2023M03", 
"2023M04", "2023M05", "2023M06", "2023M07", "2023M08", "2023M09", 
"2023M10", "2023M11", "2023M12", "2024M01", "2024M02", "2024M03", 
"2024M04", "2024M05", "2024M06", "2024M07", "2024M08", "2024M09", 
"2024M10", "2024M11", "2024M12", "2025M01", "2025M02"), value = c(0x1.8ca9db5209302p+3, 
0x1.8807467ef8afep+3, 0x1.820dcd5c9d9dfp+3, 0x1.7e1efc154a338p+3, 
0x1.7a6c2e5dcaf5ap+3, 0x1.78a9a5783c00cp+3, 0x1.7613de1bdf948p+3, 
0x1.712073ab088f8p+3, 0x1.6d68b0aa8700fp+3, 0x1.6d448ba533bd8p+3, 
0x1.6c8a60e8d9e6ap+3, 0x1.6b8226938ae02p+3, 0x1.699cbadd95fc9p+3, 
0x1.6904b297fd26ep+3, 0x1.6a08cb2f586c5p+3, 0x1.69e933894a43cp+3, 
0x1.681300f49184ap+3, 0x1.6512678d033c3p+3, 0x1.62faeda60e9c8p+3, 
0x1.618e6fb8829cdp+3, 0x1.62de89a1135cp+3, 0x1.6415c9c0a068dp+3, 
0x1.68894fbd78fbbp+3, 0x1.6b1e326846e77p+3, 0x1.68f7131fd131fp+3, 
0x1.67bc118eed037p+3, 0x1.685968a588fc3p+3, 0x1.6999267812316p+3, 
0x1.6a8e7befa08cap+3, 0x1.6ab8e92453941p+3, 0x1.6a0a938746397p+3, 
0x1.6b497242c5e8fp+3, 0x1.6bfc6da461933p+3, 0x1.691b6e207a7e3p+3, 
0x1.6374872a3143bp+3, 0x1.5e0f5899391d9p+3, 0x1.5ee6898361722p+3, 
0x1.5ec76e1cc6971p+3, 0x1.5d38dfd80d2d1p+3, 0x1.5b2bb0a854c84p+3, 
0x1.5b04c4bcedddcp+3, 0x1.5baa5d1211c0fp+3, 0x1.5d3b558bc2bbfp+3, 
0x1.5fd91dbad58a7p+3, 0x1.5e91c65ab8837p+3, 0x1.59b211793543ap+3, 
0x1.55514095c720dp+3, 0x1.550ff192d6751p+3, 0x1.551f02329c1b5p+3, 
0x1.5451752684449p+3, 0x1.52e6b61e34e85p+3, 0x1.4eda926e3db38p+3, 
0x1.4c13149399816p+3, 0x1.48819780036d4p+3, 0x1.46109f7d7c181p+3, 
0x1.459ea057d7ad7p+3, 0x1.45380cf3b35cbp+3, 0x1.43c991d86abc8p+3, 
0x1.425c9c2eca2dcp+3, 0x1.41df64c69f175p+3, 0x1.412dce620d5b7p+3, 
0x1.41f6020c82259p+3, 0x1.43cf4b42dd108p+3, 0x1.448a9355866a9p+3, 
0x1.4415e2c3fa2c1p+3, 0x1.4491f9513af46p+3, 0x1.4546fcf1bf132p+3, 
0x1.44fedf1dbbb3bp+3, 0x1.46503c2255a97p+3, 0x1.486a6fb7aa48ap+3, 
0x1.4947dd657422p+3, 0x1.459aff9af6ad2p+3, 0x1.43f088d75632dp+3, 
0x1.4229588b055fdp+3, 0x1.3e8a546abb4eep+3, 0x1.3bfaeb520adecp+3, 
0x1.3742e5d24ae0dp+3, 0x1.3261a6c695cb1p+3, 0x1.2ee2ff0fbb4fcp+3, 
0x1.28d3a202d00f9p+3, 0x1.21617a838ba3dp+3, 0x1.1aaedec081b0bp+3, 
0x1.14ca9abd30a7cp+3, 0x1.10de341843093p+3, 0x1.0b653a2b9156ep+3, 
0x1.052e574942f52p+3, 0x1.fe6656b0e7889p+2, 0x1.f780f5f9885c7p+2, 
0x1.f2fb38dbabe2cp+2, 0x1.edc3cec5a3539p+2, 0x1.e9876e341d665p+2, 
0x1.e4399e5075cc4p+2, 0x1.de939b87595dbp+2, 0x1.db21dca047871p+2, 
0x1.d74aa9bb3eb1cp+2, 0x1.d0830f5444e5p+2, 0x1.c0e60e931544cp+2, 
0x1.b4c8b584d5686p+2, 0x1.ad35b3a89c8fdp+2, 0x1.a6d2cee580bd9p+2, 
0x1.a63df9b5ad522p+2, 0x1.a7b51f58c325p+2, 0x1.a7f0601d6791ap+2, 
0x1.a92bbe7482e7ep+2, 0x1.a8f7e17cb08a8p+2, 0x1.a9b1321c01a7dp+2, 
0x1.b117655df2196p+2, 0x1.bf721e93e0905p+2, 0x1.da60608f06cc1p+2, 
0x1.f4b2e5da8cfbcp+2, 0x1.07df660901e5dp+3, 0x1.151ea9c7987cp+3, 
0x1.20496c7aab35p+3, 0x1.2987c238aa172p+3, 0x1.2eb7b6c4afc16p+3, 
0x1.320440a3b2cfcp+3, 0x1.388d947099db8p+3, 0x1.4177a805317dcp+3, 
0x1.45bab6decf417p+3, 0x1.46159dd90c17p+3, 0x1.461508cbc2f3fp+3, 
0x1.48277d617936bp+3, 0x1.4bbad0e7ae01bp+3, 0x1.50523f3dbeca3p+3, 
0x1.5439f1e8b9df5p+3, 0x1.567f0220c4d4ep+3, 0x1.57908bc10af41p+3, 
0x1.5beef0bf0fd58p+3, 0x1.5d80a4ae8c928p+3, 0x1.6021b77adb70dp+3, 
0x1.646474b7adfefp+3, 0x1.75b34dd6b1191p+3, 0x1.776e8c12a0c48p+3, 
0x1.7a76a78a6ccdbp+3, 0x1.7ca31b875f0ebp+3, 0x1.7a8284f8b0992p+3, 
0x1.78636cdd68837p+3, 0x1.7832e2e4a5714p+3, 0x1.79291c57e6eacp+3, 
0x1.7b101366908bp+3, 0x1.7e74bf6c9c3a5p+3, 0x1.7eb4bf7acbd19p+3, 
0x1.7e9fdab6618dbp+3, 0x1.7ce6451e2bc04p+3, 0x1.7ac574b128b42p+3, 
0x1.7967822bce5d1p+3, 0x1.761f0a6c23c47p+3, 0x1.76949e2a60dabp+3, 
0x1.7872db70c8da5p+3, 0x1.7b29e6ee91251p+3, 0x1.7f48971508415p+3, 
0x1.7fadd77ffc0e7p+3, 0x1.82860eca3ea3dp+3, 0x1.87556140942bp+3, 
0x1.89b0c1b744606p+3, 0x1.96f0a83ecad97p+3, 0x1.9a7ba5762b11bp+3, 
0x1.9d09583b26e23p+3, 0x1.a1fd7ccc06632p+3, 0x1.a549c4f2ee29dp+3, 
0x1.a53dcbc48ac6fp+3, 0x1.a49ccaa111229p+3, 0x1.a58a2d1deaa1cp+3, 
0x1.a6e81cb1df677p+3, 0x1.a64ec4d841c1ap+3, 0x1.a5bb77e1a9969p+3, 
0x1.a680dcddb08afp+3, 0x1.a9429ed2a37cap+3, 0x1.ace6f7aa9c42dp+3, 
0x1.aeee5c9dc8c05p+3, 0x1.aeb2597ef1047p+3, 0x1.aa9720087a6d6p+3, 
0x1.a66a2f8254bbp+3, 0x1.a3e1afbefa48p+3, 0x1.9fce4fe266a72p+3, 
0x1.9d6130472aefap+3, 0x1.9bfa649f2ec1cp+3, 0x1.9a728cef55235p+3, 
0x1.97f984a7efdafp+3, 0x1.96a87db367b42p+3, 0x1.94f397b417ed1p+3, 
0x1.91c45d372d45ep+3, 0x1.8f1c4f8b2cd61p+3, 0x1.8ec4bf425800bp+3, 
0x1.8e6e9108f150bp+3, 0x1.8c745468b67adp+3, 0x1.89555f8f5cfe4p+3, 
0x1.8599fa1c22a1fp+3, 0x1.816a922315c98p+3, 0x1.7ebe95b9bd6a4p+3, 
0x1.7d7ef6cc7c95ap+3, 0x1.808c04fa4986fp+3, 0x1.808addcb7f046p+3, 
0x1.7c3f130b50715p+3, 0x1.7582732404f2p+3, 0x1.6eea7b23ececfp+3, 
0x1.6ace852762566p+3, 0x1.6754e865576p+3, 0x1.635eaf872f60cp+3, 
0x1.5fc8c250c82dfp+3, 0x1.5bebadd3d62f8p+3, 0x1.5796729d633ddp+3, 
0x1.53d174f58720dp+3, 0x1.4f8cc0847130ap+3, 0x1.4b9d553718ae1p+3, 
