structure(list(period_id = c("2000", "2001", "2002", "2003", 
"2004", "2005", "2006", "2007", "2008", "2009", "2010", "2011", 
"2012", "2013", "2014", "2015", "2016", "2017", "2018", "2019", 
"2020", "2021", "2022"), value = c(0x1.ad2a4b9884c6ap+7, 0x1.c4a759253543bp+7, 
0x1.24272a6b0d951p+8, 0x1.124cf2495e17ep+8, 0x1.179aa737110e4p+8, 
0x1.21d0ad9ad85ep+8, 0x1.c8b67168f8e7ep+7, 0x1.3a19831f03d14p+8, 
0x1.12a60b6f9fcb1p+8, 0x1.e26f687b139c9p+7, 0x1.e1508f648c719p+7, 
0x1.18936a1e81cb4p+8, 0x1.1b1c4e7253da7p+8, 0x1.5e7baba7b9171p+7, 
0x1.6d7d06bbdbe3cp+7, 0x1.a5100c73abc94p+7, 0x1.3a32c1d29dc72p+7, 
0x1.16f76295208e1p+7, 0x1.3f4c5ef62f9cap+7, 0x1.d7d8029f16b12p+7, 
0x1.440499ae924f2p+7, 0x1.c5e940dd3fe19p+7, 0x1.ecf5c65c70436p+7
)), class = "data.frame", row.names = c(NA, -23L))
