structure(list(period_id = c("1999Q1", "1999Q2", "1999Q3", "1999Q4", 
"2000Q1", "2000Q2", "2000Q3", "2000Q4", "2001Q1", "2001Q2", "2001Q3", 
"2001Q4", "2002Q1", "2002Q2", "2002Q3", "2002Q4", "2003Q1", "2003Q2", 
"2003Q3", "2003Q4", "2004Q1", "2004Q2", "2004Q3", "2004Q4", "2005Q1", 
"2005Q2", "2005Q3", "2005Q4", "2006Q1", "2006Q2", "2006Q3", "2006Q4", 
"2007Q1", "2007Q2", "2007Q3", "2007Q4", "2008Q1", "2008Q2", "2008Q3", 
"2008Q4", "2009Q1", "2009Q2", "2009Q3", "2009Q4", "2010Q1", "2010Q2", 
"2010Q3", "2010Q4", "2011Q1", "2011Q2", "2011Q3", "2011Q4", "2012Q1", 
"2012Q2", "2012Q3", "2012Q4", "2013Q1", "2013Q2", "2013Q3", "2013Q4", 
"2014Q1", "2014Q2", "2014Q3", "2014Q4", "2015Q1", "2015Q2", "2015Q3", 
"2015Q4", "2016Q1", "2016Q2", "2016Q3", "2016Q4", "2017Q1", "2017Q2", 
"2017Q3", "2017Q4", "2018Q1", "2018Q2", "2018Q3", "2018Q4", "2019Q1", 
"2019Q2", "2019Q3", "2019Q4", "2020Q1", "2020Q2", "2020Q3", "2020Q4", 
"2021Q1", "2021Q2", "2021Q3", "2021Q4", "2022Q1", "2022Q2", "2022Q3", 
"2022Q4", "2023Q1", "2023Q2", "2023Q3", "2023Q4", "2024Q1", "2024Q2", 
"2024Q3"), value = c(0x0p+0, 0x0p+0, 0x0p+0, 0x0p+0, 0x1.2b5a20ddc6195p-4, 
0x1.6bd7f51efb6ddp-4, 0x1.48216c61522a7p-4, 0x1.59ae924f227dp-4, 
0x1.f30e7ff583a54p-4, 0x1.3a1d323fee2cap-3, 0x1.03eaf6837f7bep-3, 
0x1.1a1b1960fa15ep-3, 0x1.9529fe004b7f6p-4, 0x1.03ab862b27cbfp-3, 
0x1.b2a38b8ae31d7p-4, 0x1.ce9b38d60a633p-4, 0x1.ac5d206c8711dp-4, 
0x1.2f4cf4a558ea8p-3, 0x1.d462c343b70efp-4, 0x1.ee3a3a8e71477p-4, 
0x1.05b749adc8fb8p-3, 0x1.27d3d4280ae1p-3, 0x1.11a11233df2aap-3, 
0x1.21a36e2eb1c43p-3, 0x1.36f0e0a84be4p+0, 0x1.55126634117f8p+0, 
0x1.4bf52fc2656acp+0, 0x1.64bc7b45f17bep+0, 0x1.de7d1351159c5p-2, 
0x1.24e48626f60e1p-1, 0x1.05fc3b4f61672p-1, 0x1.19b77c02afddbp-1, 
0x1.b70d844d013a9p+1, 0x1.04918a009f623p+2, 0x1.eb7d5a9eb2075p+1, 
0x1.085eedcc20d56p+2, 0x1.b2a497fa5d28dp+1, 0x1.13b1897a67a53p+2, 
0x1.dbad8e432442p+1, 0x1.f8df69878316ap+1, 0x1.1bc8b0079a283p+0, 
0x1.5850ce4ead0c4p+0, 0x1.242949a5657fbp+0, 0x1.38c9320d9945bp+0, 
0x1.a16d6dc1a47aap-1, 0x1.f71c10d7be985p-1, 0x1.bfd1dcd7060bbp-1, 
0x1.e02e87d2c7b89p-1, 0x1.dd080b673c4f4p+0, 0x1.1a95e9e1b089ap+1, 
0x1.ef27aa68f4b62p+0, 0x1.0763f572de43fp+1, 0x1.766772d5e071cp-1, 
0x1.a167a95c853c1p-1, 0x1.710a350d2806bp-1, 0x1.79baa1511dffcp-1, 
0x1.891fd5885d313p-1, 0x1.b8cbf2b239a39p-1, 0x1.9541b75a74c0ap-1, 
0x1.96631f8a0902ep-1, 0x1.d656de33269ep+0, 0x1.0f886df82b1f7p+1, 
0x1.dc983d790752ep+0, 0x1.e6f1dc50ce4ebp+0, 0x1.18ab2e1693c04p+0, 
0x1.39dbdb5d89481p+0, 0x1.1e53005814941p+0, 0x1.2bf737da61e0cp+0, 
0x1.5fe36d22424a2p-1, 0x1.890c4dec1c1d7p-1, 0x1.62ebe596c82ep-1, 
0x1.781f10667f90ep-1, 0x1.ea411c2a02321p+0, 0x1.0faea3161a1dcp+1, 
0x1.ed71f36262cbap+0, 0x1.008b32ce89657p+1, 0x1.f14e09784ec63p+0, 
0x1.252f7f498c3b1p+1, 0x1.017bf1e8e608p+1, 0x1.08c95bff04578p+1, 
0x1.b6f9767903212p+0, 0x1.cf02e6644d877p+0, 0x1.c5245b291b824p+0, 
0x1.dcfeac42e989ap+0, 0x1.5ea4095f2452cp+1, 0x1.9b66f9335d24ap+1, 
0x1.625553ef6b5d4p+1, 0x1.7a74ea8da7f3dp+1, 0x1.fc2435696e58ap+1, 
0x1.12b3bfb58d152p+2, 0x1.fb99806f26289p+1, 0x1.043547e06961cp+2, 
0x1.2e4cad57bc7f7p+1, 0x1.4565668c26139p+1, 0x1.3706bbdbe3c1p+1, 
0x1.3b41e14bdfd26p+1, 0x1.06b54e2b063ep+1, 0x1.1f4bb5e0f7fdp+1, 
0x1.1826c3b927d46p+1, 0x1.1d856a37ac3ebp+1, 0x1.2265cf67b1cp+1, 
0x1.4212e83a109dp+1, 0x1.2b35b0bbf50e3p+1)), class = "data.frame", row.names = c(NA, 
-103L))
