structure(list(period_id = c("1995Q1", "1995Q2", "1995Q3", "1995Q4", 
"1996Q1", "1996Q2", "1996Q3", "1996Q4", "1997Q1", "1997Q2", "1997Q3", 
"1997Q4", "1998Q1", "1998Q2", "1998Q3", "1998Q4", "1999Q1", "1999Q2", 
"1999Q3", "1999Q4", "2000Q1", "2000Q2", "2000Q3", "2000Q4", "2001Q1", 
"2001Q2", "2001Q3", "2001Q4", "2002Q1", "2002Q2", "2002Q3", "2002Q4", 
"2003Q1", "2003Q2", "2003Q3", "2003Q4", "2004Q1", "2004Q2", "2004Q3", 
"2004Q4", "2005Q1", "2005Q2", "2005Q3", "2005Q4", "2006Q1", "2006Q2", 
"2006Q3", "2006Q4", "2007Q1", "2007Q2", "2007Q3", "2007Q4", "2008Q1", 
"2008Q2", "2008Q3", "2008Q4", "2009Q1", "2009Q2", "2009Q3", "2009Q4", 
"2010Q1", "2010Q2", "2010Q3", "2010Q4", "2011Q1", "2011Q2", "2011Q3", 
"2011Q4", "2012Q1", "2012Q2", "2012Q3", "2012Q4", "2013Q1", "2013Q2", 
"2013Q3", "2013Q4", "2014Q1", "2014Q2", "2014Q3", "2014Q4", "2015Q1", 
"2015Q2", "2015Q3", "2015Q4", "2016Q1", "2016Q2", "2016Q3", "2016Q4", 
"2017Q1", "2017Q2", "2017Q3", "2017Q4", "2018Q1", "2018Q2", "2018Q3", 
"2018Q4", "2019Q1", "2019Q2", "2019Q3", "2019Q4", "2020Q1", "2020Q2", 
"2020Q3", "2020Q4", "2021Q1", "2021Q2", "2021Q3", "2021Q4", "2022Q1", 
"2022Q2", "2022Q3", "2022Q4", "2023Q1", "2023Q2", "2023Q3", "2023Q4", 
"2024Q1", "2024Q2", "2024Q3", "2024Q4", "2025Q1", "2025Q2"), 
    value = c(NA, NA, NA, NA, 0x1.c75b18090b418p+9, 0x1.d1fd9ce075f7p+9, 
    0x1.daf78eb895076p+9, 0x1.e7ce47cb70ac4p+9, 0x1.efe664b231401p+9, 
    0x1.f798353f7ced9p+9, 0x1.fda835d67ba23p+9, 0x1.0124b3edd8b61p+10, 
    0x1.00fcaf294dd72p+10, 0x1.fff8840e1719fp+9, 0x1.008dd20afa2fp+10, 
    0x1.ff7ffc32ebe59p+9, 0x1.0066560418937p+10, 0x1.06198726d04e6p+10, 
    0x1.09b2a0663c75p+10, 0x1.0edbb96af038ep+10, 0x1.196c57928e0cap+10, 
    0x1.1dede27179bfep+10, 0x1.23c58f3a9b068p+10, 0x1.2a2572606fac6p+10, 
    0x1.2affdd6e04c06p+10, 0x1.2fa2d7f51efb7p+10, 0x1.3156fae7924afp+10, 
    0x1.339f30121683p+10, 0x1.39916a2f48c2ep+10, 0x1.3ac6fb86f47b6p+10, 
    0x1.40677ea5f84cbp+10, 0x1.42b5a854477ffp+10, 0x1.48d207ee0b0afp+10, 
    0x1.4ca0fb549f948p+10, 0x1.52acb9389b52p+10, 0x1.5b979774256bdp+10, 
    0x1.5db59a5ebb774p+10, 0x1.60ea3458cd20bp+10, 0x1.64a14e7ee9143p+10, 
    0x1.642d5f30e7ff6p+10, 0x1.67efa4095f245p+10, 0x1.6fcd6ec9e236cp+10, 
    0x1.7330b9170d62cp+10, 0x1.7a35fadf2ecf2p+10, 0x1.8105a2f05a709p+10, 
    0x1.8824b6b2af145p+10, 0x1.92bb01040bfe4p+10, 0x1.9be713e81450fp+10, 
    0x1.a6be62b6ae7d5p+10, 0x1.ae19990f301ebp+10, 0x1.b668c9d16fc9cp+10, 
    0x1.bc3be5e679464p+10, 0x1.be3a255b035bdp+10, 0x1.c16d07b352a84p+10, 
    0x1.bbef02539756dp+10, 0x1.936f0270f3882p+10, 0x1.6ad1879c4113cp+10, 
    0x1.69dab8348f53cp+10, 0x1.6fc1daf4adbc6p+10, 0x1.6d79102bc72e2p+10, 
    0x1.7700322291fb4p+10, 0x1.8b461a0cf1801p+10, 0x1.8e68cb10342abp+10, 
    0x1.93a3e62131a8fp+10, 0x1.996f71001d5c3p+10, 0x1.982ee1b8ed1bfp+10, 
    0x1.96f3b4784231p+10, 0x1.92ee42b302f73p+10, 0x1.9014cea6c1a05p+10, 
    0x1.8b539ba5e353fp+10, 0x1.8db01de69ad43p+10, 0x1.83d6fbb949625p+10, 
    0x1.886e3fe9fadbp+10, 0x1.898f8df37329cp+10, 0x1.848576a2f48c3p+10, 
    0x1.8f76be8ff327bp+10, 0x1.911c48344c37ep+10, 0x1.98c926aec0725p+10, 
    0x1.9f721b10fd7e4p+10, 0x1.a778e086bdf4cp+10, 0x1.a763d594f26afp+10, 
    0x1.a97f27bb2fec5p+10, 0x1.b0cc8c5436b9p+10, 0x1.b3e44ca4f440bp+10, 
    0x1.bbac1626b2f23p+10, 0x1.c2c08aefb2aaep+10, 0x1.c5c6821f2990fp+10, 
    0x1.c5c14c447c30dp+10, 0x1.d639b1e18efbbp+10, 0x1.de8cdaf07bfe8p+10, 
    0x1.e6e18a3b57c4ep+10, 0x1.f517ca1cef241p+10, 0x1.f02fb7d41743fp+10, 
    0x1.f5dc61b6d43dp+10, 0x1.fabe1e5c0b999p+10, 0x1.0072b8c975297p+11, 
    0x1.081362cfd8f0cp+11, 0x1.0a89a7ac81d3bp+11, 0x1.1205b81b64e05p+11, 
    0x1.0f4a6e75ff60ap+11, 0x1.11f55c22ab25bp+11, 0x1.ce41dccea28fep+10, 
    0x1.0eb4ca276b7edp+11, 0x1.1573f28848388p+11, 0x1.1a5247dc37a3ep+11, 
    0x1.1b26098b2e9cdp+11, 0x1.1a11221426fe7p+11, 0x1.2278d0b955f78p+11, 
    0x1.08c575fd47beep+11, 0x1.0fb4bd76ee73ep+11, 0x1.19cfe71ef30a5p+11, 
    0x1.16ad3736cdf26p+11, 0x1.16509613d31bap+11, 0x1.192df7b5aea31p+11, 
    0x1.162139c94f69dp+11, 0x1.18c4a8b4bf8fdp+11, 0x1.1d6661eb4202ep+11, 
    0x1.1e66cd39da166p+11, 0x1.200013059641fp+11, 0x1.1ff7ce703afb8p+11, 
    0x1.1d360ded288cep+11, 0x1.1def79f87f024p+11)), class = "data.frame", row.names = c(NA, 
-122L))
