structure(list(period_id = c("1995Q1", "1995Q2", "1995Q3", "1995Q4", 
"1996Q1", "1996Q2", "1996Q3", "1996Q4", "1997Q1", "1997Q2", "1997Q3", 
"1997Q4", "1998Q1", "1998Q2", "1998Q3", "1998Q4", "1999Q1", "1999Q2", 
"1999Q3", "1999Q4", "2000Q1", "2000Q2", "2000Q3", "2000Q4", "2001Q1", 
"2001Q2", "2001Q3", "2001Q4", "2002Q1", "2002Q2", "2002Q3", "2002Q4", 
"2003Q1", "2003Q2", "2003Q3", "2003Q4", "2004Q1", "2004Q2", "2004Q3", 
"2004Q4", "2005Q1", "2005Q2", "2005Q3", "2005Q4", "2006Q1", "2006Q2", 
"2006Q3", "2006Q4", "2007Q1", "2007Q2", "2007Q3", "2007Q4", "2008Q1", 
"2008Q2", "2008Q3", "2008Q4", "2009Q1", "2009Q2", "2009Q3", "2009Q4", 
"2010Q1", "2010Q2", "2010Q3", "2010Q4", "2011Q1", "2011Q2", "2011Q3", 
"2011Q4", "2012Q1", "2012Q2", "2012Q3", "2012Q4", "2013Q1", "2013Q2", 
"2013Q3", "2013Q4", "2014Q1", "2014Q2", "2014Q3", "2014Q4", "2015Q1", 
"2015Q2", "2015Q3", "2015Q4", "2016Q1", "2016Q2", "2016Q3", "2016Q4", 
"2017Q1", "2017Q2", "2017Q3", "2017Q4", "2018Q1", "2018Q2", "2018Q3", 
"2018Q4", "2019Q1", "2019Q2", "2019Q3", "2019Q4", "2020Q1", "2020Q2", 
"2020Q3", "2020Q4", "2021Q1", "2021Q2", "2021Q3", "2021Q4", "2022Q1", 
"2022Q2", "2022Q3", "2022Q4", "2023Q1", "2023Q2", "2023Q3", "2023Q4", 
"2024Q1", "2024Q2", "2024Q3", "2024Q4", "2025Q1", "2025Q2"), 
    value = c(0x1.6d38f83be6602p+10, 0x1.84887db6e504p+10, 0x1.a022141a6937dp+10, 
    0x1.ad1456323bbc7p+10, 0x1.be1cc9081c2e3p+10, 0x1.c2bc5d894812cp+10, 
    0x1.ceb2bcb1cc964p+10, 0x1.dd0e83fd50225p+10, 0x1.ebca164c729f6p+10, 
    0x1.01d6783be6602p+11, 0x1.02d36c3b927d4p+11, 0x1.0c4c23d70a3d7p+11, 
    0x1.0ebe15c422036p+11, 0x1.10689e59f2baap+11, 0x1.1d80a6b0d9514p+11, 
    0x1.226a939eadd59p+11, 0x1.2f91d3f5b5fa2p+11, 0x1.3b037e45803cdp+11, 
    0x1.38c0135daad6p+11, 0x1.418e2a4b9884cp+11, 0x1.4c184e618ce2dp+11, 
    0x1.480339841aac5p+11, 0x1.5493bdd11be6ep+11, 0x1.5dc10d8665e03p+11, 
    0x1.6537eb59146e5p+11, 0x1.7388c3d89ce4ap+11, 0x1.75d210752da98p+11, 
    0x1.81497a67a52acp+11, 0x1.8dddb851eb852p+11, 0x1.90046dacabc51p+11, 
    0x1.9a34a53fc0097p+11, 0x1.a5d786fac6046p+11, 0x1.ad9d972474539p+11, 
    0x1.b724f2990f302p+11, 0x1.c445c3f1c7582p+11, 0x1.c91ace3de614ap+11, 
    0x1.cc0e24e379b78p+11, 0x1.d529ae72da123p+11, 0x1.dd32d9dba908ap+11, 
    0x1.e520d3ac4f7ecp+11, 0x1.e87677d30ad47p+11, 0x1.f6034a6eb91b4p+11, 
    0x1.f71a64712e408p+11, 0x1.fb6c33e78e193p+11, 0x1.fb9a67c8d1959p+11, 
    0x1.02224f627392ap+12, 0x1.04b2199cbee8p+12, 0x1.0ace0c2938de7p+12, 
    0x1.14196c929aa1dp+12, 0x1.1df560c7c0f45p+12, 0x1.25265a4df47fap+12, 
    0x1.2aaa2c929aa1dp+12, 0x1.3566af7e3d1ccp+12, 0x1.3bd3fb18dac26p+12, 
    0x1.3a1edfc2a886ap+12, 0x1.357d83cc07aafp+12, 0x1.3573046b69db6p+12, 
    0x1.35ea116fc9bc7p+12, 0x1.3c9fc6f587d7p+12, 0x1.43655151611bap+12, 
    0x1.42c4dc087442cp+12, 0x1.43ededdbdb5d9p+12, 0x1.4860a33eff195p+12, 
    0x1.4bdc3c9de0503p+12, 0x1.4c2fe9ff0cbbp+12, 0x1.4e840317acc4fp+12, 
    0x1.51af860dcb9aap+12, 0x1.515c25215768ap+12, 0x1.51be5a07b352bp+12, 
    0x1.4ff99ec1c1d6dp+12, 0x1.4ddf4ca4f440bp+12, 0x1.4c05ec5f394b8p+12, 
    0x1.48e65cbccf28cp+12, 0x1.48fc7903211cbp+12, 0x1.4937b55bccaf7p+12, 
    0x1.4ba801ffb480ap+12, 0x1.4c57746cb966cp+12, 0x1.4c6e158b827fap+12, 
    0x1.4d7abedd8b60fp+12, 0x1.4d4cca71de69bp+12, 0x1.5089d93708aadp+12, 
    0x1.508851ba3ca75p+12, 0x1.5066b69446738p+12, 0x1.5136ba22706d5p+12, 
    0x1.53169204af923p+12, 0x1.5870cc9ea9a3dp+12, 0x1.5e94906cca2dbp+12, 
    0x1.62cbd817b95a3p+12, 0x1.68213c8d19589p+12, 0x1.6b24e0780fdc1p+12, 
    0x1.6f4d54d834092p+12, 0x1.74e2ade33269ep+12, 0x1.7928148cb4aedp+12, 
    0x1.7f209bb59ddc2p+12, 0x1.83619b4fe79eep+12, 0x1.8d025c2b0ea18p+12, 
    0x1.93192cc2d6a9cp+12, 0x1.98ae182cb20fbp+12, 0x1.a15aa20791c4cp+12, 
    0x1.a1c50c6a3bdep+12, 0x1.7bc55cd2d44ddp+12, 0x1.4b6c2cedd4845p+12, 
    0x1.87cb84f5d3565p+12, 0x1.64b328c9b8455p+12, 0x1.75e38d759ee89p+12, 
    0x1.87ff6d7625205p+12, 0x1.b87037ced9168p+12, 0x1.ce25293e1c9b4p+12, 
    0x1.c9db355043e53p+12, 0x1.ee05371971c11p+12, 0x1.fb64cb167ec78p+12, 
    0x1.033bf23d4f15ep+13, 0x1.0588095d91ab9p+13, 0x1.08e2224463066p+13, 
    0x1.0b06c6d1e108cp+13, 0x1.0cd8e4c836651p+13, 0x1.0e57aa875d56fp+13, 
    0x1.1021a68986fcep+13, 0x1.128bb077ccc03p+13, 0x1.14e5acf7446fap+13, 
    0x1.18b8880d801b4p+13, 0x1.1bf52351deefep+13)), class = "data.frame", row.names = c(NA, 
-122L))
