structure(list(period_id = c("1995Q1", "1995Q2", "1995Q3", "1995Q4", 
"1996Q1", "1996Q2", "1996Q3", "1996Q4", "1997Q1", "1997Q2", "1997Q3", 
"1997Q4", "1998Q1", "1998Q2", "1998Q3", "1998Q4", "1999Q1", "1999Q2", 
"1999Q3", "1999Q4", "2000Q1", "2000Q2", "2000Q3", "2000Q4", "2001Q1", 
"2001Q2", "2001Q3", "2001Q4", "2002Q1", "2002Q2", "2002Q3", "2002Q4", 
"2003Q1", "2003Q2", "2003Q3", "2003Q4", "2004Q1", "2004Q2", "2004Q3", 
"2004Q4", "2005Q1", "2005Q2", "2005Q3", "2005Q4", "2006Q1", "2006Q2", 
"2006Q3", "2006Q4", "2007Q1", "2007Q2", "2007Q3", "2007Q4", "2008Q1", 
"2008Q2", "2008Q3", "2008Q4", "2009Q1", "2009Q2", "2009Q3", "2009Q4", 
"2010Q1", "2010Q2", "2010Q3", "2010Q4", "2011Q1", "2011Q2", "2011Q3", 
"2011Q4", "2012Q1", "2012Q2", "2012Q3", "2012Q4", "2013Q1", "2013Q2", 
"2013Q3", "2013Q4", "2014Q1", "2014Q2", "2014Q3", "2014Q4", "2015Q1", 
"2015Q2", "2015Q3", "2015Q4", "2016Q1", "2016Q2", "2016Q3", "2016Q4", 
"2017Q1", "2017Q2", "2017Q3", "2017Q4", "2018Q1", "2018Q2", "2018Q3", 
"2018Q4", "2019Q1", "2019Q2", "2019Q3", "2019Q4", "2020Q1", "2020Q2", 
"2020Q3", "2020Q4", "2021Q1", "2021Q2", "2021Q3", "2021Q4", "2022Q1", 
"2022Q2", "2022Q3", "2022Q4", "2023Q1", "2023Q2", "2023Q3", "2023Q4", 
"2024Q1", "2024Q2", "2024Q3", "2024Q4"), value = c(NA, NA, NA, 
NA, 0x1.c75b18090b418p+9, 0x1.d1fd9ce075f7p+9, 0x1.daf78eb895076p+9, 
0x1.e7ce47cb70ac4p+9, 0x1.efe664b231401p+9, 0x1.f798353f7ced9p+9, 
0x1.fda835d67ba23p+9, 0x1.0124b3edd8b61p+10, 0x1.00fcaf294dd72p+10, 
0x1.fff8840e1719fp+9, 0x1.008dd20afa2fp+10, 0x1.ff7ffc32ebe59p+9, 
0x1.0066560418937p+10, 0x1.06198726d04e6p+10, 0x1.09b2a0663c75p+10, 
0x1.0edbb96af038ep+10, 0x1.196c57928e0cap+10, 0x1.1dede27179bfep+10, 
0x1.23c58f3a9b068p+10, 0x1.2a2572606fac6p+10, 0x1.2affdd6e04c06p+10, 
0x1.2fa2d7f51efb7p+10, 0x1.3156fae7924afp+10, 0x1.339f30121683p+10, 
0x1.39916a2f48c2ep+10, 0x1.3ac6fb86f47b6p+10, 0x1.40677ea5f84cbp+10, 
0x1.42b5a854477ffp+10, 0x1.48d207ee0b0afp+10, 0x1.4ca0fb549f948p+10, 
0x1.52acb9389b52p+10, 0x1.5b979774256bdp+10, 0x1.5db59a5ebb774p+10, 
0x1.60ea3458cd20bp+10, 0x1.64a14e7ee9143p+10, 0x1.642d5f30e7ff6p+10, 
0x1.67efa4095f245p+10, 0x1.6fcd6ec9e236cp+10, 0x1.7330b9170d62cp+10, 
0x1.7a35fadf2ecf2p+10, 0x1.8105a2f05a709p+10, 0x1.8824b6b2af145p+10, 
0x1.92bb01040bfe4p+10, 0x1.9be713e81450fp+10, 0x1.a6be62b6ae7d5p+10, 
0x1.ae19990f301ebp+10, 0x1.b668c9d16fc9cp+10, 0x1.bc3be5e679464p+10, 
0x1.be3a255b035bdp+10, 0x1.c16d07b352a84p+10, 0x1.bbef02539756dp+10, 
0x1.936f0270f3882p+10, 0x1.6ad1879c4113cp+10, 0x1.69dab8348f53cp+10, 
0x1.6fc1daf4adbc6p+10, 0x1.6d79102bc72e2p+10, 0x1.789e74c09c3cep+10, 
0x1.8bbc78a2a90cdp+10, 0x1.8e979d6f112fdp+10, 0x1.92e65275ee99ap+10, 
0x1.98931e7967cafp+10, 0x1.983d87a8d64d8p+10, 0x1.96864b76f6d76p+10, 
0x1.931274e65bea1p+10, 0x1.8fc25a78f25a2p+10, 0x1.8c3aa48301a7ap+10, 
0x1.8b3d543f1c758p+10, 0x1.861edd052934bp+10, 0x1.87641fe64f54dp+10, 
0x1.88029abf33871p+10, 0x1.870e286f8ad25p+10, 0x1.8d8e992c8c5p+10, 
0x1.91c76b00ffda4p+10, 0x1.98865c5f7c676p+10, 0x1.9f5561ae70c13p+10, 
0x1.a5a925a682b63p+10, 0x1.a7a64f227d029p+10, 0x1.aa61840181e04p+10, 
0x1.afe629ed3953ep+10, 0x1.b48164b662fep+10, 0x1.bb372413db7f1p+10, 
0x1.c167e8a2ec28bp+10, 0x1.c5187e73a365dp+10, 0x1.c8b178316a055p+10, 
0x1.d497525892685p+10, 0x1.de51d2dcb1466p+10, 0x1.e791ac9f2fdb9p+10, 
0x1.f14d756c93a71p+10, 0x1.f1d10b1359792p+10, 0x1.f5c3442c7fbadp+10, 
0x1.faeacc100e6bp+10, 0x1.012b80474d9c7p+11, 0x1.0723ab649d389p+11, 
0x1.0b3a1693c03bcp+11, 0x1.10231a1db877bp+11, 0x1.101fe70e2c12bp+11, 
0x1.1136c65a57647p+11, 0x1.cdb91d25aab47p+10, 0x1.1065fbdf090f7p+11, 
0x1.14ef5fd8adabap+11, 0x1.1910bcb1cc964p+11, 0x1.1aa4e772d5e07p+11, 
0x1.1ba7044ae85bap+11, 0x1.20f8972cd7cf6p+11, 0x1.09ff77c243dcdp+11, 
0x1.102a0435efa61p+11, 0x1.171d56adf71ebp+11, 0x1.1718aa1511ep+11, 
0x1.16f4e56041893p+11, 0x1.180de455eaee2p+11, 0x1.1721c7cd898b3p+11, 
0x1.1922083dbc233p+11, 0x1.1b826a4873366p+11, 0x1.1e066c4e7253ep+11, 
0x1.219abfe5c91d1p+11, 0x1.2403d12231833p+11)), class = "data.frame", row.names = c(NA, 
-120L))
