structure(list(period_id = c("1995Q1", "1995Q2", "1995Q3", "1995Q4", 
"1996Q1", "1996Q2", "1996Q3", "1996Q4", "1997Q1", "1997Q2", "1997Q3", 
"1997Q4", "1998Q1", "1998Q2", "1998Q3", "1998Q4", "1999Q1", "1999Q2", 
"1999Q3", "1999Q4", "2000Q1", "2000Q2", "2000Q3", "2000Q4", "2001Q1", 
"2001Q2", "2001Q3", "2001Q4", "2002Q1", "2002Q2", "2002Q3", "2002Q4", 
"2003Q1", "2003Q2", "2003Q3", "2003Q4", "2004Q1", "2004Q2", "2004Q3", 
"2004Q4", "2005Q1", "2005Q2", "2005Q3", "2005Q4", "2006Q1", "2006Q2", 
"2006Q3", "2006Q4", "2007Q1", "2007Q2", "2007Q3", "2007Q4", "2008Q1", 
"2008Q2", "2008Q3", "2008Q4", "2009Q1", "2009Q2", "2009Q3", "2009Q4", 
"2010Q1", "2010Q2", "2010Q3", "2010Q4", "2011Q1", "2011Q2", "2011Q3", 
"2011Q4", "2012Q1", "2012Q2", "2012Q3", "2012Q4", "2013Q1", "2013Q2", 
"2013Q3", "2013Q4", "2014Q1", "2014Q2", "2014Q3", "2014Q4", "2015Q1", 
"2015Q2", "2015Q3", "2015Q4", "2016Q1", "2016Q2", "2016Q3", "2016Q4", 
"2017Q1", "2017Q2", "2017Q3", "2017Q4", "2018Q1", "2018Q2", "2018Q3", 
"2018Q4", "2019Q1", "2019Q2", "2019Q3", "2019Q4", "2020Q1", "2020Q2", 
"2020Q3", "2020Q4", "2021Q1", "2021Q2", "2021Q3", "2021Q4", "2022Q1", 
"2022Q2", "2022Q3", "2022Q4", "2023Q1", "2023Q2", "2023Q3", "2023Q4", 
"2024Q1", "2024Q2", "2024Q3", "2024Q4", "2025Q1"), value = c(0x1.c9f064ece9a2cp+5, 
0x1.23633508f648cp+6, 0x1.8aa1aef6f8f04p+5, 0x1.46d246bf01323p+5, 
-0x1.5d784ec636b09p+0, 0x1.4b78ad2567989p+4, 0x1.977b0ab2e1694p+5, 
0x1.1e47da61e0c5bp+6, 0x1.ae47852f7f499p+5, 0x1.f43a4b5568e82p+4, 
0x1.8f89aed56b01p+5, 0x1.4c2d0a2446306p+3, 0x1.3f7831f03d146p+6, 
0x1.8bceca686e7e6p+3, 0x1.4f5e0a41a261cp+4, 0x1.428fa82e87d2cp+5, 
0x1.523aeee957471p+2, 0x1.b540357a35504p+6, 0x1.8a1aed56b01p+4, 
0x1.62c85ad538ac2p+6, 0x1.35e31c219eb64p+6, 0x1.4d701bc98a223p+6, 
0x1.8ff7cf5f4e443p+6, 0x1.c42e59af9ebeap+2, 0x1.7d6bce8533b1p+2, 
0x1.8360221426fe7p+3, 0x1.27f9873ffac1dp+3, 0x1.5fad7e889c1b5p+4, 
0x1.4d24e26d4801fp+5, 0x1.e8853f39d1b2ep+4, 0x1.1dc5ec3dab5c4p+5, 
0x1.ff763ed0f6274p+5, 0x1.84a0a0f4d7addp+6, 0x1.68a18372e6a77p+6, 
0x1.a312374794eap+6, 0x1.68b7f7be121eep+6, 0x1.0db89289dadfbp+7, 
0x1.4f7bef6b5d463p+8, 0x1.014caab8a5ce6p+7, 0x1.3367531db445fp+7, 
0x1.cd5abe6a337a8p+6, 0x1.d6ba9a8049668p+6, 0x1.fb7ece9a2c669p+6, 
0x1.6cba674080f99p+7, 0x1.57b65f0f5a101p+7, 0x1.2d8f1f9acffa8p+7, 
0x1.c02d9e83e425bp+7, 0x1.200571e29b6b3p+8, 0x1.5d2cc2e770bdp+8, 
0x1.690d0f1f57b42p+8, 0x1.51c970f7b9e06p+8, 0x1.fd4477ee4e26dp+8, 
0x1.02e85dd8f92bp+8, 0x1.539c7c4199fe4p+8, 0x1.71f84f5d35654p+8, 
0x1.73f1c8b86b16p+8, -0x1.d89b23dd54da5p+4, -0x1.be5f2e8c0485ap+6, 
-0x1.60cb9991361ddp+4, -0x1.e1b2ec6bce853p+5, 0x1.053e132b55ef2p+4, 
0x1.b56f4ba51a006p+6, 0x1.f8050efdc9c4ep+6, 0x1.cfbd9fb1e18fp+7, 
0x1.2e1b625204af9p+8, 0x1.8d008f42fe825p+7, 0x1.04e879c4113c7p+7, 
0x1.c92372606fac6p+4, 0x1.1def8d2e514c2p+7, -0x1.d43d82773e25p+5, 
-0x1.505ad57bc7f78p+6, -0x1.dd26709fa54c5p+6, -0x1.8db7e9531550dp+6, 
0x1.7acf6be37de94p+2, -0x1.1639b8887229fp+3, 0x1.1169da597d49dp+6, 
0x1.fa49363f572dep+3, 0x1.71c56473471f8p+5, 0x1.68b77e1b8ed1cp+5, 
-0x1.3f2fe3f359ff5p+2, 0x1.e6c784230fcf8p+3, 0x1.25fd790752daap+5, 
0x1.3c970c564f97fp+6, 0x1.165e2fbe33acdp+6, 0x1.a0d6805a2d73p+5, 
0x1.26b150fc71d6p+7, 0x1.952b06c43f5f9p+6, 0x1.d4b6a65cf67b2p+6, 
0x1.434219008206p+7, 0x1.fa08053e2d624p+7, 0x1.160d0203e63e9p+7, 
0x1.5ff771001d5c3p+7, 0x1.099b6e503fb37p+8, 0x1.008c165907d91p+8, 
0x1.d6852dcb1465fp+7, 0x1.0f7528f190d17p+7, 0x1.daccf4623d0cp+6, 
0x1.2153d4280ae1p+3, 0x1.02cb89b52007ep+8, 0x1.aac109d0635a4p+6, 
0x1.76faf0e0a84bep+7, 0x1.f21b588e368f1p+6, -0x1.787dd1e53a81ep+7, 
0x1.97352f2b66b61p+8, 0x1.20eadadb8348fp+7, 0x1.dd9e51c193b3ap+8, 
0x1.19fe94ccab3eep+7, 0x1.eb5676640a6b9p+5, 0x1.4b7e46ae3a3a9p+9, 
0x1.1eb93d20f2bedp+9, 0x1.d913eccc46951p+6, 0x1.0d0f48c2e770cp+6, 
0x1.bf8afee6fb4c4p+5, 0x1.022bdba0a5269p+6, 0x1.73b79d0a67621p+7, 
0x1.1075bb384fd2ap+8, 0x1.4e7e33482be8cp+7, 0x1.33aec12ad81aep+8, 
0x1.63367ad8e4324p+6, 0x1.7385959a30985p+7, 0x1.43a8ef566490ap+8
)), class = "data.frame", row.names = c(NA, -121L))
