structure(list(period_id = c("2002M03", "2002M04", "2002M05", 
"2002M06", "2002M07", "2002M08", "2002M09", "2002M10", "2002M11", 
"2002M12", "2003M01", "2003M02", "2003M03", "2003M04", "2003M05", 
"2003M06", "2003M07", "2003M08", "2003M09", "2003M10", "2003M11", 
"2003M12", "2004M01", "2004M02", "2004M03", "2004M04", "2004M05", 
"2004M06", "2004M07", "2004M08", "2004M09", "2004M10", "2004M11", 
"2004M12", "2005M01", "2005M02", "2005M03", "2005M04", "2005M05", 
"2005M06", "2005M07", "2005M08", "2005M09", "2005M10", "2005M11", 
"2005M12", "2006M01", "2006M02", "2006M03", "2006M04", "2006M05", 
"2006M06", "2006M07", "2006M08", "2006M09", "2006M10", "2006M11", 
"2006M12", "2007M01", "2007M02", "2007M03", "2007M04", "2007M05", 
"2007M06", "2007M07", "2007M08", "2007M09", "2007M10", "2007M11", 
"2007M12", "2008M01", "2008M02", "2008M03", "2008M04", "2008M05", 
"2008M06", "2008M07", "2008M08", "2008M09", "2008M10", "2008M11", 
"2008M12", "2009M01", "2009M02", "2009M03", "2009M04", "2009M05", 
"2009M06", "2009M07", "2009M08", "2009M09", "2009M10", "2009M11", 
"2009M12", "2010M01", "2010M02", "2010M03", "2010M04", "2010M05", 
"2010M06", "2010M07", "2010M08", "2010M09", "2010M10", "2010M11", 
"2010M12", "2011M01", "2011M02", "2011M03", "2011M04", "2011M05", 
"2011M06", "2011M07", "2011M08", "2011M09", "2011M10", "2011M11", 
"2011M12", "2012M01", "2012M02", "2012M03", "2012M04", "2012M05", 
"2012M06", "2012M07", "2012M08", "2012M09", "2012M10", "2012M11", 
"2012M12", "2013M01", "2013M02", "2013M03", "2013M04", "2013M05", 
"2013M06", "2013M07", "2013M08", "2013M09", "2013M10", "2013M11", 
"2013M12", "2014M01", "2014M02", "2014M03", "2014M04", "2014M05", 
"2014M06", "2014M07", "2014M08", "2014M09", "2014M10", "2014M11", 
"2014M12", "2015M01", "2015M02", "2015M03", "2015M04", "2015M05", 
"2015M06", "2015M07", "2015M08", "2015M09", "2015M10", "2015M11", 
"2015M12", "2016M01", "2016M02", "2016M03", "2016M04", "2016M05", 
"2016M06", "2016M07", "2016M08", "2016M09", "2016M10", "2016M11", 
"2016M12", "2017M01", "2017M02", "2017M03", "2017M04", "2017M05", 
"2017M06", "2017M07", "2017M08", "2017M09", "2017M10", "2017M11", 
"2017M12", "2018M01", "2018M02", "2018M03", "2018M04", "2018M05", 
"2018M06", "2018M07", "2018M08", "2018M09", "2018M10", "2018M11", 
"2018M12", "2019M01", "2019M02", "2019M03", "2019M04", "2019M05", 
"2019M06", "2019M07", "2019M08", "2019M09", "2019M10", "2019M11", 
"2019M12", "2020M01", "2020M02", "2020M03", "2020M04", "2020M05", 
"2020M06", "2020M07", "2020M08", "2020M09", "2020M10", "2020M11", 
"2020M12", "2021M01", "2021M02", "2021M03", "2021M04", "2021M05", 
"2021M06", "2021M07", "2021M08", "2021M09", "2021M10", "2021M11", 
"2021M12", "2022M01", "2022M02", "2022M03", "2022M04", "2022M05", 
"2022M06", "2022M07", "2022M08", "2022M09", "2022M10", "2022M11", 
"2022M12", "2023M01", "2023M02", "2023M03", "2023M04", "2023M05", 
"2023M06", "2023M07", "2023M08", "2023M09", "2023M10", "2023M11", 
"2023M12", "2024M01", "2024M02", "2024M03", "2024M04", "2024M05", 
"2024M06", "2024M07", "2024M08", "2024M09", "2024M10", "2024M11", 
"2024M12", "2025M01", "2025M02", "2025M03", "2025M04", "2025M05", 
"2025M06", "2025M07"), value = c(0x1.33d70a3d70a3dp+3, 0x1.30a3d70a3d70ap+3, 
0x1.270a3d70a3d71p+3, 0x1.26147ae147ae1p+3, 0x1.228f5c28f5c29p+3, 
0x1.1e147ae147ae1p+3, 0x1.1d1eb851eb852p+3, 0x1.1cccccccccccdp+3, 
0x1.c666666666666p+2, 0x1.a99999999999ap+2, 0x1.a99999999999ap+2, 
0x1.a99999999999ap+2, 0x1.a99999999999ap+2, 0x1.a99999999999ap+2, 
0x1.a99999999999ap+2, 0x1.a99999999999ap+2, 0x1.a99999999999ap+2, 
0x1.a99999999999ap+2, 0x1.a99999999999ap+2, 0x1.8a3d70a3d70a4p+2, 
0x1.628f5c28f5c29p+2, 0x1.5147ae147ae14p+2, 0x1.48f5c28f5c28fp+2, 
0x1.40a3d70a3d70ap+2, 0x1.3f5c28f5c28f6p+2, 0x1.351eb851eb852p+2, 
0x1.3147ae147ae14p+2, 0x1.2c28f5c28f5c3p+2, 0x1.28f5c28f5c28fp+2, 
0x1.2a3d70a3d70a4p+2, 0x1.2851eb851eb85p+2, 0x1.1e147ae147ae1p+2, 
0x1.1333333333333p+2, 0x1.047ae147ae148p+2, 0x1.ef5c28f5c28f6p+1, 
0x1.f5c28f5c28f5cp+1, 0x1.f0a3d70a3d70ap+1, 0x1.f99999999999ap+1, 
0x1.f5c28f5c28f5cp+1, 0x1.f333333333333p+1, 0x1.e3d70a3d70a3dp+1, 
0x1.e51eb851eb852p+1, 0x1.deb851eb851ecp+1, 0x1.cf5c28f5c28f6p+1, 
0x1.cf5c28f5c28f6p+1, 0x1.d851eb851eb85p+1, 0x1.dd70a3d70a3d7p+1, 
0x1.dc28f5c28f5c3p+1, 0x1.e666666666666p+1, 0x1.dd70a3d70a3d7p+1, 
0x1.dd70a3d70a3d7p+1, 0x1.ee147ae147ae1p+1, 0x1.ee147ae147ae1p+1, 
0x1.f5c28f5c28f5cp+1, 0x1.fd70a3d70a3d7p+1, 0x1.0147ae147ae14p+2, 
0x1.feb851eb851ecp+1, 0x1.f333333333333p+1, 0x1.0eb851eb851ecp+2, 
0x1.15c28f5c28f5cp+2, 0x1.15c28f5c28f5cp+2, 0x1.1a3d70a3d70a4p+2, 
0x1.1f5c28f5c28f6p+2, 0x1.328f5c28f5c29p+2, 0x1.2e147ae147ae1p+2, 
0x1.347ae147ae148p+2, 0x1.2c28f5c28f5c3p+2, 0x1.25c28f5c28f5cp+2, 
0x1.199999999999ap+2, 0x1.2333333333333p+2, 0x1.18f5c28f5c28fp+2, 
0x1.147ae147ae148p+2, 0x1.151eb851eb852p+2, 0x1.1e147ae147ae1p+2, 
0x1.270a3d70a3d71p+2, 0x1.3cccccccccccdp+2, 0x1.4147ae147ae14p+2, 
0x1.2b851eb851eb8p+2, 0x1.2b851eb851eb8p+2, 0x1.2a3d70a3d70a4p+2, 
0x1.270a3d70a3d71p+2, 0x1.23d70a3d70a3dp+2, 0x1.2cccccccccccdp+2, 
0x1.37ae147ae147bp+2, 0x1.2d70a3d70a3d7p+2, 0x1.3147ae147ae14p+2, 
0x1.30a3d70a3d70ap+2, 0x1.2c28f5c28f5c3p+2, 0x1.151eb851eb852p+2, 
0x1.047ae147ae148p+2, 0x1.fae147ae147aep+1, 0x1.ee147ae147ae1p+1, 
0x1.ef5c28f5c28f6p+1, 0x1.f47ae147ae148p+1, 0x1p+2, 0x1.eb851eb851eb8p+1, 
0x1.f851eb851eb85p+1, 0x1.f851eb851eb85p+1, 0x1.e8f5c28f5c28fp+1, 
0x1.ea3d70a3d70a4p+1, 0x1.ef5c28f5c28f6p+1, 0x1.d5c28f5c28f5cp+1, 
0x1.d1eb851eb851fp+1, 0x1.c7ae147ae147bp+1, 0x1.e28f5c28f5c29p+1, 
0x1.070a3d70a3d71p+2, 0x1.128f5c28f5c29p+2, 0x1.10a3d70a3d70ap+2, 
0x1.1333333333333p+2, 0x1.21eb851eb851fp+2, 0x1.1b851eb851eb8p+2, 
0x1.251eb851eb852p+2, 0x1.38f5c28f5c28fp+2, 0x1.3f5c28f5c28f6p+2, 
0x1.370a3d70a3d71p+2, 0x1.4a3d70a3d70a4p+2, 0x1.9d70a3d70a3d7p+2, 
0x1.b99999999999ap+2, 0x1.af5c28f5c28f6p+2, 0x1.6eb851eb851ecp+2, 
0x1.451eb851eb852p+2, 0x1.5147ae147ae14p+2, 0x1.51eb851eb851fp+2, 
0x1.6851eb851eb85p+2, 0x1.95c28f5c28f5cp+2, 0x1.b3d70a3d70a3dp+2, 
0x1.947ae147ae148p+2, 0x1.6f5c28f5c28f6p+2, 0x1.5b851eb851eb8p+2, 
0x1.551eb851eb852p+2, 0x1.33d70a3d70a3dp+2, 0x1.3851eb851eb85p+2, 
0x1.45c28f5c28f5cp+2, 0x1.7b851eb851eb8p+2, 0x1.5666666666666p+2, 
0x1.9851eb851eb85p+2, 0x1.a51eb851eb852p+2, 0x1.a0a3d70a3d70ap+2, 
0x1.a3d70a3d70a3dp+2, 0x1.9e147ae147ae1p+2, 0x1.7a3d70a3d70a4p+2, 
0x1.5147ae147ae14p+2, 0x1.2eb851eb851ecp+2, 0x1.1b851eb851eb8p+2, 
0x1.ecccccccccccdp+1, 0x1.c28f5c28f5c29p+1, 0x1.b1eb851eb851fp+1, 
0x1.90a3d70a3d70ap+1, 0x1.947ae147ae148p+1, 0x1.8b851eb851eb8p+1, 
0x1.547ae147ae148p+1, 0x1.50a3d70a3d70ap+1, 0x1.451eb851eb852p+1, 
0x1.0e147ae147ae1p+1, 0x1.cp+0, 0x1.51eb851eb851fp+0, 0x1.fae147ae147aep-1, 
0x1.0f5c28f5c28f6p+0, 0x1.970a3d70a3d71p+0, 0x1.10a3d70a3d70ap+1, 
0x1.370a3d70a3d71p+1, 0x1.08f5c28f5c28fp+1, 0x1.0666666666666p+1, 
0x1.ccccccccccccdp+0, 0x1.a8f5c28f5c28fp+0, 0x1.9c28f5c28f5c3p+0, 
0x1.9c28f5c28f5c3p+0, 0x1.970a3d70a3d71p+0, 0x1.7ae147ae147aep+0, 
0x1.5eb851eb851ecp+0, 0x1.68f5c28f5c28fp+0, 0x1.5c28f5c28f5c3p+0, 
0x1.e666666666666p-1, 0x1.999999999999ap-1, 0x1.8p-1, 0x1.3d70a3d70a3d7p-1, 
0x1.c7ae147ae147bp-1, 0x1.eb851eb851eb8p-1, 0x1.fae147ae147aep-1, 
0x1.028f5c28f5c29p+0, 0x1.fae147ae147aep-1, 0x1p+0, 0x1.f5c28f5c28f5cp-1, 
0x1.b851eb851eb85p-1, 0x1.2666666666666p+0, 0x1.170a3d70a3d71p+0, 
0x1.f5c28f5c28f5cp-1, 0x1.f0a3d70a3d70ap-1, 0x1.9eb851eb851ecp-1, 
0x1.6147ae147ae14p-1, 0x1.c28f5c28f5c29p-1, 0x1.23d70a3d70a3dp+0, 
0x1.1c28f5c28f5c3p+0, 0x1.c7ae147ae147bp-1, 0x1.eb851eb851eb8p-1, 
0x1.fae147ae147aep-1, 0x1.947ae147ae148p-1, 0x1.8a3d70a3d70a4p-1, 
0x1.8p-1, 0x1.d70a3d70a3d71p-1, 0x1.028f5c28f5c29p+0, 0x1.eb851eb851eb8p-1, 
0x1.f5c28f5c28f5cp-1, 0x1.bd70a3d70a3d7p-1, 0x1.570a3d70a3d71p-1, 
0x1.0a3d70a3d70a4p-1, 0x1.851eb851eb852p-2, 0x1.851eb851eb852p-3, 
-0x1.47ae147ae147bp-7, -0x1.eb851eb851eb8p-5, -0x1.47ae147ae147bp-3, 
-0x1.70a3d70a3d70ap-4, -0x1.47ae147ae147bp-7, 0x1.47ae147ae147bp-6, 
0x1.70a3d70a3d70ap-4, 0x1.47ae147ae147bp-5, 0x1.47ae147ae147bp-6, 
