structure(list(period_id = c("1995Q1", "1995Q2", "1995Q3", "1995Q4", 
"1996Q1", "1996Q2", "1996Q3", "1996Q4", "1997Q1", "1997Q2", "1997Q3", 
"1997Q4", "1998Q1", "1998Q2", "1998Q3", "1998Q4", "1999Q1", "1999Q2", 
"1999Q3", "1999Q4", "2000Q1", "2000Q2", "2000Q3", "2000Q4", "2001Q1", 
"2001Q2", "2001Q3", "2001Q4", "2002Q1", "2002Q2", "2002Q3", "2002Q4", 
"2003Q1", "2003Q2", "2003Q3", "2003Q4", "2004Q1", "2004Q2", "2004Q3", 
"2004Q4", "2005Q1", "2005Q2", "2005Q3", "2005Q4", "2006Q1", "2006Q2", 
"2006Q3", "2006Q4", "2007Q1", "2007Q2", "2007Q3", "2007Q4", "2008Q1", 
"2008Q2", "2008Q3", "2008Q4", "2009Q1", "2009Q2", "2009Q3", "2009Q4", 
"2010Q1", "2010Q2", "2010Q3", "2010Q4", "2011Q1", "2011Q2", "2011Q3", 
"2011Q4", "2012Q1", "2012Q2", "2012Q3", "2012Q4", "2013Q1", "2013Q2", 
"2013Q3", "2013Q4", "2014Q1", "2014Q2", "2014Q3", "2014Q4", "2015Q1", 
"2015Q2", "2015Q3", "2015Q4", "2016Q1", "2016Q2", "2016Q3", "2016Q4", 
"2017Q1", "2017Q2", "2017Q3", "2017Q4", "2018Q1", "2018Q2", "2018Q3", 
"2018Q4", "2019Q1", "2019Q2", "2019Q3", "2019Q4", "2020Q1", "2020Q2", 
"2020Q3", "2020Q4", "2021Q1", "2021Q2", "2021Q3", "2021Q4", "2022Q1", 
"2022Q2", "2022Q3", "2022Q4", "2023Q1", "2023Q2", "2023Q3", "2023Q4", 
"2024Q1", "2024Q2", "2024Q3", "2024Q4"), value = c(0x1.c9f064ece9a2cp+5, 
0x1.23633508f648cp+6, 0x1.8aa1aef6f8f04p+5, 0x1.46d246bf01323p+5, 
-0x1.5d784ec636b09p+0, 0x1.4b78ad2567989p+4, 0x1.977b0ab2e1694p+5, 
0x1.1e47da61e0c5bp+6, 0x1.ae47852f7f499p+5, 0x1.f43a4b5568e82p+4, 
0x1.8f89aed56b01p+5, 0x1.4c2d0a2446306p+3, 0x1.3f7831f03d146p+6, 
0x1.8bceca686e7e6p+3, 0x1.4f5e0a41a261cp+4, 0x1.428fa82e87d2cp+5, 
0x1.523aeee957471p+2, 0x1.b540357a35504p+6, 0x1.8a1aed56b01p+4, 
0x1.62c85ad538ac2p+6, 0x1.35e31c219eb64p+6, 0x1.4d701bc98a223p+6, 
0x1.8ff7cf5f4e443p+6, 0x1.c42e59af9ebeap+2, 0x1.7d6bce8533b1p+2, 
0x1.8360221426fe7p+3, 0x1.27f9873ffac1dp+3, 0x1.5fad7e889c1b5p+4, 
0x1.4d24e26d4801fp+5, 0x1.e8853f39d1b2ep+4, 0x1.1dc5ec3dab5c4p+5, 
0x1.ff763ed0f6274p+5, 0x1.84a0a0f4d7addp+6, 0x1.68a18372e6a77p+6, 
0x1.a312374794eap+6, 0x1.68b7f7be121eep+6, 0x1.0db89289dadfbp+7, 
0x1.4f7bef6b5d463p+8, 0x1.014caab8a5ce6p+7, 0x1.3367531db445fp+7, 
0x1.cd5abe6a337a8p+6, 0x1.d6ba9a8049668p+6, 0x1.fb7ece9a2c669p+6, 
0x1.6cba674080f99p+7, 0x1.57b65f0f5a101p+7, 0x1.2d8f1f9acffa8p+7, 
0x1.c02d9e83e425bp+7, 0x1.200571e29b6b3p+8, 0x1.5d2cc2e770bdp+8, 
0x1.690d0f1f57b42p+8, 0x1.51c970f7b9e06p+8, 0x1.fd4477ee4e26dp+8, 
0x1.02e85dd8f92bp+8, 0x1.539c7c4199fe4p+8, 0x1.71f84f5d35654p+8, 
0x1.73f1c8b86b16p+8, -0x1.d89b23dd54da5p+4, -0x1.be5f2e8c0485ap+6, 
-0x1.60cb9991361ddp+4, -0x1.e1b2ec6bce853p+5, 0x1.033b784662baep+4, 
0x1.baa03d145d851p+6, 0x1.fc91950331e3ap+6, 0x1.cd3089e34330dp+7, 
0x1.2a53635e7429ap+8, 0x1.910fc3d68405bp+7, 0x1.0b31fa7653437p+7, 
0x1.d18080f98fa37p+4, 0x1.14df04ddb5526p+7, -0x1.d217720c8cd64p+5, 
-0x1.47b6fc58ab92cp+6, -0x1.d69654d61b2a2p+6, -0x1.94931f8a0902ep+6, 
0x1.268509bf9c62ap+2, -0x1.0368b9fdbd2fap+3, 0x1.15827e0ef998p+6, 
0x1.08c198f1d3ed5p+4, 0x1.604b6bf444e0ep+5, 0x1.65da5b0ff10edp+5, 
-0x1.ba2a66dbd72bdp+1, 0x1.1141a47a9e2bdp+4, 0x1.0e3aade657b85p+5, 
0x1.3954545846e8fp+6, 0x1.1eeda61e0c5a8p+6, 0x1.aff4c3c18b503p+5, 
0x1.1f14d5b6805a3p+7, 0x1.93e7689ca18bdp+6, 0x1.e00c4e2f37fbfp+6, 
0x1.4580984e3ffefp+7, 0x1.f3b9db0142f62p+7, 0x1.13286876e1debp+7, 
0x1.65d29c99285a9p+7, 0x1.0ae477ee4e26dp+8, 0x1.011d7bd8be729p+8, 
0x1.ca8b0b9dc2f4p+7, 0x1.1150cb07d0aeep+7, 0x1.e97fb3b752114p+6, 
0x1.dd4fd4bf0995bp+3, 0x1.f23382a12f901p+7, 0x1.9c87ec3547e07p+6, 
0x1.85a76837f7be1p+7, 0x1.094e16b54e2bp+7, -0x1.8d6ab10ba6267p+7, 
0x1.8ef29717df19dp+8, 0x1.38cc41355475ap+7, 0x1.e3b1d249e44fap+8, 
0x1.061f718655193p+7, 0x1.997b6ed677708p+5, 0x1.547b3a9b06812p+9, 
0x1.1fe1285a921cdp+9, 0x1.af5e08f217093p+6, 0x1.ab6bda9435ac9p+5, 
0x1.47a9ae0c17657p+6, 0x1.faa6327ed84d3p+5, 0x1.5ee69df97aaacp+7, 
0x1.f5cf0307f23cdp+7, 0x1.9fa35f3d7d391p+7, 0x1.2d76fd5454153p+8, 
0x1.27325f633ce64p+6, 0x1.349662bae03b4p+7)), class = "data.frame", row.names = c(NA, 
-120L))
