structure(list(period_id = c("1995Q1", "1995Q2", "1995Q3", "1995Q4", 
"1996Q1", "1996Q2", "1996Q3", "1996Q4", "1997Q1", "1997Q2", "1997Q3", 
"1997Q4", "1998Q1", "1998Q2", "1998Q3", "1998Q4", "1999Q1", "1999Q2", 
"1999Q3", "1999Q4", "2000Q1", "2000Q2", "2000Q3", "2000Q4", "2001Q1", 
"2001Q2", "2001Q3", "2001Q4", "2002Q1", "2002Q2", "2002Q3", "2002Q4", 
"2003Q1", "2003Q2", "2003Q3", "2003Q4", "2004Q1", "2004Q2", "2004Q3", 
"2004Q4", "2005Q1", "2005Q2", "2005Q3", "2005Q4", "2006Q1", "2006Q2", 
"2006Q3", "2006Q4", "2007Q1", "2007Q2", "2007Q3", "2007Q4", "2008Q1", 
"2008Q2", "2008Q3", "2008Q4", "2009Q1", "2009Q2", "2009Q3", "2009Q4", 
"2010Q1", "2010Q2", "2010Q3", "2010Q4", "2011Q1", "2011Q2", "2011Q3", 
"2011Q4", "2012Q1", "2012Q2", "2012Q3", "2012Q4", "2013Q1", "2013Q2", 
"2013Q3", "2013Q4", "2014Q1", "2014Q2", "2014Q3", "2014Q4", "2015Q1", 
"2015Q2", "2015Q3", "2015Q4", "2016Q1", "2016Q2", "2016Q3", "2016Q4", 
"2017Q1", "2017Q2", "2017Q3", "2017Q4", "2018Q1", "2018Q2", "2018Q3", 
"2018Q4", "2019Q1", "2019Q2", "2019Q3", "2019Q4", "2020Q1", "2020Q2", 
"2020Q3", "2020Q4", "2021Q1", "2021Q2", "2021Q3", "2021Q4", "2022Q1", 
"2022Q2", "2022Q3", "2022Q4", "2023Q1", "2023Q2", "2023Q3", "2023Q4", 
"2024Q1", "2024Q2", "2024Q3"), value = c(NA, NA, NA, NA, 0x1.25ffbb517a461p+8, 
0x1.30c13cff64cf9p+8, 0x1.ff95d31337eb3p+7, 0x1.a0ea9bcfd4bf1p+7, 
0x1.09f48aac96cc6p+8, 0x1.6e3cd3e0bd44ap+8, 0x1.e36b315d701dap+7, 
0x1.c4b7b58d1526ep+7, 0x1.0bd928f190d17p+8, 0x1.3f502656abde4p+8, 
0x1.19ea6149c6f37p+8, 0x1.1b0a9973d9ec7p+8, 0x1.49b81ffb480a6p+8, 
0x1.c200020817fc7p+8, 0x1.de252da98676ap+7, 0x1.1117d25247cb7p+8, 
0x1.34732d2bb2357p+8, 0x1.3771376d54973p+8, 0x1.faccf11b60ae9p+7, 
0x1.03ebf444e0daap+8, 0x1.1e71e939eadd6p+8, 0x1.365d9e6256367p+8, 
0x1.06578950763a2p+8, 0x1.118a788db0575p+8, 0x1.3681d7ba6698cp+8, 
0x1.3cf10c6f7a0b6p+8, 0x1.1a199a52263d8p+8, 0x1.224f1455219a8p+8, 
0x1.42769691a75cdp+8, 0x1.616ad1aeb3dd1p+8, 0x1.2b1c5e4e69f06p+8, 
0x1.5555b65ecc3e3p+8, 0x1.65ecab3edd8b6p+8, 0x1.80d12d1287c2p+8, 
0x1.5a5a6559f6ec6p+8, 0x1.6542ae7d566cfp+8, 0x1.83e9b8023a6cep+8, 
0x1.afe7b01c92ddcp+8, 0x1.608ec460ed80ap+8, 0x1.60daa737110e4p+8, 
0x1.92f85caafbc1bp+8, 0x1.c823f33871609p+8, 0x1.7aa4ce5f7403ep+8, 
0x1.8dc4c1db0142fp+8, 0x1.cc9bb0e5e6794p+8, 0x1.01a34bf0995abp+9, 
0x1.c6df84fd2a62bp+8, 0x1.d94b41f212d77p+8, 0x1.0e020ff540896p+9, 
0x1.1f667a9e2bcf9p+9, 0x1.d6dedba4d6e48p+8, 0x1.c707df8f47304p+8, 
0x1.d9628bd230b9ep+8, 0x1.f9c318116ebd5p+8, 0x1.c9ee22813448p+8, 
0x1.d28bab53d640fp+8, 0x1.154afbb949625p+9, 0x1.11f8a89fc6da4p+9, 
0x1.caff39f340d4ep+8, 0x1.da33d6f97679p+8, 0x1.f511c22ab25b3p+8, 
0x1.ec5f341e14bep+8, 0x1.d1643c3a42f1fp+8, 0x1.f3d81c0ca600bp+8, 
0x1.d550280ae1049p+8, 0x1.bffba14cec41ep+8, 0x1.9e664a8c154cap+8, 
0x1.aa613c148344cp+8, 0x1.8eb172367e415p+8, 0x1.c14450df15a4bp+8, 
0x1.83e8ff64cf8d7p+8, 0x1.9d11aa3f034b1p+8, 0x1.9426b3aabcd79p+8, 
0x1.bac27bc3c5bd1p+8, 0x1.ba9ef97679032p+8, 0x1.dd07aabcd78c4p+8, 
0x1.da3ef826edaa9p+8, 0x1.eb472f5558213p+8, 0x1.de72a9a3d2d88p+8, 
0x1.fc831f8a0902ep+8, 0x1.04d08f08461fap+9, 0x1.16a92d98bf7fp+9, 
0x1.0976e69f05ea2p+9, 0x1.2691002e2329p+9, 0x1.34132617c1bdap+9, 
0x1.48ef7e1b8ed1cp+9, 0x1.30eb94c87980fp+9, 0x1.4b1a764adff82p+9, 
0x1.4876faacd9e84p+9, 0x1.5faa27a63736dp+9, 0x1.4a6f5807fed2p+9, 
0x1.5a38aaf35e311p+9, 0x1.6b1b93ee5eeddp+9, 0x1.769ca38b8ae32p+9, 
0x1.63b2209246bfp+9, 0x1.7aabfe43675dep+9, 0x1.3ef588f42fe82p+9, 
0x1.5fe84d338f798p+9, 0x1.95e4de19fc2a9p+9, 0x1.43f575536933ap+9, 
0x1.951d98e10cf5bp+9, 0x1.cf157eaa2a0a9p+9, 0x1.c2c641fea8113p+9, 
0x1.d0935536933ap+9, 0x1.84d2333fc86cfp+9, 0x1.ba61aa2e3c537p+9, 
0x1.ab86331e3a7dbp+9, 0x1.c1a214f0520d1p+9, 0x1.a84b226c3b928p+9, 
0x1.c8411819d2392p+9, 0x1.af3100713f078p+9, 0x1.e67b8548a9bdp+9, 
0x1.ca35e12a51e32p+9, 0x1.d386e957470ebp+9, 0x1.cac802ea960b7p+9
)), class = "data.frame", row.names = c(NA, -119L))
