structure(list(period_id = c("1995Q1", "1995Q2", "1995Q3", "1995Q4", 
"1996Q1", "1996Q2", "1996Q3", "1996Q4", "1997Q1", "1997Q2", "1997Q3", 
"1997Q4", "1998Q1", "1998Q2", "1998Q3", "1998Q4", "1999Q1", "1999Q2", 
"1999Q3", "1999Q4", "2000Q1", "2000Q2", "2000Q3", "2000Q4", "2001Q1", 
"2001Q2", "2001Q3", "2001Q4", "2002Q1", "2002Q2", "2002Q3", "2002Q4", 
"2003Q1", "2003Q2", "2003Q3", "2003Q4", "2004Q1", "2004Q2", "2004Q3", 
"2004Q4", "2005Q1", "2005Q2", "2005Q3", "2005Q4", "2006Q1", "2006Q2", 
"2006Q3", "2006Q4", "2007Q1", "2007Q2", "2007Q3", "2007Q4", "2008Q1", 
"2008Q2", "2008Q3", "2008Q4", "2009Q1", "2009Q2", "2009Q3", "2009Q4", 
"2010Q1", "2010Q2", "2010Q3", "2010Q4", "2011Q1", "2011Q2", "2011Q3", 
"2011Q4", "2012Q1", "2012Q2", "2012Q3", "2012Q4", "2013Q1", "2013Q2", 
"2013Q3", "2013Q4", "2014Q1", "2014Q2", "2014Q3", "2014Q4", "2015Q1", 
"2015Q2", "2015Q3", "2015Q4", "2016Q1", "2016Q2", "2016Q3", "2016Q4", 
"2017Q1", "2017Q2", "2017Q3", "2017Q4", "2018Q1", "2018Q2", "2018Q3", 
"2018Q4", "2019Q1", "2019Q2", "2019Q3", "2019Q4", "2020Q1", "2020Q2", 
"2020Q3", "2020Q4", "2021Q1", "2021Q2", "2021Q3", "2021Q4", "2022Q1", 
"2022Q2", "2022Q3", "2022Q4", "2023Q1", "2023Q2", "2023Q3", "2023Q4", 
"2024Q1", "2024Q2", "2024Q3", "2024Q4", "2025Q1", "2025Q2"), 
    value = c(0x1.c9f064ece9a2cp+5, 0x1.23633508f648cp+6, 0x1.8aa1aef6f8f04p+5, 
    0x1.46d246bf01323p+5, -0x1.5d784ec636b09p+0, 0x1.4b78ad2567989p+4, 
    0x1.977b0ab2e1694p+5, 0x1.1e47da61e0c5bp+6, 0x1.ae47852f7f499p+5, 
    0x1.f43a4b5568e82p+4, 0x1.8f89aed56b01p+5, 0x1.4c2d0a2446306p+3, 
    0x1.3f7831f03d146p+6, 0x1.8bceca686e7e6p+3, 0x1.4f5e0a41a261cp+4, 
    0x1.428fa82e87d2cp+5, 0x1.523aeee957471p+2, 0x1.b540357a35504p+6, 
    0x1.8a1aed56b01p+4, 0x1.62c85ad538ac2p+6, 0x1.35e31c219eb64p+6, 
    0x1.4d701bc98a223p+6, 0x1.8ff7cf5f4e443p+6, 0x1.c42e59af9ebeap+2, 
    0x1.7d6bce8533b1p+2, 0x1.8360221426fe7p+3, 0x1.27f9873ffac1dp+3, 
    0x1.5fad7e889c1b5p+4, 0x1.4d24e26d4801fp+5, 0x1.e8853f39d1b2ep+4, 
    0x1.1dc5ec3dab5c4p+5, 0x1.ff763ed0f6274p+5, 0x1.84a0a0f4d7addp+6, 
    0x1.68a18372e6a77p+6, 0x1.a312374794eap+6, 0x1.68b7f7be121eep+6, 
    0x1.0db89289dadfbp+7, 0x1.4f7bef6b5d463p+8, 0x1.014caab8a5ce6p+7, 
    0x1.3367531db445fp+7, 0x1.cd5abe6a337a8p+6, 0x1.d6ba9a8049668p+6, 
    0x1.fb7ece9a2c669p+6, 0x1.6cba674080f99p+7, 0x1.57b65f0f5a101p+7, 
    0x1.2d8f1f9acffa8p+7, 0x1.c02d9e83e425bp+7, 0x1.200571e29b6b3p+8, 
    0x1.5d2cc2e770bdp+8, 0x1.690d0f1f57b42p+8, 0x1.51c970f7b9e06p+8, 
    0x1.fd4477ee4e26dp+8, 0x1.02e85dd8f92bp+8, 0x1.539c7c4199fe4p+8, 
    0x1.71f84f5d35654p+8, 0x1.73f1c8b86b16p+8, -0x1.d89b23dd54da5p+4, 
    -0x1.be5f2e8c0485ap+6, -0x1.60cb9991361ddp+4, -0x1.e1b2ec6bce853p+5, 
    0x1.4ca2b9d3cbc49p+4, 0x1.d58fca85caafcp+6, 0x1.070c7c30d306ap+7, 
    0x1.bd00d306a2b17p+7, 0x1.16d7b5bf6a0dcp+8, 0x1.a6239a9da597dp+7, 
    0x1.2a1b588e368f1p+7, 0x1.191ca31e7d999p+5, 0x1.c43c6e6d9be4dp+6, 
    -0x1.c8849235f8099p+5, -0x1.21d87a8d64d7fp+6, -0x1.ac5f98b71b8aap+6, 
    -0x1.ab9a376922d95p+6, -0x1.647e28240b78p+0, -0x1.f946ae3a3a8e7p+2, 
    0x1.1a24766c6de76p+6, 0x1.73f4b838c111bp+4, 0x1.21dbefd00713fp+5, 
    0x1.4cef2495e17e3p+5, 0x1.f860dcb9a9da6p-2, 0x1.b79fb0d51f81ap+4, 
    0x1.6db72c5197a25p+4, 0x1.2b15ac8a3726p+6, 0x1.3b268f08461fap+6, 
    0x1.ed31676640a6cp+5, 0x1.f2a7c5692b3ccp+6, 0x1.ac7fc5cdd50a9p+6, 
    0x1.09b07314ca926p+7, 0x1.42375cf2495e1p+7, 0x1.ca518d8a979e1p+7, 
    0x1.1f8927913e814p+7, 0x1.8adcd72799a2p+7, 0x1.0448bdfd2630fp+8, 
    0x1.fe783621fafc9p+7, 0x1.a0a7b09203a32p+7, 0x1.2d51e01de2691p+7, 
    0x1.eedf644955b46p+6, 0x1.7a476f2a5a46ap+5, 0x1.9b6e27179bfdfp+7, 
    0x1.8b2176ddaceeep+6, 0x1.9aa07dd441355p+7, 0x1.6b244dca8e2e3p+7, 
    -0x1.e61a84dfce315p+7, 0x1.77bc1ba7fc32fp+8, 0x1.4db1e94ab1d5p+7, 
    0x1.05fdc286f8ad2p+9, 0x1.a954a7f8012ep+6, 0x1.50635610adcd3p+5, 
    0x1.563e6d612c6acp+9, 0x1.2787b04ee7c4ap+9, 0x1.7f1a8f7db6e5p+6, 
    0x1.d7db4916ca46ep+5, 0x1.236397dd00f77p+6, 0x1.c6a1a048e043ap+5, 
    0x1.8d75492ff4ba5p+7, 0x1.1694298cc144p+8, 0x1.33144b90214adp+7, 
    0x1.eba13cee9dd7fp+7, 0x1.3a7912fd32c62p+7, 0x1.eecdc03361566p+7, 
    0x1.c6dcb85a4f00fp+8, 0x1.e3d79b888722ap+8)), class = "data.frame", row.names = c(NA, 
-122L))
