structure(list(period_id = c("1995Q1", "1995Q2", "1995Q3", "1995Q4", 
"1996Q1", "1996Q2", "1996Q3", "1996Q4", "1997Q1", "1997Q2", "1997Q3", 
"1997Q4", "1998Q1", "1998Q2", "1998Q3", "1998Q4", "1999Q1", "1999Q2", 
"1999Q3", "1999Q4", "2000Q1", "2000Q2", "2000Q3", "2000Q4", "2001Q1", 
"2001Q2", "2001Q3", "2001Q4", "2002Q1", "2002Q2", "2002Q3", "2002Q4", 
"2003Q1", "2003Q2", "2003Q3", "2003Q4", "2004Q1", "2004Q2", "2004Q3", 
"2004Q4", "2005Q1", "2005Q2", "2005Q3", "2005Q4", "2006Q1", "2006Q2", 
"2006Q3", "2006Q4", "2007Q1", "2007Q2", "2007Q3", "2007Q4", "2008Q1", 
"2008Q2", "2008Q3", "2008Q4", "2009Q1", "2009Q2", "2009Q3", "2009Q4", 
"2010Q1", "2010Q2", "2010Q3", "2010Q4", "2011Q1", "2011Q2", "2011Q3", 
"2011Q4", "2012Q1", "2012Q2", "2012Q3", "2012Q4", "2013Q1", "2013Q2", 
"2013Q3", "2013Q4", "2014Q1", "2014Q2", "2014Q3", "2014Q4", "2015Q1", 
"2015Q2", "2015Q3", "2015Q4", "2016Q1", "2016Q2", "2016Q3", "2016Q4", 
"2017Q1", "2017Q2", "2017Q3", "2017Q4", "2018Q1", "2018Q2", "2018Q3", 
"2018Q4", "2019Q1", "2019Q2", "2019Q3", "2019Q4", "2020Q1", "2020Q2", 
"2020Q3", "2020Q4", "2021Q1", "2021Q2", "2021Q3", "2021Q4", "2022Q1", 
"2022Q2", "2022Q3", "2022Q4", "2023Q1", "2023Q2", "2023Q3", "2023Q4", 
"2024Q1", "2024Q2", "2024Q3", "2024Q4", "2025Q1"), value = c(0x1.6d38f83be6602p+10, 
0x1.84887db6e504p+10, 0x1.a022141a6937dp+10, 0x1.ad1456323bbc7p+10, 
0x1.be1cc9081c2e3p+10, 0x1.c2bc5d894812cp+10, 0x1.ceb2bcb1cc964p+10, 
0x1.dd0e83fd50225p+10, 0x1.ebca164c729f6p+10, 0x1.01d6783be6602p+11, 
0x1.02d36c3b927d4p+11, 0x1.0c4c23d70a3d7p+11, 0x1.0ebe15c422036p+11, 
0x1.10689e59f2baap+11, 0x1.1d80a6b0d9514p+11, 0x1.226a939eadd59p+11, 
0x1.2f91d3f5b5fa2p+11, 0x1.3b037e45803cdp+11, 0x1.38c0135daad6p+11, 
0x1.418e2a4b9884cp+11, 0x1.4c184e618ce2dp+11, 0x1.480339841aac5p+11, 
0x1.5493bdd11be6ep+11, 0x1.5dc10d8665e03p+11, 0x1.6537eb59146e5p+11, 
0x1.7388c3d89ce4ap+11, 0x1.75d210752da98p+11, 0x1.81497a67a52acp+11, 
0x1.8dddb851eb852p+11, 0x1.90046dacabc51p+11, 0x1.9a34a53fc0097p+11, 
0x1.a5d786fac6046p+11, 0x1.ad9d972474539p+11, 0x1.b724f2990f302p+11, 
0x1.c445c3f1c7582p+11, 0x1.c91ace3de614ap+11, 0x1.cc0e24e379b78p+11, 
0x1.d529ae72da123p+11, 0x1.dd32d9dba908ap+11, 0x1.e520d3ac4f7ecp+11, 
0x1.e87677d30ad47p+11, 0x1.f6034a6eb91b4p+11, 0x1.f71a64712e408p+11, 
0x1.fb6c33e78e193p+11, 0x1.fb9a67c8d1959p+11, 0x1.02224f627392ap+12, 
0x1.04b2199cbee8p+12, 0x1.0ace0c2938de7p+12, 0x1.14196c929aa1dp+12, 
0x1.1df560c7c0f45p+12, 0x1.25265a4df47fap+12, 0x1.2aaa2c929aa1dp+12, 
0x1.3566af7e3d1ccp+12, 0x1.3bd3fb18dac26p+12, 0x1.3a1edfc2a886ap+12, 
0x1.357d83cc07aafp+12, 0x1.3573046b69db6p+12, 0x1.35ea116fc9bc7p+12, 
0x1.3c9fc6f587d7p+12, 0x1.43655151611bap+12, 0x1.42c3f5be5d9e4p+12, 
0x1.43ed5947cfa27p+12, 0x1.48614ca2db61cp+12, 0x1.4bdc06b9c304dp+12, 
0x1.4c33a86e7e62ep+12, 0x1.4e8253da72a7cp+12, 0x1.51acd1361dc94p+12, 
0x1.515badff822bcp+12, 0x1.51b363d5fdcdfp+12, 0x1.4ff9c69a4df48p+12, 
0x1.4ddd26c6de764p+12, 0x1.4c05bcb0c026dp+12, 0x1.48ead4fdf3b64p+12, 
0x1.48fd94046412dp+12, 0x1.49393c3a42f1fp+12, 0x1.4ba89d1f60179p+12, 
0x1.4c58d4024b33ep+12, 0x1.4c6e2c2efd439p+12, 0x1.4d7d84827b6fep+12, 
0x1.4d4c4ab606b7bp+12, 0x1.508df457c0b13p+12, 0x1.5085e290eed03p+12, 
0x1.5064e99fa11a9p+12, 0x1.5134865a57647p+12, 0x1.530d3546d3f9ep+12, 
0x1.586eb1f14983dp+12, 0x1.5e91dddc1e796p+12, 0x1.62cacc60cbf2bp+12, 
0x1.68250dad31fcdp+12, 0x1.6b2592dba4d6ep+12, 0x1.6f4f85e1c1509p+12, 
0x1.74e504a9478c8p+12, 0x1.792895dc40075p+12, 0x1.7f23c83558a76p+12, 
0x1.83645d4738a3bp+12, 0x1.8d02839ef0f17p+12, 0x1.931e584b1ab08p+12, 
0x1.98b0bf9e7b80bp+12, 0x1.a157efe4ffc98p+12, 0x1.a1bdcb7e4de3cp+12, 
0x1.7bb31d0635a42p+12, 0x1.4b708101f31f4p+12, 0x1.87d05d3bafd97p+12, 
0x1.64b0b43b70ef5p+12, 0x1.75e2a975afaf8p+12, 0x1.88005c896dd27p+12, 
0x1.b872520e1f7d7p+12, 0x1.ce23cc1fc8f32p+12, 0x1.c9d7a71de69adp+12, 
0x1.ee08f31b152f4p+12, 0x1.fb6622c450269p+12, 0x1.033c71f70de8fp+13, 
0x1.058aac7da1ec5p+13, 0x1.08e21416bdb1ap+13, 0x1.0b05ce1049236p+13, 
0x1.0cd6f4c33b539p+13, 0x1.0e508a1cef241p+13, 0x1.1002b5f78359cp+13, 
0x1.1282671a3b14bp+13, 0x1.151dc4e160d88p+13, 0x1.195190ad46f58p+13
)), class = "data.frame", row.names = c(NA, -121L))
