structure(list(period_id = c("1999Q1", "1999Q2", "1999Q3", "1999Q4", 
"2000Q1", "2000Q2", "2000Q3", "2000Q4", "2001Q1", "2001Q2", "2001Q3", 
"2001Q4", "2002Q1", "2002Q2", "2002Q3", "2002Q4", "2003Q1", "2003Q2", 
"2003Q3", "2003Q4", "2004Q1", "2004Q2", "2004Q3", "2004Q4", "2005Q1", 
"2005Q2", "2005Q3", "2005Q4", "2006Q1", "2006Q2", "2006Q3", "2006Q4", 
"2007Q1", "2007Q2", "2007Q3", "2007Q4", "2008Q1", "2008Q2", "2008Q3", 
"2008Q4", "2009Q1", "2009Q2", "2009Q3", "2009Q4", "2010Q1", "2010Q2", 
"2010Q3", "2010Q4", "2011Q1", "2011Q2", "2011Q3", "2011Q4", "2012Q1", 
"2012Q2", "2012Q3", "2012Q4", "2013Q1", "2013Q2", "2013Q3", "2013Q4", 
"2014Q1", "2014Q2", "2014Q3", "2014Q4", "2015Q1", "2015Q2", "2015Q3", 
"2015Q4", "2016Q1", "2016Q2", "2016Q3", "2016Q4", "2017Q1", "2017Q2", 
"2017Q3", "2017Q4", "2018Q1", "2018Q2", "2018Q3", "2018Q4", "2019Q1", 
"2019Q2", "2019Q3", "2019Q4", "2020Q1", "2020Q2", "2020Q3", "2020Q4", 
"2021Q1", "2021Q2", "2021Q3", "2021Q4", "2022Q1", "2022Q2", "2022Q3", 
"2022Q4", "2023Q1", "2023Q2", "2023Q3", "2023Q4", "2024Q1", "2024Q2", 
"2024Q3", "2024Q4", "2025Q1"), value = c(0x1.44a3fd5022574p+7, 
0x1.622503fb37436p+7, 0x1.585a116659d13p+7, 0x1.71069ea140571p+7, 
0x1.3d123af31b153p+7, 0x1.6e441db0142f6p+7, 0x1.5b09105e1c151p+7, 
0x1.7391ef0f16f44p+7, 0x1.6b98f01fb82c3p+7, 0x1.a1876965f5276p+7, 
0x1.a062157689ca2p+7, 0x1.d1aa031ceaf25p+7, 0x1.8fdd1526d8b1ep+7, 
0x1.b47ecc3e3193fp+7, 0x1.be6d2a411c2ap+7, 0x1.ddaac3a860dccp+7, 
0x1.ae158dde7a744p+7, 0x1.e1f26809d4952p+7, 0x1.eecc81b21c476p+7, 
0x1.05e3ca1059ea5p+8, 0x1.f39413986338bp+7, 0x1.fa237281fd9bap+7, 
0x1.1172c74320104p+8, 0x1.3d4d00a393ee6p+8, 0x1.da06d99cbee8p+7, 
0x1.1b81e0e73604ap+8, 0x1.1370e38a7e73ap+8, 0x1.366ff5f91600fp+8, 
0x1.2798c5eb313bep+8, 0x1.5cb5d084e831bp+8, 0x1.573927f5e84f1p+8, 
0x1.7361fe542e558p+8, 0x1.60461b7e0ac7ep+8, 0x1.941f3482be8bcp+8, 
0x1.a110837718655p+8, 0x1.abd4128bf3bebp+8, 0x1.998f00de4c511p+8, 
0x1.d91aff08893b8p+8, 0x1.d3c9dd095af29p+8, 0x1.be8cb65237048p+8, 
0x1.9a2d31550ca1dp+8, 0x1.cdac2e44b6e93p+8, 0x1.d948817fc7608p+8, 
0x1.ebb67cf1c3266p+8, 0x1.8a8e1d53cddd7p+8, 0x1.ca8e8e92d55a4p+8, 
0x1.ccd78b1572581p+8, 0x1.e7e543f1c7582p+8, 0x1.6a7cc1b97353bp+8, 
0x1.7e53fbbd7b203p+8, 0x1.7582a37ac3eb8p+8, 0x1.823791f70de8fp+8, 
0x1.64dbaafff36acp+8, 0x1.67ba9be09bb6bp+8, 0x1.7c18ff540895dp+8, 
0x1.7051319828805p+8, 0x1.5a06a79bbadc1p+8, 0x1.85be0d4562e0ap+8, 
0x1.a25a13e3e293p+8, 0x1.a5f2d5ae1cde6p+8, 0x1.a98732df505d1p+8, 
0x1.e09d8266772d6p+8, 0x1.ee2724a6a875dp+8, 0x1.fbb93910c2c5ep+8, 
0x1.a318c8abd5dc4p+8, 0x1.d56314a90470bp+8, 0x1.da77743632c1fp+8, 
0x1.e63468ec52a41p+8, 0x1.348e93293d103p+8, 0x1.5742f81626b2fp+8, 
0x1.4f4a30a91537ap+8, 0x1.5fb8c07aaef2cp+8, 0x1.2d1016ce789e7p+8, 
0x1.4a41de37585bep+8, 0x1.4f5e94ccab3eep+8, 0x1.59cbeea209aaap+8, 
0x1.8adbadf2ecf2p+8, 0x1.9f0df01b866e4p+8, 0x1.b0029ab29e4d6p+8, 
0x1.b5214c985f06fp+8, 0x1.ae122d83c6c98p+8, 0x1.c5a243fe5c91dp+8, 
0x1.99e78e6d15ad1p+8, 0x1.1b60adab9f55ap+9, 0x1.bf56ad0c3d252p+8, 
0x1.bd1e0f4d7add1p+8, 0x1.d56904816f007p+8, 0x1.1dc58b3f63c32p+9, 
0x1.ee35e03f70585p+8, 0x1.272f0bf1a5ca3p+9, 0x1.460a95af294ddp+9, 
0x1.607080e8c8abdp+9, 0x1.3f30b7ed41b76p+9, 0x1.80d323dd54da5p+9, 
0x1.8f5897b7414a5p+9, 0x1.d1e8977c88e7ap+9, 0x1.81ec7c0f45176p+9, 
0x1.a5b0a9d627bf6p+9, 0x1.b687ef416bdb2p+9, 0x1.cf8f2ce032db2p+9, 
0x1.8b0a371da37efp+9, 0x1.90086f587d6f9p+9, 0x1.adfffcc1871e7p+9, 
0x1.d33450507a6bdp+9, 0x1.adf169552e2fcp+9)), class = "data.frame", row.names = c(NA, 
-105L))
