structure(list(period_id = c("1995Q1", "1995Q2", "1995Q3", "1995Q4", 
"1996Q1", "1996Q2", "1996Q3", "1996Q4", "1997Q1", "1997Q2", "1997Q3", 
"1997Q4", "1998Q1", "1998Q2", "1998Q3", "1998Q4", "1999Q1", "1999Q2", 
"1999Q3", "1999Q4", "2000Q1", "2000Q2", "2000Q3", "2000Q4", "2001Q1", 
"2001Q2", "2001Q3", "2001Q4", "2002Q1", "2002Q2", "2002Q3", "2002Q4", 
"2003Q1", "2003Q2", "2003Q3", "2003Q4", "2004Q1", "2004Q2", "2004Q3", 
"2004Q4", "2005Q1", "2005Q2", "2005Q3", "2005Q4", "2006Q1", "2006Q2", 
"2006Q3", "2006Q4", "2007Q1", "2007Q2", "2007Q3", "2007Q4", "2008Q1", 
"2008Q2", "2008Q3", "2008Q4", "2009Q1", "2009Q2", "2009Q3", "2009Q4", 
"2010Q1", "2010Q2", "2010Q3", "2010Q4", "2011Q1", "2011Q2", "2011Q3", 
"2011Q4", "2012Q1", "2012Q2", "2012Q3", "2012Q4", "2013Q1", "2013Q2", 
"2013Q3", "2013Q4", "2014Q1", "2014Q2", "2014Q3", "2014Q4", "2015Q1", 
"2015Q2", "2015Q3", "2015Q4", "2016Q1", "2016Q2", "2016Q3", "2016Q4", 
"2017Q1", "2017Q2", "2017Q3", "2017Q4", "2018Q1", "2018Q2", "2018Q3", 
"2018Q4", "2019Q1", "2019Q2", "2019Q3", "2019Q4", "2020Q1", "2020Q2", 
"2020Q3", "2020Q4", "2021Q1", "2021Q2", "2021Q3", "2021Q4", "2022Q1", 
"2022Q2", "2022Q3", "2022Q4", "2023Q1", "2023Q2", "2023Q3", "2023Q4", 
"2024Q1", "2024Q2", "2024Q3", "2024Q4", "2025Q1"), value = c(NA, 
NA, NA, NA, 0x1.c89359bc33f85p+8, 0x1.c9fd30270f388p+8, 0x1.cb664a9cdc444p+8, 
0x1.ccd6bf5515055p+8, 0x1.ce1938fffbce4p+8, 0x1.cfb5947cfa26ap+8, 
0x1.d16f444e0daa1p+8, 0x1.d308a1ad6451cp+8, 0x1.d4d22d5171e2ap+8, 
0x1.d68a58a32f449p+8, 0x1.d863dc054ef46p+8, 0x1.da5556b00ffdap+8, 
0x1.dc5eca793576p+8, 0x1.de291d8a54824p+8, 0x1.dfd8a5ce5b424p+8, 
0x1.e135c4c9c90c5p+8, 0x1.e271c53f39d1bp+8, 0x1.e40f864cb5bb4p+8, 
0x1.e5a1fadafd114p+8, 0x1.e7a1b10fd7e46p+8, 0x1.ea18766c6de76p+8, 
0x1.eb95ab7dc7acp+8, 0x1.ed0d9f6ec5b08p+8, 0x1.ef8137c1376d5p+8, 
0x1.f260f5903a754p+8, 0x1.f5181e14bdfd2p+8, 0x1.fa1d6e04c0592p+8, 
0x1.fbe7053198288p+8, 0x1.fd5516a8b8f15p+8, 0x1.ff6b4d48882f1p+8, 
0x1.fe8ef99806f26p+8, 0x1.ff94ac8e68e3fp+8, 0x1.008c61e92923ep+9, 
0x1.012b564b662fep+9, 0x1.0282e48626f61p+9, 0x1.042fd755bccafp+9, 
0x1.063318a86d71fp+9, 0x1.08e340789613dp+9, 0x1.097faad601ffbp+9, 
0x1.0bb45bea0ba1fp+9, 0x1.0cd4b66b6177fp+9, 0x1.0e4649a9973dap+9, 
0x1.1171f444e0daap+9, 0x1.1bdd121ab4b73p+9, 0x1.1d157eaa2a0a9p+9, 
0x1.1ee4e7ab75643p+9, 0x1.204e22d5171e3p+9, 0x1.22be69df97aabp+9, 
0x1.25aa812be48a6p+9, 0x1.3c17e34330d74p+9, 0x1.28670079a2835p+9, 
0x1.344bbc3c5bd0ep+9, 0x1.2bbb10fd7e458p+9, 0x1.2df8d76ab5808p+9, 
0x1.308ac1a048e04p+9, 0x1.31e1d249e44fap+9, 0x1.34a9bd273d5bbp+9, 
0x1.33ee41919ac79p+9, 0x1.329822036006dp+9, 0x1.32965baf533f4p+9, 
0x1.2dd6a958537e3p+9, 0x1.3107720c8cd64p+9, 0x1.32e98f3eccc47p+9, 
0x1.32c1253543aebp+9, 0x1.33e8d887ebf23p+9, 0x1.313f0a99b6f5dp+9, 
0x1.3233484d76ab6p+9, 0x1.32ba5529fe005p+9, 0x1.3270d1c7de508p+9, 
0x1.3525e55c0fcb5p+9, 0x1.333e0b9991362p+9, 0x1.3563d8e864021p+9, 
0x1.3639fc43b2dd3p+9, 0x1.36fe0f3cb3e57p+9, 0x1.38d5e08aefb2bp+9, 
0x1.389eb430f4949p+9, 0x1.39df939a7c17bp+9, 0x1.3807a0407cc7dp+9, 
0x1.38e37c88e79abp+9, 0x1.386ba7fc32ebep+9, 0x1.37167d566cf42p+9, 
0x1.375fc4c165908p+9, 0x1.382110c2c5e2dp+9, 0x1.37189531550cap+9, 
0x1.39f01af7d30adp+9, 0x1.3b93b9b66f933p+9, 0x1.3ba7bd0e12e84p+9, 
0x1.3ff8e7924af0cp+9, 0x1.407cefc371da3p+9, 0x1.4210d0c3d2524p+9, 
0x1.43dcd1d041cc5p+9, 0x1.43c955e6bc622p+9, 0x1.4643c714fce74p+9, 
0x1.481912a0ec743p+9, 0x1.49ccb2c83ec89p+9, 0x1.4ac02b7baecdp+9, 
0x1.494691c8eacp+9, 0x1.49d52d234eb9ap+9, 0x1.49211cb039ef1p+9, 
0x1.4957dfeb8d823p+9, 0x1.48be3baba7b91p+9, 0x1.542a7f8012dfdp+9, 
0x1.57bc583e8576dp+9, 0x1.5843e7b80a9dfp+9, 0x1.5c433636f3b21p+9, 
0x1.5cae30c23fab1p+9, 0x1.5c3348b220792p+9, 0x1.5baca5bd944aap+9, 
0x1.5c171ab0856e7p+9, 0x1.5d4e78e9f6a94p+9, 0x1.5e97a836eb4eap+9, 
0x1.644fd8a548238p+9, 0x1.652739e279dd4p+9, 0x1.66b194185058ep+9, 
0x1.67ad0c6f7a0b6p+9, 0x1.660b99029ae4fp+9, 0x1.671fab29e4d5ep+9
)), class = "data.frame", row.names = c(NA, -121L))
