structure(list(period_id = c("2002M03", "2002M04", "2002M05", 
"2002M06", "2002M07", "2002M08", "2002M09", "2002M10", "2002M11", 
"2002M12", "2003M01", "2003M02", "2003M03", "2003M04", "2003M05", 
"2003M06", "2003M07", "2003M08", "2003M09", "2003M10", "2003M11", 
"2003M12", "2004M01", "2004M02", "2004M03", "2004M04", "2004M05", 
"2004M06", "2004M07", "2004M08", "2004M09", "2004M10", "2004M11", 
"2004M12", "2005M01", "2005M02", "2005M03", "2005M04", "2005M05", 
"2005M06", "2005M07", "2005M08", "2005M09", "2005M10", "2005M11", 
"2005M12", "2006M01", "2006M02", "2006M03", "2006M04", "2006M05", 
"2006M06", "2006M07", "2006M08", "2006M09", "2006M10", "2006M11", 
"2006M12", "2007M01", "2007M02", "2007M03", "2007M04", "2007M05", 
"2007M06", "2007M07", "2007M08", "2007M09", "2007M10", "2007M11", 
"2007M12", "2008M01", "2008M02", "2008M03", "2008M04", "2008M05", 
"2008M06", "2008M07", "2008M08", "2008M09", "2008M10", "2008M11", 
"2008M12", "2009M01", "2009M02", "2009M03", "2009M04", "2009M05", 
"2009M06", "2009M07", "2009M08", "2009M09", "2009M10", "2009M11", 
"2009M12", "2010M01", "2010M02", "2010M03", "2010M04", "2010M05", 
"2010M06", "2010M07", "2010M08", "2010M09", "2010M10", "2010M11", 
"2010M12", "2011M01", "2011M02", "2011M03", "2011M04", "2011M05", 
"2011M06", "2011M07", "2011M08", "2011M09", "2011M10", "2011M11", 
"2011M12", "2012M01", "2012M02", "2012M03", "2012M04", "2012M05", 
"2012M06", "2012M07", "2012M08", "2012M09", "2012M10", "2012M11", 
"2012M12", "2013M01", "2013M02", "2013M03", "2013M04", "2013M05", 
"2013M06", "2013M07", "2013M08", "2013M09", "2013M10", "2013M11", 
"2013M12", "2014M01", "2014M02", "2014M03", "2014M04", "2014M05", 
"2014M06", "2014M07", "2014M08", "2014M09", "2014M10", "2014M11", 
"2014M12", "2015M01", "2015M02", "2015M03", "2015M04", "2015M05", 
"2015M06", "2015M07", "2015M08", "2015M09", "2015M10", "2015M11", 
"2015M12", "2016M01", "2016M02", "2016M03", "2016M04", "2016M05", 
"2016M06", "2016M07", "2016M08", "2016M09", "2016M10", "2016M11", 
"2016M12", "2017M01", "2017M02", "2017M03", "2017M04", "2017M05", 
"2017M06", "2017M07", "2017M08", "2017M09", "2017M10", "2017M11", 
"2017M12", "2018M01", "2018M02", "2018M03", "2018M04", "2018M05", 
"2018M06", "2018M07", "2018M08", "2018M09", "2018M10", "2018M11", 
"2018M12", "2019M01", "2019M02", "2019M03", "2019M04", "2019M05", 
"2019M06", "2019M07", "2019M08", "2019M09", "2019M10", "2019M11", 
"2019M12", "2020M01", "2020M02", "2020M03", "2020M04", "2020M05", 
"2020M06", "2020M07", "2020M08", "2020M09", "2020M10", "2020M11", 
"2020M12", "2021M01", "2021M02", "2021M03", "2021M04", "2021M05", 
"2021M06", "2021M07", "2021M08", "2021M09", "2021M10", "2021M11", 
"2021M12", "2022M01", "2022M02", "2022M03", "2022M04", "2022M05", 
"2022M06", "2022M07", "2022M08", "2022M09", "2022M10", "2022M11", 
"2022M12", "2023M01", "2023M02", "2023M03", "2023M04", "2023M05", 
"2023M06", "2023M07", "2023M08", "2023M09", "2023M10", "2023M11", 
"2023M12", "2024M01", "2024M02", "2024M03", "2024M04", "2024M05", 
"2024M06", "2024M07", "2024M08", "2024M09", "2024M10", "2024M11", 
"2024M12", "2025M01", "2025M02", "2025M03", "2025M04", "2025M05", 
"2025M06", "2025M07"), value = c(NA, NA, NA, NA, NA, NA, NA, 
NA, NA, NA, NA, NA, NA, NA, NA, NA, NA, NA, NA, NA, NA, NA, NA, 
NA, NA, NA, NA, NA, NA, NA, NA, NA, NA, NA, NA, NA, NA, NA, NA, 
NA, NA, NA, NA, NA, NA, NA, NA, NA, NA, NA, NA, NA, NA, NA, NA, 
NA, NA, NA, NA, NA, NA, NA, NA, NA, NA, NA, NA, NA, NA, NA, NA, 
NA, NA, NA, NA, NA, NA, NA, NA, NA, NA, NA, NA, NA, NA, NA, NA, 
NA, NA, NA, NA, NA, NA, NA, -0x1.bf27e1151d0c7p+5, -0x1.ca463e5afbf17p+5, 
-0x1.ea2bc7fbe8d55p+5, -0x1.de439a0e3c367p+5, -0x1.d9c57537f6a2ap+5, 
-0x1.dac099058638p+5, -0x1.d86101b64122cp+5, -0x1.d0b6d68532597p+5, 
-0x1.a6a598c5ab92bp+5, -0x1.9542f35f7778ap+5, -0x1.97a4a9bc73db9p+5, 
-0x1.b8ea4f4b5b8cep+5, -0x1.bab4af1d97f4p+5, -0x1.99c4e8f986c7cp+5, 
-0x1.91d5577ee459p+5, -0x1.77fa6ed4c15a5p+5, -0x1.6d345caa61234p+5, 
-0x1.6bd794d709891p+5, -0x1.62f359bd0220ep+5, -0x1.645e8c5947cd8p+5, 
-0x1.61416c7b060e4p+5, -0x1.5cd58e3e607cbp+5, -0x1.599e5f48ff921p+5, 
-0x1.40311a119b804p+5, -0x1.53e03f0d287efp+5, -0x1.411fcc04d9614p+5, 
-0x1.3f719708226bfp+5, -0x1.5892e1111ed8bp+5, -0x1.65ddb28b9cc59p+5, 
-0x1.5d7dc31024543p+5, -0x1.3c222ee41919bp+5, -0x1.2e06abf498a15p+5, 
-0x1.4b86e7c6d6c73p+5, -0x1.5841b96b574d3p+5, -0x1.384bc3beb12b3p+5, 
-0x1.0eab5789a1207p+5, -0x1.d9ebc327e600bp+4, -0x1.f759c9af3ea51p+4, 
-0x1.f686525bcb0a9p+4, -0x1.8e59ae73d7796p+4, -0x1.4fafa48c89324p+4, 
-0x1.453dac27b319cp+4, -0x1.52cf63168357cp+4, -0x1.f175b1b804a4ep+3, 
-0x1.037913517cb09p+4, -0x1.2478d4dcef376p+4, -0x1.fab4a892e4515p+3, 
-0x1.246d00d204669p+4, -0x1.f9858ed418c67p+3, -0x1.2d95f502dd105p+4, 
-0x1.2f2ca1a1d961cp+3, -0x1.e40bab566316bp+3, -0x1.fcebea1c46904p+0, 
-0x1.bd11b73d770c8p+2, -0x1.5b54d1f179d56p+2, -0x1.66f3333c0ef15p+3, 
-0x1.6e5898edf815ap+3, -0x1.527bc14e60d88p+3, -0x1.90b823d83297cp+3, 
-0x1.6e948ce69c9b7p+3, -0x1.85871175e2f4fp+3, -0x1.76b0e088e3b64p+3, 
-0x1.291a1ea82e295p+3, -0x1.c09a3177e993p+3, -0x1.8e92e9807b7f4p+3, 
-0x1.9fde0cc8d50a5p+3, -0x1.d8b1ee61ae2c1p+3, -0x1.c81c6acf81b2fp+3, 
-0x1.37ef9a111ef27p+4, -0x1.f4f100161cc45p+3, -0x1.b38b01d5423c4p+3, 
-0x1.c4c60023c4dedp+3, -0x1.02cf1d44112f8p+4, -0x1.1a13b6957dd62p+4, 
-0x1.476585979543bp+4, -0x1.f7700968f0959p+3, -0x1.c130e9cf337bdp+3, 
-0x1.b2715bd04f272p+3, -0x1.745d67b0be4e6p+3, -0x1.b39dcf1186cc5p+2, 
-0x1.041ea3c495c6ap+0, -0x1.539bded026ebdp+1, -0x1.0e91b305d1504p-1, 
0x1.0cf6ed496672dp+1, -0x1.287767d71002fp+1, 0x1.778582d350ecdp+2, 
0x1.09aa701ae7845p+2, 0x1.3f5f5fa2d2d35p+3, 0x1.05a87a0997949p+3, 
0x1.aa2ee31ae4545p+3, 0x1.2d9afc4738cebp+4, 0x1.2474e51963982p+4, 
0x1.1c18850ba0a5bp+4, 0x1.6dac667b8a0f1p+4, 0x1.a140216453bc9p+3, 
0x1.3edc0325b5827p+4, 0x1.4c26c4e5cda4cp+4, 0x1.4d9ef3396a7c4p+4, 
0x1.5a1f67085e03ap+4, 0x1.8ba5c35cd8eb6p+4, 0x1.9a629282cefcdp+4, 
0x1.a7fcd9500a50ep+4, 0x1.7a9b2afdc0c6cp+4, 0x1.6a6586186e9dp+4, 
0x1.104d6e46849ebp+4, 0x1.36d49ee0443cbp+4, 0x1.703c4ab4d17adp+4, 
0x1.f151550e3e201p+3, 0x1.fdbd5a755b3abp+3, 0x1.0180ce5f7403ep+4, 
0x1.cffdd25d381dp+3, 0x1.6bdc3f88a3748p+3, 0x1.a86129ecf49bbp+3, 
0x1.b37fbb162745p+3, 0x1.555abea4fd0b4p+3, 0x1.3f31a4b635e52p+3, 
0x1.3d52703bec033p+3, 0x1.66937e6876f31p+2, 0x1.b21838ab981ecp+2, 
0x1.72972512b40cbp+2, 0x1.ccdd04b068e8fp+2, 0x1.7acad8db9b3e3p+2, 
0x1.d9b840351bb81p+1, -0x1.b56b362bf2327p+4, -0x1.b9405ab85d542p+4, 
-0x1.69533abbe8a3fp+3, -0x1.51c3e887be4fep+2, -0x1.55283899e0a28p+1, 
-0x1.507ec4b8f97dap-1, 0x1.fbdaa16e1bb3ep-2, -0x1.4eb1f713475a8p+2, 
-0x1.4c565f3ad69e4p-1, 0x1.1686791d6f9efp+1, 0x1.fca20cbc14dd7p+2, 
0x1.9f66b5d3949abp+3, 0x1.0a28d600dba5bp+4, 0x1.40b5314ba7735p+4, 
0x1.4cdc695638797p+4, 0x1.342acb9084139p+4, 0x1.40746513f851ep+4, 
0x1.7b8e272eb1ddfp+4, 0x1.7d5010d23dd88p+4, 0x1.3e13fe683f1d6p+4, 
0x1.95a2278362dcbp+4, 0x1.aaff5a9942759p+4, 0x1.a635940450bfp+4, 
0x1.8c59291160138p+4, 0x1.62d42cf237a6ap+4, 0x1.97f362f28aeedp+4, 
0x1.43ff977bf6e03p+4, 0x1.12c4136946f41p+4, 0x1.1e642978e4064p+4, 
0x1.b5569863414b8p+3, 0x1.2ab5c9532bdd4p+4, 0x1.49e2e52b9356bp+4, 
0x1.647aaa2264143p+4, 0x1.2c139f3270fcbp+4, 0x1.25d296768ab2p+4, 
0x1.7d597a08e3312p+3, 0x1.080c68446a9bbp+4, 0x1.b16d7bd563744p+3, 
0x1.b1f22dd4fa6dcp+3, 0x1.c2ce2f0e1bb2dp+3, 0x1.13f91b60f34ebp+3, 
0x1.b3b6ce541c9ep+3, 0x1.33122e82eca65p+3, 0x1.6512d4430dc6cp+3, 
0x1.fc231bc7283f8p+3, 0x1.aa97227ee3937p+3, 0x1.e8fb79b2ebc78p+2, 
0x1.2727172738ffp+3, 0x1.eb997e824d32fp+1, 0x1.cdf2a2415dee4p+2, 
0x1.223f675e88f76p+2, 0x1.7dff783e32c93p+1, 0x1.cfc042c9ba59fp+2, 
0x1.751830f026b2ep+2, 0x1.b0c99253bb4f3p+2, 0x1.4b4bf9c449121p+3, 
0x1.ccfe4f14a9f4fp+1, 0x1.2bad38d7da3e7p+2, 0x1.d1e7a21af274ap+2, 
0x1.3a38b27f3b16p+3, 0x1.508b880061713p+3, 0x1.8e03419c93b03p+2, 
0x1.34441849e7997p+2, 0x1.d7b87b2554114p+2)), class = "data.frame", row.names = c(NA, 
-281L))
