structure(list(period_id = c("2008Q1", "2008Q2", "2008Q3", "2008Q4", 
"2009Q1", "2009Q2", "2009Q3", "2009Q4", "2010Q1", "2010Q2", "2010Q3", 
"2010Q4", "2011Q1", "2011Q2", "2011Q3", "2011Q4", "2012Q1", "2012Q2", 
"2012Q3", "2012Q4", "2013Q1", "2013Q2", "2013Q3", "2013Q4", "2014Q1", 
"2014Q2", "2014Q3", "2014Q4", "2015Q1", "2015Q2", "2015Q3", "2015Q4", 
"2016Q1", "2016Q2", "2016Q3", "2016Q4", "2017Q1", "2017Q2", "2017Q3", 
"2017Q4", "2018Q1", "2018Q2", "2018Q3", "2018Q4", "2019Q1", "2019Q2", 
"2019Q3", "2019Q4", "2020Q1", "2020Q2", "2020Q3", "2020Q4", "2021Q1", 
"2021Q2", "2021Q3", "2021Q4", "2022Q1", "2022Q2", "2022Q3", "2022Q4", 
"2023Q1", "2023Q2", "2023Q3", "2023Q4", "2024Q1", "2024Q2", "2024Q3", 
"2024Q4", "2025Q1"), value = c(0x1.90ccccccccccdp+5, 0x1.9e66666666666p+5, 
0x1.9e66666666666p+5, 0x1.a59999999999ap+5, 0x1.a333333333333p+5, 
0x1.b266666666666p+5, 0x1.b4p+5, 0x1.b266666666666p+5, 0x1.ae66666666666p+5, 
0x1.a99999999999ap+5, 0x1.a8p+5, 0x1.a333333333333p+5, 0x1.88p+5, 
0x1.9266666666666p+5, 0x1.94ccccccccccdp+5, 0x1.98ccccccccccdp+5, 
0x1.9733333333333p+5, 0x1.919999999999ap+5, 0x1.999999999999ap+5, 
0x1.a59999999999ap+5, 0x1.9e66666666666p+5, 0x1.a666666666666p+5, 
0x1.a8ccccccccccdp+5, 0x1.a4p+5, 0x1.a266666666666p+5, 0x1.b8ccccccccccdp+5, 
0x1.b333333333333p+5, 0x1.b733333333333p+5, 0x1.b19999999999ap+5, 
0x1.cp+5, 0x1.c4ccccccccccdp+5, 0x1.b666666666666p+5, 0x1.b8ccccccccccdp+5, 
0x1.c8p+5, 0x1.bcp+5, 0x1.ccp+5, 0x1.d4p+5, 0x1.e333333333333p+5, 
0x1.e4ccccccccccdp+5, 0x1.e8p+5, 0x1.e8p+5, 0x1.fcccccccccccdp+5, 
0x1.fe66666666666p+5, 0x1.fcccccccccccdp+5, 0x1.f99999999999ap+5, 
0x1.0466666666666p+6, 0x1.0066666666666p+6, 0x1.f99999999999ap+5, 
0x1.fcp+5, 0x1.0533333333333p+6, 0x1.ff33333333333p+5, 0x1.08ccccccccccdp+6, 
0x1.06p+6, 0x1.0ep+6, 0x1.0cccccccccccdp+6, 0x1.0cccccccccccdp+6, 
0x1.119999999999ap+6, 0x1.1933333333333p+6, 0x1.139999999999ap+6, 
0x1.1066666666666p+6, 0x1.0666666666666p+6, 0x1.139999999999ap+6, 
0x1.0c66666666666p+6, 0x1.0f9999999999ap+6, 0x1.12ccccccccccdp+6, 
0x1.1533333333333p+6, 0x1.0eccccccccccdp+6, 0x1.0e66666666666p+6, 
0x1.18p+6)), class = "data.frame", row.names = c(NA, -69L))
