structure(list(period_id = c("1995", "1996", "1997", "1998", 
"1999", "2000", "2001", "2002", "2003", "2004", "2005", "2006", 
"2007", "2008", "2009", "2010", "2011", "2012", "2013", "2014", 
"2015", "2016", "2017", "2018", "2019", "2020", "2021", "2022", 
"2023", "2024"), value = c(0x1.2d1eec1a048ep+12, 0x1.4590eab14ec2p+12, 
0x1.6ed439e7b80aap+12, 0x1.8c2ca4f3343fap+12, 0x1.c1459e364bec6p+12, 
0x1.cbf1c2e87d2c8p+12, 0x1.d52a90d7be985p+12, 0x1.d3728e6f2e8cp+12, 
0x1.ee81c96249a13p+12, 0x1.04f629f94855ep+13, 0x1.0e638f8f8a4c2p+13, 
0x1.2a19fd6e8af81p+13, 0x1.4da7925bb7b6cp+13, 0x1.652b668986fcep+13, 
0x1.1651a084a515dp+13, 0x1.de28d6cf850dfp+12, 0x1.c5f13c58ab92cp+12, 
0x1.a0283e9318762p+12, 0x1.af54e6c6de764p+12, 0x1.b3508dd50a88fp+12, 
0x1.b09e6ecaeea64p+12, 0x1.a3da9640e9d52p+12, 0x1.cba0257214f05p+12, 
0x1.fc3f6134ce3dep+12, 0x1.0aa6b9231c64cp+13, 0x1.eefd78b69552ep+12, 
0x1.14f9c71ac14c6p+13, 0x1.220d8d55a3a08p+13, 0x1.31fedb70691eap+13, 
0x1.3138ed2b2bfdbp+13)), class = "data.frame", row.names = c(NA, 
-30L))
