structure(list(period_id = c("2008Q1", "2008Q2", "2008Q3", "2008Q4", 
"2009Q1", "2009Q2", "2009Q3", "2009Q4", "2010Q1", "2010Q2", "2010Q3", 
"2010Q4", "2011Q1", "2011Q2", "2011Q3", "2011Q4", "2012Q1", "2012Q2", 
"2012Q3", "2012Q4", "2013Q1", "2013Q2", "2013Q3", "2013Q4", "2014Q1", 
"2014Q2", "2014Q3", "2014Q4", "2015Q1", "2015Q2", "2015Q3", "2015Q4", 
"2016Q1", "2016Q2", "2016Q3", "2016Q4", "2017Q1", "2017Q2", "2017Q3", 
"2017Q4", "2018Q1", "2018Q2", "2018Q3", "2018Q4", "2019Q1", "2019Q2", 
"2019Q3", "2019Q4", "2020Q1", "2020Q2", "2020Q3", "2020Q4", "2021Q1", 
"2021Q2", "2021Q3", "2021Q4", "2022Q1", "2022Q2", "2022Q3", "2022Q4", 
"2023Q1", "2023Q2", "2023Q3", "2023Q4", "2024Q1", "2024Q2", "2024Q3", 
"2024Q4"), value = c(0x1.4fp+9, 0x1.51p+9, 0x1.54p+9, 0x1.55p+9, 
0x1.4ap+9, 0x1.49p+9, 0x1.448p+9, 0x1.4b8p+9, 0x1.43p+9, 0x1.478p+9, 
0x1.41p+9, 0x1.438p+9, 0x1.418p+9, 0x1.43p+9, 0x1.3fp+9, 0x1.3cp+9, 
0x1.3d8p+9, 0x1.41p+9, 0x1.3dp+9, 0x1.3dp+9, 0x1.35p+9, 0x1.35p+9, 
0x1.38p+9, 0x1.36p+9, 0x1.328p+9, 0x1.358p+9, 0x1.34p+9, 0x1.308p+9, 
0x1.2e8p+9, 0x1.33p+9, 0x1.36p+9, 0x1.348p+9, 0x1.2dp+9, 0x1.338p+9, 
0x1.32p+9, 0x1.33p+9, 0x1.33p+9, 0x1.35p+9, 0x1.378p+9, 0x1.3bp+9, 
0x1.348p+9, 0x1.348p+9, 0x1.388p+9, 0x1.3dp+9, 0x1.3c8p+9, 0x1.3ep+9, 
0x1.3ap+9, 0x1.3dp+9, 0x1.3e8p+9, 0x1.37p+9, 0x1.398p+9, 0x1.398p+9, 
0x1.26p+9, 0x1.328p+9, 0x1.34p+9, 0x1.31p+9, 0x1.308p+9, 0x1.2f8p+9, 
0x1.2e8p+9, 0x1.318p+9, 0x1.2c8p+9, 0x1.31p+9, 0x1.2fp+9, 0x1.318p+9, 
0x1.32p+9, 0x1.33p+9, 0x1.2bp+9, 0x1.31p+9)), class = "data.frame", row.names = c(NA, 
-68L))
