structure(list(period_id = c("1995Q1", "1995Q2", "1995Q3", "1995Q4", 
"1996Q1", "1996Q2", "1996Q3", "1996Q4", "1997Q1", "1997Q2", "1997Q3", 
"1997Q4", "1998Q1", "1998Q2", "1998Q3", "1998Q4", "1999Q1", "1999Q2", 
"1999Q3", "1999Q4", "2000Q1", "2000Q2", "2000Q3", "2000Q4", "2001Q1", 
"2001Q2", "2001Q3", "2001Q4", "2002Q1", "2002Q2", "2002Q3", "2002Q4", 
"2003Q1", "2003Q2", "2003Q3", "2003Q4", "2004Q1", "2004Q2", "2004Q3", 
"2004Q4", "2005Q1", "2005Q2", "2005Q3", "2005Q4", "2006Q1", "2006Q2", 
"2006Q3", "2006Q4", "2007Q1", "2007Q2", "2007Q3", "2007Q4", "2008Q1", 
"2008Q2", "2008Q3", "2008Q4", "2009Q1", "2009Q2", "2009Q3", "2009Q4", 
"2010Q1", "2010Q2", "2010Q3", "2010Q4", "2011Q1", "2011Q2", "2011Q3", 
"2011Q4", "2012Q1", "2012Q2", "2012Q3", "2012Q4", "2013Q1", "2013Q2", 
"2013Q3", "2013Q4", "2014Q1", "2014Q2", "2014Q3", "2014Q4", "2015Q1", 
"2015Q2", "2015Q3", "2015Q4", "2016Q1", "2016Q2", "2016Q3", "2016Q4", 
"2017Q1", "2017Q2", "2017Q3", "2017Q4", "2018Q1", "2018Q2", "2018Q3", 
"2018Q4", "2019Q1", "2019Q2", "2019Q3", "2019Q4", "2020Q1", "2020Q2", 
"2020Q3", "2020Q4", "2021Q1", "2021Q2", "2021Q3", "2021Q4", "2022Q1", 
"2022Q2", "2022Q3", "2022Q4", "2023Q1", "2023Q2", "2023Q3", "2023Q4", 
"2024Q1", "2024Q2", "2024Q3"), value = c(NA, NA, NA, NA, 0x1.271b6c3760bf6p+6, 
0x1.3d5cd9a52263ep+6, 0x1.325ac6045baf5p+6, 0x1.358b81733226cp+6, 
0x1.1082599ed7c7p+6, 0x1.1c4939eadd591p+6, 0x1.1085219a847b2p+6, 
0x1.160185058dde8p+6, 0x1.febc12f09d8c7p+5, 0x1.113fcefaa4767p+6, 
0x1.0f6a57214f052p+6, 0x1.1f90e3cd9a522p+6, 0x1.16258255b035cp+6, 
0x1.353157689ca19p+6, 0x1.30cee84ad794ap+6, 0x1.364a8bd230b9ep+6, 
0x1.23d9685122318p+6, 0x1.3146a65cf67b2p+6, 0x1.2325929670197p+6, 
0x1.1ebafea3df6dcp+6, 0x1.e1aef1bac2df1p+5, 0x1.f62bf01322f27p+5, 
0x1.f24c8e68e3ef3p+5, 0x1.06668f8e7ddcap+6, 0x1.03d6b7ed41b76p+6, 
0x1.1f840d4dc65c7p+6, 0x1.260542e557de1p+6, 0x1.29b800218def4p+6, 
0x1.18b2e94680171p+6, 0x1.30f7c286f8ad2p+6, 0x1.315bc87db2b34p+6, 
0x1.3b43c36113405p+6, 0x1.2af4e0114d2f6p+6, 0x1.49bfb3743632cp+6, 
0x1.4ab441355475ap+6, 0x1.3f4a28fe260b3p+6, 0x1.161ced916872bp+6, 
0x1.2d2712a0ec743p+6, 0x1.2aa5abc0e38a8p+6, 0x1.3a2fe047d3d43p+6, 
0x1.0bff1172ef0aep+6, 0x1.30e15d701d9f5p+6, 0x1.2c24fd2a62aa2p+6, 
0x1.30a555c52e72ep+6, 0x1.1d73fab10ba62p+6, 0x1.344044f1a1987p+6, 
0x1.2abec0724b76fp+6, 0x1.398105e1c1509p+6, 0x1.266c44bf4cb19p+6, 
0x1.58961aa3f034bp+6, 0x1.4af848387df5dp+6, 0x1.4c376f2a5a46ap+6, 
0x1.2e28a9bcfd4bfp+6, 0x1.56636ac647779p+6, 0x1.54154f3775b81p+6, 
0x1.63b5d5f56a7adp+6, 0x1.41a6833c6002ap+6, 0x1.707d5629d840ap+6, 
0x1.62d0096feb4a6p+6, 0x1.7c5c9107faa04p+6, 0x1.612b4c3c18b5p+6, 
0x1.6eaf0bae89ebap+6, 0x1.531d9cf13ceeap+6, 0x1.62bb92c061848p+6, 
0x1.44caf46aa087dp+6, 0x1.49a3d816aceabp+6, 0x1.49a4345cfede9p+6, 
0x1.49db76709fa55p+6, 0x1.362f605ab3aacp+6, 0x1.50e564f97edc8p+6, 
0x1.4d72839042d8cp+6, 0x1.5f053e707e176p+6, 0x1.37afaca361998p+6, 
0x1.5b75818c5c9a3p+6, 0x1.5c1666a98244fp+6, 0x1.6d045ed4a1ad6p+6, 
0x1.3248869c66d37p+6, 0x1.5943369b9d7fep+6, 0x1.4d88ba40d90e2p+6, 
0x1.611db50f40e5ap+6, 0x1.3c71348b22079p+6, 0x1.657b65668c261p+6, 
0x1.5a10d9945b6c3p+6, 0x1.745231c64ba95p+6, 0x1.4eb013660e51dp+6, 
0x1.695955714b9cbp+6, 0x1.64be15011904bp+6, 0x1.7a29c51dabe27p+6, 
0x1.65d87df5cf249p+6, 0x1.74926bb55ac04p+6, 0x1.7ae028e4fb97cp+6, 
0x1.8ad3cc07aaef3p+6, 0x1.718e136e71cdap+6, 0x1.8174d0dcfcc5cp+6, 
0x1.846275ee99a63p+6, 0x1.94c30446b69dbp+6, 0x1.60cdcca70d1fap+6, 
0x1.6b984662bae04p+6, 0x1.8bc51159c4977p+6, 0x1.87113660e51d2p+6, 
0x1.7c183e425aee6p+6, 0x1.affc2df0d4131p+6, 0x1.b5faf038e29fap+6, 
0x1.dceacb4289119p+6, 0x1.0ab4e67d77faep+7, 0x1.08541dd1a21eap+7, 
0x1.0513c21187e7cp+7, 0x1.0423d790752dbp+7, 0x1.0c891e85fd04ap+7, 
0x1.05b5ce1826677p+7, 0x1.00ef02e6644d8p+7, 0x1.048b0dd82fd76p+7, 
0x1.106ae5de15ca7p+7, 0x1.0432dc4c9c90cp+7, 0x1.0574f227d028ap+7
)), class = "data.frame", row.names = c(NA, -119L))
