structure(list(period_id = c("1995Q1", "1995Q2", "1995Q3", "1995Q4", 
"1996Q1", "1996Q2", "1996Q3", "1996Q4", "1997Q1", "1997Q2", "1997Q3", 
"1997Q4", "1998Q1", "1998Q2", "1998Q3", "1998Q4", "1999Q1", "1999Q2", 
"1999Q3", "1999Q4", "2000Q1", "2000Q2", "2000Q3", "2000Q4", "2001Q1", 
"2001Q2", "2001Q3", "2001Q4", "2002Q1", "2002Q2", "2002Q3", "2002Q4", 
"2003Q1", "2003Q2", "2003Q3", "2003Q4", "2004Q1", "2004Q2", "2004Q3", 
"2004Q4", "2005Q1", "2005Q2", "2005Q3", "2005Q4", "2006Q1", "2006Q2", 
"2006Q3", "2006Q4", "2007Q1", "2007Q2", "2007Q3", "2007Q4", "2008Q1", 
"2008Q2", "2008Q3", "2008Q4", "2009Q1", "2009Q2", "2009Q3", "2009Q4", 
"2010Q1", "2010Q2", "2010Q3", "2010Q4", "2011Q1", "2011Q2", "2011Q3", 
"2011Q4", "2012Q1", "2012Q2", "2012Q3", "2012Q4", "2013Q1", "2013Q2", 
"2013Q3", "2013Q4", "2014Q1", "2014Q2", "2014Q3", "2014Q4", "2015Q1", 
"2015Q2", "2015Q3", "2015Q4", "2016Q1", "2016Q2", "2016Q3", "2016Q4", 
"2017Q1", "2017Q2", "2017Q3", "2017Q4", "2018Q1", "2018Q2", "2018Q3", 
"2018Q4", "2019Q1", "2019Q2", "2019Q3", "2019Q4", "2020Q1", "2020Q2", 
"2020Q3", "2020Q4", "2021Q1", "2021Q2", "2021Q3", "2021Q4", "2022Q1", 
"2022Q2", "2022Q3", "2022Q4", "2023Q1", "2023Q2", "2023Q3", "2023Q4", 
"2024Q1", "2024Q2", "2024Q3", "2024Q4"), value = c(NA, NA, NA, 
NA, 0x1.c89359bc33f85p+8, 0x1.c9fd30270f388p+8, 0x1.cb664a9cdc444p+8, 
0x1.ccd6bf5515055p+8, 0x1.ce1938fffbce4p+8, 0x1.cfb5947cfa26ap+8, 
0x1.d16f444e0daa1p+8, 0x1.d308a1ad6451cp+8, 0x1.d4d22d5171e2ap+8, 
0x1.d68a58a32f449p+8, 0x1.d863dc054ef46p+8, 0x1.da5556b00ffdap+8, 
0x1.dc5eca793576p+8, 0x1.de291d8a54824p+8, 0x1.dfd8a5ce5b424p+8, 
0x1.e135c4c9c90c5p+8, 0x1.e271c53f39d1bp+8, 0x1.e40f864cb5bb4p+8, 
0x1.e5a1fadafd114p+8, 0x1.e7a1b10fd7e46p+8, 0x1.ea18766c6de76p+8, 
0x1.eb95ab7dc7acp+8, 0x1.ed0d9f6ec5b08p+8, 0x1.ef8137c1376d5p+8, 
0x1.f260f5903a754p+8, 0x1.f5181e14bdfd2p+8, 0x1.fa1d6e04c0592p+8, 
0x1.fbe7053198288p+8, 0x1.fd5516a8b8f15p+8, 0x1.ff6b4d48882f1p+8, 
0x1.fe8ef99806f26p+8, 0x1.ff94ac8e68e3fp+8, 0x1.008c61e92923ep+9, 
0x1.012b564b662fep+9, 0x1.0282e48626f61p+9, 0x1.042fd755bccafp+9, 
0x1.063318a86d71fp+9, 0x1.08e340789613dp+9, 0x1.097faad601ffbp+9, 
0x1.0bb45bea0ba1fp+9, 0x1.0cd4b66b6177fp+9, 0x1.0e4649a9973dap+9, 
0x1.1171f444e0daap+9, 0x1.1bdd121ab4b73p+9, 0x1.1d157eaa2a0a9p+9, 
0x1.1ee4e7ab75643p+9, 0x1.204e22d5171e3p+9, 0x1.22be69df97aabp+9, 
0x1.25aa812be48a6p+9, 0x1.3c17e34330d74p+9, 0x1.28670079a2835p+9, 
0x1.344bbc3c5bd0ep+9, 0x1.2bbb10fd7e458p+9, 0x1.2df8d76ab5808p+9, 
0x1.308ac1a048e04p+9, 0x1.31e1d249e44fap+9, 0x1.34ab096bb98c8p+9, 
0x1.33ef5de58e64bp+9, 0x1.329917481b21cp+9, 0x1.329742d490e67p+9, 
0x1.2dd8b84988095p+9, 0x1.310974794ea07p+9, 0x1.32eb97891e215p+9, 
0x1.32c32e2fbe33bp+9, 0x1.33eae26d4801fp+9, 0x1.31410e991ff71p+9, 
0x1.32354d1e96c4p+9, 0x1.32bc5b0ff10edp+9, 0x1.3272d7d7c2ca1p+9, 
0x1.3527f0025bfadp+9, 0x1.334012dfd694dp+9, 0x1.3565e39f77293p+9, 
0x1.363c0913a4f87p+9, 0x1.37001e03f7058p+9, 0x1.38d7f30e7ff58p+9, 
0x1.38a0c6de76428p+9, 0x1.39e1a7eb6bf44p+9, 0x1.3809b0f6ad70ep+9, 
0x1.38e58e3ac0c63p+9, 0x1.386db866e43aap+9, 0x1.37188a8b08dd2p+9, 
0x1.3761d1fe64f55p+9, 0x1.38231ed17c5efp+9, 0x1.371aa161e4f76p+9, 
0x1.39f22c881e471p+9, 0x1.3b95ce95faa8bp+9, 0x1.3ba9d2a62aa19p+9, 
0x1.3ffb05425f202p+9, 0x1.407f0ee49f517p+9, 0x1.4212f240fa9c1p+9, 
0x1.43def5c28f5c3p+9, 0x1.43cb795b35b0cp+9, 0x1.4645ef30a4e38p+9, 
0x1.481b3f4a98aa8p+9, 0x1.49cee3608d089p+9, 0x1.4ac25d52c16dfp+9, 
0x1.4948cb6c7a7cap+9, 0x1.49d73cf70153cp+9, 0x1.492345bf26f1ep+9, 
0x1.495a277c45cbcp+9, 0x1.48c099285a922p+9, 0x1.542c86b59146ep+9, 
0x1.57be7f4dbdf8fp+9, 0x1.5846327674d16p+9, 0x1.5c45a5d28d003p+9, 
0x1.5cb0753e707e1p+9, 0x1.5c3596638433dp+9, 0x1.5baef0739b025p+9, 
0x1.5c1964cf8d717p+9, 0x1.5d50c4c5974e6p+9, 0x1.5e99f811f4f51p+9, 
0x1.643c1aa3f034bp+9, 0x1.656c594af4f0ep+9, 0x1.66aafa05143bfp+9, 
0x1.676c321a2e7f7p+9, 0x1.659cc9fb6134dp+9)), class = "data.frame", row.names = c(NA, 
-120L))
