structure(list(period_id = c("1995Q1", "1995Q2", "1995Q3", "1995Q4", 
"1996Q1", "1996Q2", "1996Q3", "1996Q4", "1997Q1", "1997Q2", "1997Q3", 
"1997Q4", "1998Q1", "1998Q2", "1998Q3", "1998Q4", "1999Q1", "1999Q2", 
"1999Q3", "1999Q4", "2000Q1", "2000Q2", "2000Q3", "2000Q4", "2001Q1", 
"2001Q2", "2001Q3", "2001Q4", "2002Q1", "2002Q2", "2002Q3", "2002Q4", 
"2003Q1", "2003Q2", "2003Q3", "2003Q4", "2004Q1", "2004Q2", "2004Q3", 
"2004Q4", "2005Q1", "2005Q2", "2005Q3", "2005Q4", "2006Q1", "2006Q2", 
"2006Q3", "2006Q4", "2007Q1", "2007Q2", "2007Q3", "2007Q4", "2008Q1", 
"2008Q2", "2008Q3", "2008Q4", "2009Q1", "2009Q2", "2009Q3", "2009Q4", 
"2010Q1", "2010Q2", "2010Q3", "2010Q4", "2011Q1", "2011Q2", "2011Q3", 
"2011Q4", "2012Q1", "2012Q2", "2012Q3", "2012Q4", "2013Q1", "2013Q2", 
"2013Q3", "2013Q4", "2014Q1", "2014Q2", "2014Q3", "2014Q4", "2015Q1", 
"2015Q2", "2015Q3", "2015Q4", "2016Q1", "2016Q2", "2016Q3", "2016Q4", 
"2017Q1", "2017Q2", "2017Q3", "2017Q4", "2018Q1", "2018Q2", "2018Q3", 
"2018Q4", "2019Q1", "2019Q2", "2019Q3", "2019Q4", "2020Q1", "2020Q2", 
"2020Q3", "2020Q4", "2021Q1", "2021Q2", "2021Q3", "2021Q4", "2022Q1", 
"2022Q2", "2022Q3", "2022Q4", "2023Q1", "2023Q2", "2023Q3", "2023Q4", 
"2024Q1", "2024Q2", "2024Q3", "2024Q4", "2025Q1", "2025Q2"), 
    value = c(NA, NA, NA, NA, 0x1.c89359bc33f85p+8, 0x1.c9fd30270f388p+8, 
    0x1.cb664a9cdc444p+8, 0x1.ccd6bf5515055p+8, 0x1.ce1938fffbce4p+8, 
    0x1.cfb5947cfa26ap+8, 0x1.d16f444e0daa1p+8, 0x1.d308a1ad6451cp+8, 
    0x1.d4d22d5171e2ap+8, 0x1.d68a58a32f449p+8, 0x1.d863dc054ef46p+8, 
    0x1.da5556b00ffdap+8, 0x1.dc5eca793576p+8, 0x1.de291d8a54824p+8, 
    0x1.dfd8a5ce5b424p+8, 0x1.e135c4c9c90c5p+8, 0x1.e271c53f39d1bp+8, 
    0x1.e40f864cb5bb4p+8, 0x1.e5a1fadafd114p+8, 0x1.e7a1b10fd7e46p+8, 
    0x1.ea18766c6de76p+8, 0x1.eb95ab7dc7acp+8, 0x1.ed0d9f6ec5b08p+8, 
    0x1.ef8137c1376d5p+8, 0x1.f260f5903a754p+8, 0x1.f5181e14bdfd2p+8, 
    0x1.fa1d6e04c0592p+8, 0x1.fbe7053198288p+8, 0x1.fd5516a8b8f15p+8, 
    0x1.ff6b4d48882f1p+8, 0x1.fe8ef99806f26p+8, 0x1.ff94ac8e68e3fp+8, 
    0x1.008c61e92923ep+9, 0x1.012b564b662fep+9, 0x1.0282e48626f61p+9, 
    0x1.042fd755bccafp+9, 0x1.063318a86d71fp+9, 0x1.08e340789613dp+9, 
    0x1.097faad601ffbp+9, 0x1.0bb45bea0ba1fp+9, 0x1.0cd4b66b6177fp+9, 
    0x1.0e4649a9973dap+9, 0x1.1171f444e0daap+9, 0x1.1bdd121ab4b73p+9, 
    0x1.1d157eaa2a0a9p+9, 0x1.1ee4e7ab75643p+9, 0x1.204e22d5171e3p+9, 
    0x1.22be69df97aabp+9, 0x1.25aa812be48a6p+9, 0x1.3c17e34330d74p+9, 
    0x1.28670079a2835p+9, 0x1.344bbc3c5bd0ep+9, 0x1.2bbb10fd7e458p+9, 
    0x1.2df8d76ab5808p+9, 0x1.308ac1a048e04p+9, 0x1.31e1d249e44fap+9, 
    0x1.34aa5df2239e7p+9, 0x1.33eeae6c8f755p+9, 0x1.3298657b84dbap+9, 
    0x1.32968ff327aa7p+9, 0x1.2dd75d2d01c0dp+9, 0x1.3108138fffbcep+9, 
    0x1.32ea34c1a8ac6p+9, 0x1.32c1cbb3c8191p+9, 0x1.33e97e80389f8p+9, 
    0x1.313fad96a6a01p+9, 0x1.3233eadd590c1p+9, 0x1.32baf840181ep+9, 
    0x1.32717574f722ep+9, 0x1.35268a7a41e58p+9, 0x1.333eaf81626b3p+9, 
    0x1.35647dc37a3dbp+9, 0x1.363aa25529fep+9, 0x1.36feb67c286f9p+9, 
    0x1.38d6897635e74p+9, 0x1.389f5d91ab8e9p+9, 0x1.39e03d1cc100ep+9, 
    0x1.380848387df5dp+9, 0x1.38e4247021d11p+9, 0x1.386c4f1a1986cp+9, 
    0x1.371722af5771p+9, 0x1.376069be09bb7p+9, 0x1.3821b59ddc1e8p+9, 
    0x1.3719395c42203p+9, 0x1.39f0c14c660a2p+9, 0x1.3b94618ce2d1fp+9, 
    0x1.3ba8658c4bd34p+9, 0x1.3ff9934efcbd5p+9, 0x1.407d9c6b0531ap+9, 
    0x1.42117de939eaep+9, 0x1.43dd7f498c3b1p+9, 0x1.43ca02e2328fap+9, 
    0x1.464475ee99a63p+9, 0x1.4819c4113c686p+9, 0x1.49cd66490a351p+9, 
    0x1.4ac0df1e0828cp+9, 0x1.494750225742ep+9, 0x1.49d5bc01a36e3p+9, 
    0x1.4921c8b86b16p+9, 0x1.4958adbc664d4p+9, 0x1.48bf22c881e47p+9, 
    0x1.542af6be37de9p+9, 0x1.57bcee41919acp+9, 0x1.5844a4db163bbp+9, 
    0x1.5c441719f7f8dp+9, 0x1.5caee0eb67c28p+9, 0x1.5c3403cd141a7p+9, 
    0x1.5bad5e39713adp+9, 0x1.5c17d1f601798p+9, 0x1.5d4f30728e92dp+9, 
    0x1.5e98628027d89p+9, 0x1.6448900c521dep+9, 0x1.65443f4eca687p+9, 
    0x1.66a2fb65668c2p+9, 0x1.6796f94c87981p+9, 0x1.65ef45f9df549p+9, 
    0x1.66cfb8fde2ef5p+9, 0x1.66e65dd8f92bp+9)), class = "data.frame", row.names = c(NA, 
-122L))
