structure(list(period_id = c("2002M03", "2002M04", "2002M05", 
"2002M06", "2002M07", "2002M08", "2002M09", "2002M10", "2002M11", 
"2002M12", "2003M01", "2003M02", "2003M03", "2003M04", "2003M05", 
"2003M06", "2003M07", "2003M08", "2003M09", "2003M10", "2003M11", 
"2003M12", "2004M01", "2004M02", "2004M03", "2004M04", "2004M05", 
"2004M06", "2004M07", "2004M08", "2004M09", "2004M10", "2004M11", 
"2004M12", "2005M01", "2005M02", "2005M03", "2005M04", "2005M05", 
"2005M06", "2005M07", "2005M08", "2005M09", "2005M10", "2005M11", 
"2005M12", "2006M01", "2006M02", "2006M03", "2006M04", "2006M05", 
"2006M06", "2006M07", "2006M08", "2006M09", "2006M10", "2006M11", 
"2006M12", "2007M01", "2007M02", "2007M03", "2007M04", "2007M05", 
"2007M06", "2007M07", "2007M08", "2007M09", "2007M10", "2007M11", 
"2007M12", "2008M01", "2008M02", "2008M03", "2008M04", "2008M05", 
"2008M06", "2008M07", "2008M08", "2008M09", "2008M10", "2008M11", 
"2008M12", "2009M01", "2009M02", "2009M03", "2009M04", "2009M05", 
"2009M06", "2009M07", "2009M08", "2009M09", "2009M10", "2009M11", 
"2009M12", "2010M01", "2010M02", "2010M03", "2010M04", "2010M05", 
"2010M06", "2010M07", "2010M08", "2010M09", "2010M10", "2010M11", 
"2010M12", "2011M01", "2011M02", "2011M03", "2011M04", "2011M05", 
"2011M06", "2011M07", "2011M08", "2011M09", "2011M10", "2011M11", 
"2011M12", "2012M01", "2012M02", "2012M03", "2012M04", "2012M05", 
"2012M06", "2012M07", "2012M08", "2012M09", "2012M10", "2012M11", 
"2012M12", "2013M01", "2013M02", "2013M03", "2013M04", "2013M05", 
"2013M06", "2013M07", "2013M08", "2013M09", "2013M10", "2013M11", 
"2013M12", "2014M01", "2014M02", "2014M03", "2014M04", "2014M05", 
"2014M06", "2014M07", "2014M08", "2014M09", "2014M10", "2014M11", 
"2014M12", "2015M01", "2015M02", "2015M03", "2015M04", "2015M05", 
"2015M06", "2015M07", "2015M08", "2015M09", "2015M10", "2015M11", 
"2015M12", "2016M01", "2016M02", "2016M03", "2016M04", "2016M05", 
"2016M06", "2016M07", "2016M08", "2016M09", "2016M10", "2016M11", 
"2016M12", "2017M01", "2017M02", "2017M03", "2017M04", "2017M05", 
"2017M06", "2017M07", "2017M08", "2017M09", "2017M10", "2017M11", 
"2017M12", "2018M01", "2018M02", "2018M03", "2018M04", "2018M05", 
"2018M06", "2018M07", "2018M08", "2018M09", "2018M10", "2018M11", 
"2018M12", "2019M01", "2019M02", "2019M03", "2019M04", "2019M05", 
"2019M06", "2019M07", "2019M08", "2019M09", "2019M10", "2019M11", 
"2019M12", "2020M01", "2020M02", "2020M03", "2020M04", "2020M05", 
"2020M06", "2020M07", "2020M08", "2020M09", "2020M10", "2020M11", 
"2020M12", "2021M01", "2021M02", "2021M03", "2021M04", "2021M05", 
"2021M06", "2021M07", "2021M08", "2021M09", "2021M10", "2021M11", 
"2021M12", "2022M01", "2022M02", "2022M03", "2022M04", "2022M05", 
"2022M06", "2022M07", "2022M08", "2022M09", "2022M10", "2022M11", 
"2022M12", "2023M01", "2023M02", "2023M03", "2023M04", "2023M05", 
"2023M06", "2023M07", "2023M08", "2023M09", "2023M10", "2023M11", 
"2023M12", "2024M01", "2024M02", "2024M03", "2024M04", "2024M05", 
"2024M06", "2024M07", "2024M08", "2024M09", "2024M10", "2024M11", 
"2024M12", "2025M01", "2025M02", "2025M03", "2025M04", "2025M05", 
"2025M06"), value = c(NA, NA, NA, NA, NA, NA, NA, NA, NA, NA, 
NA, NA, NA, NA, NA, NA, NA, NA, NA, NA, NA, NA, NA, NA, NA, NA, 
NA, NA, NA, NA, NA, NA, NA, NA, NA, NA, NA, NA, NA, NA, NA, NA, 
NA, NA, NA, NA, NA, NA, NA, NA, NA, NA, NA, NA, NA, NA, NA, NA, 
NA, NA, NA, NA, NA, NA, NA, NA, NA, NA, NA, NA, NA, NA, NA, NA, 
NA, NA, NA, NA, NA, NA, NA, NA, NA, NA, NA, NA, NA, NA, NA, NA, 
NA, NA, NA, NA, -0x1.bf71488167e35p+5, -0x1.cacbd18c3e003p+5, 
-0x1.ea17c7980d302p+5, -0x1.dde70b9ae038p+5, -0x1.d9c1095216d6cp+5, 
-0x1.da899984871fp+5, -0x1.d81e3c40d6928p+5, -0x1.d0d924682e009p+5, 
-0x1.a670adb19857cp+5, -0x1.9517102736f3p+5, -0x1.97f30be61ada3p+5, 
-0x1.b8e26cc970bbap+5, -0x1.bae8ee41a2c8dp+5, -0x1.9a3068e5add57p+5, 
-0x1.91cc3a7d0fb16p+5, -0x1.77b343aad838fp+5, -0x1.6d46ae768f424p+5, 
-0x1.6bb29a1b04fa5p+5, -0x1.62cf376f46ce9p+5, -0x1.649db14deb456p+5, 
-0x1.611cb49ceefd7p+5, -0x1.5c84ff7f1e0fbp+5, -0x1.59c0fe0e7d0a3p+5, 
-0x1.4029d898ef0afp+5, -0x1.541612f5b737fp+5, -0x1.416b56660a985p+5, 
-0x1.3f65869af5757p+5, -0x1.583f5c743064bp+5, -0x1.65fdbc3866342p+5, 
-0x1.5d729335c9b2ep+5, -0x1.3c1726217cd26p+5, -0x1.2e5b37a0441c8p+5, 
-0x1.4b84ad001796cp+5, -0x1.57eeac3995892p+5, -0x1.38584a20fa3a6p+5, 
-0x1.0ea03f8a0c3b8p+5, -0x1.da2fe698e1f4ep+4, -0x1.f75007a3d21b8p+4, 
-0x1.f5ffc78ea801ap+4, -0x1.8d82fb74c4bcdp+4, -0x1.502f0bb7ef1a3p+4, 
-0x1.45689c0c4bcefp+4, -0x1.52d6c7035f301p+4, -0x1.f2ef38c98eee9p+3, 
-0x1.03f4b93605e53p+4, -0x1.2468871af80f3p+4, -0x1.fb7f8a0834b57p+3, 
-0x1.2461f2e325c37p+4, -0x1.f9298334e4747p+3, -0x1.2cf03926ac001p+4, 
-0x1.2d0ea75725088p+3, -0x1.e21eaee538dcfp+3, -0x1.03c11757349a4p+1, 
-0x1.be5904cbeca81p+2, -0x1.5bbc15278d156p+2, -0x1.6836ab048c3cfp+3, 
-0x1.6feb905f084e3p+3, -0x1.539a982923874p+3, -0x1.9241aba227293p+3, 
-0x1.6ef3b7945efacp+3, -0x1.8488cf2792629p+3, -0x1.74bf00db7ac32p+3, 
-0x1.25c7eb4d15878p+3, -0x1.be7edbbb85b03p+3, -0x1.8f670b3a09aafp+3, 
-0x1.a04d7c51ac926p+3, -0x1.d8d5a70fa3e1fp+3, -0x1.c913018769964p+3, 
-0x1.38ea800cde3d7p+4, -0x1.f731f896a18fp+3, -0x1.b5a16b26b6f06p+3, 
-0x1.c5abcc54fa24cp+3, -0x1.0228098db7271p+4, -0x1.18e78991d36b6p+4, 
-0x1.45622a928bef7p+4, -0x1.f5e7084b7e02cp+3, -0x1.c17452dad4889p+3, 
-0x1.b31ce8316869p+3, -0x1.74917adc6a23bp+3, -0x1.b4defbbd3eff1p+2, 
-0x1.119209deb7413p+0, -0x1.5de28cb8c6c1bp+1, -0x1.256104899ef21p-1, 
0x1.0a36e30c657a4p+1, -0x1.216cda80b6ecp+1, 0x1.7ce6083f0b252p+2, 
0x1.1086af2abf352p+2, 0x1.3f9f83d4f2716p+3, 0x1.05636ca30542p+3, 
0x1.a85a1a375b2d7p+3, 0x1.2d44e2f28f3a5p+4, 0x1.24180b92fd959p+4, 
0x1.1bb0edfd0cf55p+4, 0x1.6c7ed33501fb9p+4, 0x1.a0a5142dbd053p+3, 
0x1.3ecf3ddae829bp+4, 0x1.4d3acb263729fp+4, 0x1.4f299966bb426p+4, 
0x1.5b4aca0047563p+4, 0x1.8b3fd46cc310ap+4, 0x1.9a192850c5dap+4, 
0x1.a69144c3d455bp+4, 0x1.7a5c2447992cfp+4, 0x1.6a2f07426987p+4, 
0x1.107368c010846p+4, 0x1.360f0a1bc0588p+4, 0x1.7055b3280b0bfp+4, 
0x1.f1c99de5a604p+3, 0x1.ff6c093f32b4ap+3, 0x1.02afeb083afbcp+4, 
0x1.d0b691bc91a77p+3, 0x1.6a3425110f249p+3, 0x1.a7c7acc4ef88cp+3, 
0x1.b075faede9ca5p+3, 0x1.55dc4f7e7e9c5p+3, 0x1.3f674705d68c4p+3, 
0x1.3e0d1d99e63dp+3, 0x1.6570038bd9453p+2, 0x1.b53b4d6722344p+2, 
0x1.7456687f455a8p+2, 0x1.cf06baa0bf16ap+2, 0x1.7cd902d818fdap+2, 
0x1.d42afdf005611p+1, -0x1.b6d24ea11a38ep+4, -0x1.b9bc6d36394dp+4, 
-0x1.6c6de883a657p+3, -0x1.4d84723913ae2p+2, -0x1.4e3f5715320dcp+1, 
-0x1.3a5c8d387c0c3p-1, 0x1.043fb17967d38p-1, -0x1.4911ee09e6e73p+2, 
-0x1.3d592a3dc12bbp-1, 0x1.18998c374a32fp+1, 0x1.fbb6dceb1f6aap+2, 
0x1.9c1bf98d864c2p+3, 0x1.0847b59eaa471p+4, 0x1.3f9e5325ecceap+4, 
0x1.4b37caf8252fp+4, 0x1.364f6fb83884fp+4, 0x1.42383d1de50fbp+4, 
0x1.7ca8be8db3a12p+4, 0x1.7e208ade849fp+4, 0x1.3f78d9dde88f3p+4, 
0x1.95c569e1c6033p+4, 0x1.aa9c4edd6eecbp+4, 0x1.a50a112fb9675p+4, 
0x1.89cecf0fe1e42p+4, 0x1.609b4fd5a2abbp+4, 0x1.965ef5a6935acp+4, 
0x1.4259271223d53p+4, 0x1.165480efe5bccp+4, 0x1.2155aace7dda8p+4, 
0x1.b8f898b91659p+3, 0x1.2c734b38629dp+4, 0x1.4b065b05e013dp+4, 
0x1.6447f19a1cdd7p+4, 0x1.2af2472b96397p+4, 0x1.23d2c16d0374cp+4, 
0x1.769fc0b1bf07fp+3, 0x1.0563c0445bd82p+4, 0x1.ad687bac9eafp+3, 
0x1.ae0642bb07f5cp+3, 0x1.cc9d9519e0af6p+3, 0x1.1bb860172820fp+3, 
0x1.b89fc5319a4e4p+3, 0x1.382137c80fc61p+3, 0x1.671af39d8ad9ap+3, 
0x1.fbc281e34d1f7p+3, 0x1.a763693adfad8p+3, 0x1.de3edf23668c8p+2, 
0x1.1ed70a66c7708p+3, 0x1.d1331e6acf2bdp+1, 0x1.c37f197a9ccbap+2, 
0x1.17ecaa3855e57p+2, 0x1.b13e0a989b7ep+1, 0x1.e25ed92506051p+2, 
0x1.81a688a134ffap+2, 0x1.bd4b944ebd389p+2, 0x1.4d586362d971bp+3, 
0x1.ce785121a812dp+1, 0x1.2534ad7a5d4f7p+2, 0x1.c4bfc889e96fcp+2, 
0x1.3023d9d73b299p+3, 0x1.4806a395126dcp+3, 0x1.8058878b4f291p+2, 
0x1.26e8046141412p+2)), class = "data.frame", row.names = c(NA, 
-280L))
