structure(list(period_id = c("2006M01", "2006M02", "2006M03", 
"2006M04", "2006M05", "2006M06", "2006M07", "2006M08", "2006M09", 
"2006M10", "2006M11", "2006M12", "2007M01", "2007M02", "2007M03", 
"2007M04", "2007M05", "2007M06", "2007M07", "2007M08", "2007M09", 
"2007M10", "2007M11", "2007M12", "2008M01", "2008M02", "2008M03", 
"2008M04", "2008M05", "2008M06", "2008M07", "2008M08", "2008M09", 
"2008M10", "2008M11", "2008M12", "2009M01", "2009M02", "2009M03", 
"2009M04", "2009M05", "2009M06", "2009M07", "2009M08", "2009M09", 
"2009M10", "2009M11", "2009M12", "2010M01", "2010M02", "2010M03", 
"2010M04", "2010M05", "2010M06", "2010M07", "2010M08", "2010M09", 
"2010M10", "2010M11", "2010M12", "2011M01", "2011M02", "2011M03", 
"2011M04", "2011M05", "2011M06", "2011M07", "2011M08", "2011M09", 
"2011M10", "2011M11", "2011M12", "2012M01", "2012M02", "2012M03", 
"2012M04", "2012M05", "2012M06", "2012M07", "2012M08", "2012M09", 
"2012M10", "2012M11", "2012M12", "2013M01", "2013M02", "2013M03", 
"2013M04", "2013M05", "2013M06", "2013M07", "2013M08", "2013M09", 
"2013M10", "2013M11", "2013M12", "2014M01", "2014M02", "2014M03", 
"2014M04", "2014M05", "2014M06", "2014M07", "2014M08", "2014M09", 
"2014M10", "2014M11", "2014M12", "2015M01", "2015M02", "2015M03", 
"2015M04", "2015M05", "2015M06", "2015M07", "2015M08", "2015M09", 
"2015M10", "2015M11", "2015M12", "2016M01", "2016M02", "2016M03", 
"2016M04", "2016M05", "2016M06", "2016M07", "2016M08", "2016M09", 
"2016M10", "2016M11", "2016M12", "2017M01", "2017M02", "2017M03", 
"2017M04", "2017M05", "2017M06", "2017M07", "2017M08", "2017M09", 
"2017M10", "2017M11", "2017M12", "2018M01", "2018M02", "2018M03", 
"2018M04", "2018M05", "2018M06", "2018M07", "2018M08", "2018M09", 
"2018M10", "2018M11", "2018M12", "2019M01", "2019M02", "2019M03", 
"2019M04", "2019M05", "2019M06", "2019M07", "2019M08", "2019M09", 
"2019M10", "2019M11", "2019M12", "2020M01", "2020M02", "2020M03", 
"2020M04", "2020M05", "2020M06", "2020M07", "2020M08", "2020M09", 
"2020M10", "2020M11", "2020M12", "2021M01", "2021M02", "2021M03", 
"2021M04", "2021M05", "2021M06", "2021M07", "2021M08", "2021M09", 
"2021M10", "2021M11", "2021M12", "2022M01", "2022M02", "2022M03", 
"2022M04", "2022M05", "2022M06", "2022M07", "2022M08", "2022M09", 
"2022M10", "2022M11", "2022M12", "2023M01", "2023M02", "2023M03", 
"2023M04", "2023M05", "2023M06", "2023M07", "2023M08", "2023M09", 
"2023M10", "2023M11", "2023M12", "2024M01", "2024M02", "2024M03", 
"2024M04", "2024M05", "2024M06", "2024M07", "2024M08", "2024M09", 
"2024M10", "2024M11", "2024M12", "2025M01", "2025M02", "2025M03"
), value = c(0x1.2a1eb851eb852p+6, 0x1.2d70a3d70a3d7p+6, 0x1.2da3d70a3d70ap+6, 
0x1.2ed70a3d70a3dp+6, 0x1.3151eb851eb85p+6, 0x1.34ae147ae147bp+6, 
0x1.3870a3d70a3d7p+6, 0x1.38147ae147ae1p+6, 0x1.3cae147ae147bp+6, 
0x1.3f9999999999ap+6, 0x1.3fp+6, 0x1.3e3d70a3d70a4p+6, 0x1.413d70a3d70a4p+6, 
0x1.413d70a3d70a4p+6, 0x1.41ccccccccccdp+6, 0x1.44147ae147ae1p+6, 
0x1.45f5c28f5c28fp+6, 0x1.47c28f5c28f5cp+6, 0x1.41ae147ae147bp+6, 
0x1.4366666666666p+6, 0x1.3f47ae147ae14p+6, 0x1.3ed70a3d70a3dp+6, 
0x1.3ee147ae147aep+6, 0x1.3fb851eb851ecp+6, 0x1.3eeb851eb851fp+6, 
0x1.410a3d70a3d71p+6, 0x1.4233333333333p+6, 0x1.430a3d70a3d71p+6, 
0x1.47c28f5c28f5cp+6, 0x1.4a51eb851eb85p+6, 0x1.4d0a3d70a3d71p+6, 
0x1.4e0a3d70a3d71p+6, 0x1.4e47ae147ae14p+6, 0x1.4ac28f5c28f5cp+6, 
0x1.440a3d70a3d71p+6, 0x1.3c66666666666p+6, 0x1.3747ae147ae14p+6, 
0x1.3ce147ae147aep+6, 0x1.398f5c28f5c29p+6, 0x1.36c28f5c28f5cp+6, 
0x1.381eb851eb852p+6, 0x1.3933333333333p+6, 0x1.3d5c28f5c28f6p+6, 
0x1.3d5c28f5c28f6p+6, 0x1.3f66666666666p+6, 0x1.3e70a3d70a3d7p+6, 
0x1.3d47ae147ae14p+6, 0x1.3db851eb851ecp+6, 0x1.41b851eb851ecp+6, 
0x1.47147ae147ae1p+6, 0x1.4a5c28f5c28f6p+6, 0x1.507ae147ae148p+6, 
0x1.5551eb851eb85p+6, 0x1.54a3d70a3d70ap+6, 0x1.559999999999ap+6, 
0x1.568f5c28f5c29p+6, 0x1.58p+6, 0x1.56a3d70a3d70ap+6, 0x1.599999999999ap+6, 
0x1.5e70a3d70a3d7p+6, 0x1.630a3d70a3d71p+6, 0x1.62d70a3d70a3dp+6, 
0x1.6470a3d70a3d7p+6, 0x1.659999999999ap+6, 0x1.679999999999ap+6, 
0x1.65a3d70a3d70ap+6, 0x1.64d70a3d70a3dp+6, 0x1.66e147ae147aep+6, 
0x1.669999999999ap+6, 0x1.649999999999ap+6, 0x1.63e147ae147aep+6, 
0x1.64b851eb851ecp+6, 0x1.6633333333333p+6, 0x1.6a28f5c28f5c3p+6, 
0x1.6e47ae147ae14p+6, 0x1.6ce147ae147aep+6, 0x1.6c147ae147ae1p+6, 
0x1.66ccccccccccdp+6, 0x1.655c28f5c28f6p+6, 0x1.6ab851eb851ecp+6, 
0x1.7051eb851eb85p+6, 0x1.6ed70a3d70a3dp+6, 0x1.711eb851eb852p+6, 
0x1.6f3d70a3d70a4p+6, 0x1.6d8f5c28f5c29p+6, 0x1.6c851eb851eb8p+6, 
0x1.6d33333333333p+6, 0x1.6accccccccccdp+6, 0x1.6733333333333p+6, 
0x1.687ae147ae148p+6, 0x1.69b851eb851ecp+6, 0x1.693d70a3d70a4p+6, 
0x1.6a9999999999ap+6, 0x1.6947ae147ae14p+6, 0x1.69a3d70a3d70ap+6, 
0x1.6c0a3d70a3d71p+6, 0x1.67e147ae147aep+6, 0x1.6547ae147ae14p+6, 
0x1.635c28f5c28f6p+6, 0x1.63eb851eb851fp+6, 0x1.6366666666666p+6, 
0x1.6447ae147ae14p+6, 0x1.65c28f5c28f5cp+6, 0x1.66851eb851eb8p+6, 
0x1.66851eb851eb8p+6, 0x1.67851eb851eb8p+6, 0x1.6647ae147ae14p+6, 
0x1.63b851eb851ecp+6, 0x1.62b851eb851ecp+6, 0x1.6233333333333p+6, 
0x1.6451eb851eb85p+6, 0x1.658f5c28f5c29p+6, 0x1.63c28f5c28f5cp+6, 
0x1.6433333333333p+6, 0x1.65ae147ae147bp+6, 0x1.64851eb851eb8p+6, 
0x1.63851eb851eb8p+6, 0x1.60f5c28f5c28fp+6, 0x1.6047ae147ae14p+6, 
0x1.5ec28f5c28f5cp+6, 0x1.5c28f5c28f5c3p+6, 0x1.59e147ae147aep+6, 
0x1.5bae147ae147bp+6, 0x1.5a70a3d70a3d7p+6, 0x1.5c0a3d70a3d71p+6, 
0x1.5e33333333333p+6, 0x1.5f5c28f5c28f6p+6, 0x1.5dc28f5c28f5cp+6, 
0x1.5e8f5c28f5c29p+6, 0x1.613d70a3d70a4p+6, 0x1.6347ae147ae14p+6, 
0x1.68147ae147ae1p+6, 0x1.6bc28f5c28f5cp+6, 0x1.6c33333333333p+6, 
0x1.6c1eb851eb852p+6, 0x1.6b51eb851eb85p+6, 0x1.6a1eb851eb852p+6, 
0x1.67147ae147ae1p+6, 0x1.65eb851eb851fp+6, 0x1.6728f5c28f5c3p+6, 
0x1.680a3d70a3d71p+6, 0x1.6aa3d70a3d70ap+6, 0x1.6de147ae147aep+6, 
0x1.6dae147ae147bp+6, 0x1.6df5c28f5c28fp+6, 0x1.6dccccccccccdp+6, 
0x1.6d8f5c28f5c29p+6, 0x1.6f66666666666p+6, 0x1.71d70a3d70a3dp+6, 
0x1.74d70a3d70a3dp+6, 0x1.7466666666666p+6, 0x1.77147ae147ae1p+6, 
0x1.78p+6, 0x1.7951eb851eb85p+6, 0x1.775c28f5c28f6p+6, 0x1.73d70a3d70a3dp+6, 
0x1.73f5c28f5c28fp+6, 0x1.7270a3d70a3d7p+6, 0x1.72c28f5c28f5cp+6, 
0x1.73d70a3d70a3dp+6, 0x1.738f5c28f5c29p+6, 0x1.7070a3d70a3d7p+6, 
0x1.6fa3d70a3d70ap+6, 0x1.6eeb851eb851fp+6, 0x1.6fe147ae147aep+6, 
0x1.7028f5c28f5c3p+6, 0x1.700a3d70a3d71p+6, 0x1.6e851eb851eb8p+6, 
0x1.6e51eb851eb85p+6, 0x1.6c0a3d70a3d71p+6, 0x1.6570a3d70a3d7p+6, 
0x1.61ccccccccccdp+6, 0x1.60147ae147ae1p+6, 0x1.6151eb851eb85p+6, 
0x1.62eb851eb851fp+6, 0x1.6270a3d70a3d7p+6, 0x1.62a3d70a3d70ap+6, 
0x1.611eb851eb852p+6, 0x1.62b851eb851ecp+6, 0x1.64d70a3d70a3dp+6, 
0x1.6b8f5c28f5c29p+6, 0x1.6e51eb851eb85p+6, 0x1.73b851eb851ecp+6, 
0x1.7a7ae147ae148p+6, 0x1.7e70a3d70a3d7p+6, 0x1.858f5c28f5c29p+6, 
0x1.907ae147ae148p+6, 0x1.949999999999ap+6, 0x1.a19999999999ap+6, 
0x1.b0a3d70a3d70ap+6, 0x1.bb3d70a3d70a4p+6, 0x1.c166666666666p+6, 
0x1.cba3d70a3d70ap+6, 0x1.d03d70a3d70a4p+6, 0x1.e0ccccccccccdp+6, 
0x1.e9p+6, 0x1.f2p+6, 0x1.f751eb851eb85p+6, 0x1.fb147ae147ae1p+6, 
0x1.fc51eb851eb85p+6, 0x1p+7, 0x1.fd0a3d70a3d71p+6, 0x1.fa66666666666p+6, 
0x1.f7147ae147ae1p+6, 0x1.f0ae147ae147bp+6, 0x1.f333333333333p+6, 
0x1.f2p+6, 0x1.ebeb851eb851fp+6, 0x1.e8b851eb851ecp+6, 0x1.e60a3d70a3d71p+6, 
0x1.e1d70a3d70a3dp+6, 0x1.e90a3d70a3d71p+6, 0x1.e9d70a3d70a3dp+6, 
0x1.e89999999999ap+6, 0x1.e3d70a3d70a3dp+6, 0x1.e266666666666p+6, 
0x1.df8f5c28f5c29p+6, 0x1.dfd70a3d70a3dp+6, 0x1.e0f5c28f5c28fp+6, 
0x1.e166666666666p+6, 0x1.de51eb851eb85p+6, 0x1.df5c28f5c28f6p+6, 
0x1.ddeb851eb851fp+6, 0x1.dd51eb851eb85p+6, 0x1.d9ae147ae147bp+6, 
0x1.d9eb851eb851fp+6, 0x1.de1eb851eb852p+6, 0x1.dc51eb851eb85p+6, 
0x1.ddf5c28f5c28fp+6, 0x1.de0a3d70a3d71p+6, 0x1.de28f5c28f5c3p+6
)), class = "data.frame", row.names = c(NA, -231L))
