structure(list(period_id = c("1999Q1", "1999Q2", "1999Q3", "1999Q4", 
"2000Q1", "2000Q2", "2000Q3", "2000Q4", "2001Q1", "2001Q2", "2001Q3", 
"2001Q4", "2002Q1", "2002Q2", "2002Q3", "2002Q4", "2003Q1", "2003Q2", 
"2003Q3", "2003Q4", "2004Q1", "2004Q2", "2004Q3", "2004Q4", "2005Q1", 
"2005Q2", "2005Q3", "2005Q4", "2006Q1", "2006Q2", "2006Q3", "2006Q4", 
"2007Q1", "2007Q2", "2007Q3", "2007Q4", "2008Q1", "2008Q2", "2008Q3", 
"2008Q4", "2009Q1", "2009Q2", "2009Q3", "2009Q4", "2010Q1", "2010Q2", 
"2010Q3", "2010Q4", "2011Q1", "2011Q2", "2011Q3", "2011Q4", "2012Q1", 
"2012Q2", "2012Q3", "2012Q4", "2013Q1", "2013Q2", "2013Q3", "2013Q4", 
"2014Q1", "2014Q2", "2014Q3", "2014Q4", "2015Q1", "2015Q2", "2015Q3", 
"2015Q4", "2016Q1", "2016Q2", "2016Q3", "2016Q4", "2017Q1", "2017Q2", 
"2017Q3", "2017Q4", "2018Q1", "2018Q2", "2018Q3", "2018Q4", "2019Q1", 
"2019Q2", "2019Q3", "2019Q4", "2020Q1", "2020Q2", "2020Q3", "2020Q4", 
"2021Q1", "2021Q2", "2021Q3", "2021Q4", "2022Q1", "2022Q2", "2022Q3", 
"2022Q4", "2023Q1", "2023Q2", "2023Q3", "2023Q4", "2024Q1", "2024Q2", 
"2024Q3", "2024Q4"), value = c(0x1.01b34f82f5126p+6, 0x1.302bc5de9c023p+6, 
0x1.56603b3e9a6f8p+6, 0x1.90bb3cc4ac6cep+6, 0x1.67b2b12d3415bp+6, 
0x1.90eb98c7e2824p+6, 0x1.a931b5c7cd899p+6, 0x1.de2ef177a7009p+6, 
0x1.8a7af922962dp+6, 0x1.180b96073de1ep+7, 0x1.fcd737da61e0cp+6, 
0x1.1e08c38f36695p+7, 0x1.e16c343b70ef5p+6, 0x1.13ed3da72a7bdp+7, 
0x1.231f1737542a2p+7, 0x1.575b6e2eb1c43p+7, 0x1.232c8d5c74752p+7, 
0x1.4c5470a808c82p+7, 0x1.58fa02107b784p+7, 0x1.a1731f687b13ap+7, 
0x1.3b16daec4a409p+7, 0x1.56cae2da554b9p+7, 0x1.9ab8b28522ea1p+7, 
0x1.ce7906cca2db6p+7, 0x1.617814f8b588ep+7, 0x1.94b830a0b1bbdp+7, 
0x1.a2417e996312fp+7, 0x1.d48d65e460675p+7, 0x1.41d9865519371p+7, 
0x1.69d9fcd24e161p+7, 0x1.95e129aa1d756p+7, 0x1.b629361dc93eap+7, 
0x1.29c408fa7a85p+7, 0x1.7f5a1ab4b72c5p+7, 0x1.6cde27179bfdfp+7, 
0x1.95f9081c2e33fp+7, 0x1.cf5ba55d1c3adp+6, 0x1.2ff90afe60c39p+7, 
0x1.3b371b4784231p+7, 0x1.3ea6ae9ee45c3p+7, 0x1.df04fc1df3301p+5, 
0x1.7d59170d62bf1p+6, 0x1.b0cee957470ebp+6, 0x1.7c800bcbe61dp+6, 
0x1.002c5f394b7b3p+6, 0x1.bfcbea0ba1f4bp+6, 0x1.e501a975afaf8p+6, 
0x1.a4cfc9363f573p+6, 0x1.05336eb4e9814p+6, 0x1.b450ae1049236p+6, 
0x1.095d2ef911cf3p+7, 0x1.9b4322291fb4p+6, 0x1.3a360cbf2b23ap+6, 
0x1.cc70f88333fc8p+6, 0x1.0bfde6362a5e8p+7, 0x1.d8361672324c8p+6, 
0x1.333a4a48f96e1p+6, 0x1.09b675360d024p+7, 0x1.1e90aa21a719bp+7, 
0x1.d3c308bb90646p+6, 0x1.3af2e4d1a6506p+6, 0x1.67fb61fe21d97p+6, 
0x1.415a1d10b1fefp+7, 0x1.4726371540032p+7, 0x1.53bf5f4e4430bp+6, 
0x1.9bd74f2f123c4p+6, 0x1.3433823c85c25p+7, 0x1.17e6c4827b6fep+7, 
0x1.439b7fe08aefbp+6, 0x1.a23c39ffd60e9p+6, 0x1.36307f455a7d2p+7, 
0x1.2c4d126634118p+7, 0x1.43d4e054690dep+6, 0x1.0615bbe0157efp+7, 
0x1.460d6ffc115dfp+7, 0x1.0d9604c05921p+7, 0x1.564b4b72c5198p+6, 
0x1.2067a56de3327p+7, 0x1.53da3465625a7p+7, 0x1.13fc185058ddep+7, 
0x1.56def911cf356p+6, 0x1.39ba9e90795f6p+7, 0x1.671b69db65eccp+7, 
0x1.2e6bc9abb01c9p+7, 0x1.7a50d6f544bb2p+6, 0x1.eeaa661283904p+6, 
0x1.5ba9d2bf5515p+7, 0x1.421145b6c3761p+7, 0x1.7781c864883fdp+6, 
0x1.500d872f33ca3p+7, 0x1.57675d78811b2p+7, 0x1.50ef1b6912125p+7, 
0x1.bf2d6fda836ebp+6, 0x1.71913250b5244p+7, 0x1.c9397481b21c4p+7, 
0x1.67c224aada33cp+7, 0x1.f45a5daf07bfep+6, 0x1.c843ce2089e34p+7, 
0x1.b47888509bf9cp+7, 0x1.8eadfb9389b52p+7, 0x1.0b4f2cf95d4e9p+7, 
0x1.ddc81e4712e41p+7, 0x1.d2d25daf07bfep+7, 0x1.bb0307d0aed9ap+7
)), class = "data.frame", row.names = c(NA, -104L))
