structure(list(period_id = c("2000M01", "2000M02", "2000M03", 
"2000M04", "2000M05", "2000M06", "2000M07", "2000M08", "2000M09", 
"2000M10", "2000M11", "2000M12", "2001M01", "2001M02", "2001M03", 
"2001M04", "2001M05", "2001M06", "2001M07", "2001M08", "2001M09", 
"2001M10", "2001M11", "2001M12", "2002M01", "2002M02", "2002M03", 
"2002M04", "2002M05", "2002M06", "2002M07", "2002M08", "2002M09", 
"2002M10", "2002M11", "2002M12", "2003M01", "2003M02", "2003M03", 
"2003M04", "2003M05", "2003M06", "2003M07", "2003M08", "2003M09", 
"2003M10", "2003M11", "2003M12", "2004M01", "2004M02", "2004M03", 
"2004M04", "2004M05", "2004M06", "2004M07", "2004M08", "2004M09", 
"2004M10", "2004M11", "2004M12", "2005M01", "2005M02", "2005M03", 
"2005M04", "2005M05", "2005M06", "2005M07", "2005M08", "2005M09", 
"2005M10", "2005M11", "2005M12", "2006M01", "2006M02", "2006M03", 
"2006M04", "2006M05", "2006M06", "2006M07", "2006M08", "2006M09", 
"2006M10", "2006M11", "2006M12", "2007M01", "2007M02", "2007M03", 
"2007M04", "2007M05", "2007M06", "2007M07", "2007M08", "2007M09", 
"2007M10", "2007M11", "2007M12", "2008M01", "2008M02", "2008M03", 
"2008M04", "2008M05", "2008M06", "2008M07", "2008M08", "2008M09", 
"2008M10", "2008M11", "2008M12", "2009M01", "2009M02", "2009M03", 
"2009M04", "2009M05", "2009M06", "2009M07", "2009M08", "2009M09", 
"2009M10", "2009M11", "2009M12", "2010M01", "2010M02", "2010M03", 
"2010M04", "2010M05", "2010M06", "2010M07", "2010M08", "2010M09", 
"2010M10", "2010M11", "2010M12", "2011M01", "2011M02", "2011M03", 
"2011M04", "2011M05", "2011M06", "2011M07", "2011M08", "2011M09", 
"2011M10", "2011M11", "2011M12", "2012M01", "2012M02", "2012M03", 
"2012M04", "2012M05", "2012M06", "2012M07", "2012M08", "2012M09", 
"2012M10", "2012M11", "2012M12", "2013M01", "2013M02", "2013M03", 
"2013M04", "2013M05", "2013M06", "2013M07", "2013M08", "2013M09", 
"2013M10", "2013M11", "2013M12", "2014M01", "2014M02", "2014M03", 
"2014M04", "2014M05", "2014M06", "2014M07", "2014M08", "2014M09", 
"2014M10", "2014M11", "2014M12", "2015M01", "2015M02", "2015M03", 
"2015M04", "2015M05", "2015M06", "2015M07", "2015M08", "2015M09", 
"2015M10", "2015M11", "2015M12", "2016M01", "2016M02", "2016M03", 
"2016M04", "2016M05", "2016M06", "2016M07", "2016M08", "2016M09", 
"2016M10", "2016M11", "2016M12", "2017M01", "2017M02", "2017M03", 
"2017M04", "2017M05", "2017M06", "2017M07", "2017M08", "2017M09", 
"2017M10", "2017M11", "2017M12", "2018M01", "2018M02", "2018M03", 
"2018M04", "2018M05", "2018M06", "2018M07", "2018M08", "2018M09", 
"2018M10", "2018M11", "2018M12", "2019M01", "2019M02", "2019M03", 
"2019M04", "2019M05", "2019M06", "2019M07", "2019M08", "2019M09", 
"2019M10", "2019M11", "2019M12", "2020M01", "2020M02", "2020M03", 
"2020M04", "2020M05", "2020M06", "2020M07", "2020M08", "2020M09", 
"2020M10", "2020M11", "2020M12", "2021M01", "2021M02", "2021M03", 
"2021M04", "2021M05", "2021M06", "2021M07", "2021M08", "2021M09", 
"2021M10", "2021M11", "2021M12", "2022M01", "2022M02", "2022M03", 
"2022M04", "2022M05", "2022M06", "2022M07", "2022M08", "2022M09", 
"2022M10", "2022M11", "2022M12", "2023M01", "2023M02", "2023M03", 
"2023M04", "2023M05", "2023M06", "2023M07", "2023M08", "2023M09", 
"2023M10", "2023M11", "2023M12", "2024M01", "2024M02", "2024M03", 
"2024M04", "2024M05", "2024M06", "2024M07", "2024M08", "2024M09", 
"2024M10", "2024M11", "2024M12"), value = c(0x1.1f220cp+22, 0x1.3931fp+22, 
0x1.9607bcp+22, 0x1.e75b9p+21, 0x1.8eab7p+21, 0x1.5fc16p+21, 
0x1.3ea598p+22, 0x1.485d4p+22, 0x1.116f58p+22, 0x1.7f6fa4p+22, 
0x1.cd7f54p+22, 0x1.965d9cp+22, 0x1.ef7e84p+22, 0x1.1c066ap+23, 
0x1.1bc766p+23, 0x1.1e3b08p+23, 0x1.0199b2p+23, 0x1.228c26p+23, 
0x1.ded1d8p+22, 0x1.1bace4p+22, 0x1.8938f8p+22, 0x1.feecep+22, 
0x1.05f842p+23, 0x1.14381cp+23, 0x1.0185fap+23, 0x1.0ca8dcp+23, 
0x1.1cf568p+23, 0x1.1eec6ap+23, 0x1.aa6d84p+22, 0x1.144d08p+23, 
0x1.23acc6p+23, 0x1.f7696cp+22, 0x1.3fea3cp+23, 0x1.9722a4p+23, 
0x1.5c5a04p+23, 0x1.8c324p+23, 0x1.85fd68p+23, 0x1.5209c4p+23, 
0x1.5a60cap+23, 0x1.44d61ap+23, 0x1.e65db8p+22, 0x1.d5492ap+23, 
0x1.9d8834p+23, 0x1.60820ap+23, 0x1.b4c6cep+23, 0x1.e3a236p+23, 
0x1.ac7edap+23, 0x1.ae6bd6p+23, 0x1.d6d9c8p+23, 0x1.2689fcp+24, 
0x1.d77f6ap+23, 0x1.fbfc1ep+23, 0x1.049175p+24, 0x1.59eca8p+23, 
0x1.53d93dp+24, 0x1.069d4ap+24, 0x1.f33984p+23, 0x1.344a2dp+24, 
0x1.2c0873p+24, 0x1.2fd6d1p+24, 0x1.1514a5p+24, 0x1.266edap+24, 
0x1.684f6fp+24, 0x1.9e3d08p+24, 0x1.671ff9p+24, 0x1.90c9ecp+24, 
0x1.d9c5edp+24, 0x1.985bacp+24, 0x1.9e0b3p+24, 0x1.eaef4ap+24, 
0x1.114ceep+25, 0x1.22c5138p+25, 0x1.34c841p+25, 0x1.4bce9cp+25, 
0x1.6a933d8p+25, 0x1.482eaep+25, 0x1.3d766b8p+25, 0x1.384551p+25, 
0x1.6a36c9p+25, 0x1.4e20938p+25, 0x1.1177e4p+25, 0x1.1dad7a8p+25, 
0x1.73c121p+25, 0x1.0fd9b5p+25, 0x1.11e6588p+25, 0x1.06c4858p+25, 
0x1.02bdc68p+25, 0x1.1790a18p+25, 0x1.cd98b9p+24, 0x1.b90f35p+24, 
0x1.5968398p+25, 0x1.e3f411p+24, 0x1.d84279p+24, 0x1.0ab7e28p+25, 
0x1.2545208p+25, 0x1.6ce533p+25, 0x1.1129528p+25, 0x1.5609728p+25, 
0x1.63e41ep+25, 0x1.3070258p+25, 0x1.a6c82b8p+25, 0x1.bac48b8p+25, 
0x1.f22e138p+25, 0x1.b3e1b1p+25, 0x1.96b5308p+25, 0x1.2ce7364p+26, 
0x1.ca8d84p+25, 0x1.b64e358p+25, 0x1.9e95d58p+25, 0x1.378771p+25, 
0x1.461f6f8p+25, 0x1.b9dca1p+24, 0x1.5d535c8p+25, 0x1.405dea8p+25, 
0x1.b41cc28p+25, 0x1.f5922p+24, 0x1.206918p+25, 0x1.ab7dd4p+25, 
0x1.3aa205p+25, 0x1.78bcfe8p+25, 0x1.9af20c8p+25, 0x1.687adp+25, 
0x1.d676fp+25, 0x1.e109e5p+25, 0x1.0a4371cp+26, 0x1.303d124p+26, 
0x1.f8a0028p+25, 0x1.d364598p+25, 0x1.2bd0b48p+26, 0x1.f8bf4b8p+25, 
0x1.191c9e4p+26, 0x1.314894cp+26, 0x1.57dc434p+26, 0x1.3f59148p+26, 
0x1.6defc9cp+26, 0x1.7f19684p+26, 0x1.a124498p+26, 0x1.6c76cp+26, 
0x1.c399654p+26, 0x1.821372cp+26, 0x1.cf6f648p+26, 0x1.03c019cp+27, 
0x1.e82448cp+26, 0x1.a822c84p+26, 0x1.70c41acp+26, 0x1.a6b313p+26, 
0x1.9957c2p+26, 0x1.79a53bp+26, 0x1.8f19bf8p+26, 0x1.8d3a91p+26, 
0x1.e3517b4p+26, 0x1.d9d7ep+26, 0x1.df510a8p+26, 0x1.03cac12p+27, 
0x1.fc1bd98p+26, 0x1.a7a00ap+26, 0x1.8ecad0cp+26, 0x1.9014bc8p+26, 
0x1.8f0961cp+26, 0x1.91ecb6cp+26, 0x1.9eb3898p+26, 0x1.cb8727p+26, 
0x1.fd3e27p+26, 0x1.0e0e7a2p+27, 0x1.e4f2108p+26, 0x1.0861bep+27, 
0x1.e3e822cp+26, 0x1.c093038p+26, 0x1.b1fef6cp+26, 0x1.6649f8p+26, 
0x1.949e504p+26, 0x1.9822b1p+26, 0x1.b3a7d9cp+26, 0x1.d03af84p+26, 
0x1.0326356p+27, 0x1.fc85e7cp+26, 0x1.017de2cp+27, 0x1.2f6f888p+27, 
0x1.240fe32p+27, 0x1.b05872cp+26, 0x1.79d4288p+26, 0x1.8609d94p+26, 
0x1.c7f9fbcp+26, 0x1.a2644dp+26, 0x1.907a1bp+26, 0x1.b072bp+26, 
0x1.ee490bcp+26, 0x1.cfcf344p+26, 0x1.d6d829cp+26, 0x1.e642434p+26, 
0x1.d7ca4p+26, 0x1.a91788cp+26, 0x1.535c8f8p+26, 0x1.4660cep+26, 
0x1.4343eccp+26, 0x1.59ea738p+26, 0x1.71772p+26, 0x1.7131a8cp+26, 
0x1.8e7773p+26, 0x1.9bda058p+26, 0x1.940f258p+26, 0x1.f2fd258p+26, 
0x1.d564edp+26, 0x1.f8b8e6cp+26, 0x1.1edeaaap+27, 0x1.d1fd7ep+26, 
0x1.03f312ep+27, 0x1.d99b31cp+26, 0x1.f2bd328p+26, 0x1.d49e974p+26, 
0x1.fce50ep+26, 0x1.1bd7836p+27, 0x1.0289584p+27, 0x1.1331d6ap+27, 
0x1.26b25fcp+27, 0x1.0ddf41p+27, 0x1.cdcd4acp+26, 0x1.a9e1448p+26, 
0x1.cab0524p+26, 0x1.c45eefp+26, 0x1.105a4fep+27, 0x1.174e9bcp+27, 
0x1.3e770eap+27, 0x1.37ecfc2p+27, 0x1.6524976p+27, 0x1.b50bf5ep+27, 
0x1.79d27fap+27, 0x1.454c02ep+27, 0x1.5a85f56p+27, 0x1.2158c0ap+27, 
0x1.14ac71cp+27, 0x1.3df50a2p+27, 0x1.60b39b8p+27, 0x1.74c7468p+27, 
0x1.983060cp+27, 0x1.6e2bcbp+27, 0x1.6bda6dap+27, 0x1.57b7f64p+27, 
0x1.2d91488p+27, 0x1.0ce926ep+27, 0x1.48e3fa4p+27, 0x1.141a9cap+27, 
0x1.7415fep+26, 0x1.1530ddp+26, 0x1.2746bf8p+26, 0x1.6ac0eep+26, 
0x1.a413068p+26, 0x1.8408df8p+26, 0x1.7bc8c38p+26, 0x1.b495dc8p+26, 
0x1.b7512d4p+26, 0x1.b6347c8p+26, 0x1.67bd964p+26, 0x1.71a99fcp+26, 
0x1.b237c34p+26, 0x1.ec890ep+26, 0x1.f56f048p+26, 0x1.1fbe5ep+27, 
0x1.5e8cb7cp+27, 0x1.8ec6342p+27, 0x1.9fcf2f4p+27, 0x1.3a5ee0cp+28, 
0x1.47dfaf3p+28, 0x1.8a470b9p+28, 0x1.6858c94p+28, 0x1.4bd1656p+28, 
0x1.b318683p+28, 0x1.5ae5e52p+28, 0x1.aca2b68p+28, 0x1.da187e2p+28, 
0x1.1a7f006p+29, 0x1.3e84bd8p+29, 0x1.34b5c2cp+29, 0x1.d9dedeep+28, 
