structure(list(period_id = c("2000", "2001", "2002", "2003", 
"2004", "2005", "2006", "2007", "2008", "2009", "2010", "2011", 
"2012", "2013", "2014", "2015", "2016", "2017", "2018", "2019", 
"2020", "2021", "2022"), value = c(0x1.1901100e6afcdp+10, 0x1.345c144cbe1ebp+10, 
0x1.4bd187a8d64d8p+10, 0x1.4994cf28c79f6p+10, 0x1.91ad794a6eb92p+10, 
0x1.e53e0d1fa3337p+10, 0x1.fe062962cfd8fp+10, 0x1.2b5058537e2c5p+11, 
0x1.549c33fa6defcp+11, 0x1.15deb90ea9e6fp+11, 0x1.ddbeeba27ae9bp+10, 
0x1.d34d4a3c64346p+10, 0x1.a66b6848beb5bp+10, 0x1.72956cb535009p+10, 
0x1.6455e5a78f25ap+10, 0x1.739a55d5f56a8p+10, 0x1.6e3659ff4fd6dp+10, 
0x1.a9875c70435fp+10, 0x1.ca5b29b280f13p+10, 0x1.170d7ddca4b12p+11, 
0x1.f2a8116a8b8f1p+10, 0x1.29d7b4e54f7a9p+11, 0x1.6695801711948p+11
)), class = "data.frame", row.names = c(NA, -23L))
