structure(list(period_id = c("2000M01", "2000M02", "2000M03", 
"2000M04", "2000M05", "2000M06", "2000M07", "2000M08", "2000M09", 
"2000M10", "2000M11", "2000M12", "2001M01", "2001M02", "2001M03", 
"2001M04", "2001M05", "2001M06", "2001M07", "2001M08", "2001M09", 
"2001M10", "2001M11", "2001M12", "2002M01", "2002M02", "2002M03", 
"2002M04", "2002M05", "2002M06", "2002M07", "2002M08", "2002M09", 
"2002M10", "2002M11", "2002M12", "2003M01", "2003M02", "2003M03", 
"2003M04", "2003M05", "2003M06", "2003M07", "2003M08", "2003M09", 
"2003M10", "2003M11", "2003M12", "2004M01", "2004M02", "2004M03", 
"2004M04", "2004M05", "2004M06", "2004M07", "2004M08", "2004M09", 
"2004M10", "2004M11", "2004M12", "2005M01", "2005M02", "2005M03", 
"2005M04", "2005M05", "2005M06", "2005M07", "2005M08", "2005M09", 
"2005M10", "2005M11", "2005M12", "2006M01", "2006M02", "2006M03", 
"2006M04", "2006M05", "2006M06", "2006M07", "2006M08", "2006M09", 
"2006M10", "2006M11", "2006M12", "2007M01", "2007M02", "2007M03", 
"2007M04", "2007M05", "2007M06", "2007M07", "2007M08", "2007M09", 
"2007M10", "2007M11", "2007M12", "2008M01", "2008M02", "2008M03", 
"2008M04", "2008M05", "2008M06", "2008M07", "2008M08", "2008M09", 
"2008M10", "2008M11", "2008M12", "2009M01", "2009M02", "2009M03", 
"2009M04", "2009M05", "2009M06", "2009M07", "2009M08", "2009M09", 
"2009M10", "2009M11", "2009M12", "2010M01", "2010M02", "2010M03", 
"2010M04", "2010M05", "2010M06", "2010M07", "2010M08", "2010M09", 
"2010M10", "2010M11", "2010M12", "2011M01", "2011M02", "2011M03", 
"2011M04", "2011M05", "2011M06", "2011M07", "2011M08", "2011M09", 
"2011M10", "2011M11", "2011M12", "2012M01", "2012M02", "2012M03", 
"2012M04", "2012M05", "2012M06", "2012M07", "2012M08", "2012M09", 
"2012M10", "2012M11", "2012M12", "2013M01", "2013M02", "2013M03", 
"2013M04", "2013M05", "2013M06", "2013M07", "2013M08", "2013M09", 
"2013M10", "2013M11", "2013M12", "2014M01", "2014M02", "2014M03", 
"2014M04", "2014M05", "2014M06", "2014M07", "2014M08", "2014M09", 
"2014M10", "2014M11", "2014M12", "2015M01", "2015M02", "2015M03", 
"2015M04", "2015M05", "2015M06", "2015M07", "2015M08", "2015M09", 
"2015M10", "2015M11", "2015M12", "2016M01", "2016M02", "2016M03", 
"2016M04", "2016M05", "2016M06", "2016M07", "2016M08", "2016M09", 
"2016M10", "2016M11", "2016M12", "2017M01", "2017M02", "2017M03", 
"2017M04", "2017M05", "2017M06", "2017M07", "2017M08", "2017M09", 
"2017M10", "2017M11", "2017M12", "2018M01", "2018M02", "2018M03", 
"2018M04", "2018M05", "2018M06", "2018M07", "2018M08", "2018M09", 
"2018M10", "2018M11", "2018M12", "2019M01", "2019M02", "2019M03", 
"2019M04", "2019M05", "2019M06", "2019M07", "2019M08", "2019M09", 
"2019M10", "2019M11", "2019M12", "2020M01", "2020M02", "2020M03", 
"2020M04", "2020M05", "2020M06", "2020M07", "2020M08", "2020M09", 
"2020M10", "2020M11", "2020M12", "2021M01", "2021M02", "2021M03", 
"2021M04", "2021M05", "2021M06", "2021M07", "2021M08", "2021M09", 
"2021M10", "2021M11", "2021M12", "2022M01", "2022M02", "2022M03", 
"2022M04", "2022M05", "2022M06", "2022M07", "2022M08", "2022M09", 
"2022M10", "2022M11", "2022M12", "2023M01", "2023M02", "2023M03", 
"2023M04", "2023M05", "2023M06", "2023M07", "2023M08", "2023M09", 
"2023M10", "2023M11", "2023M12", "2024M01", "2024M02", "2024M03", 
"2024M04", "2024M05", "2024M06", "2024M07", "2024M08", "2024M09", 
"2024M10", "2024M11", "2024M12", "2025M01", "2025M02", "2025M03", 
"2025M04", "2025M05"), value = c(0x1.8ca77d106a8e8p+3, 0x1.880509cdb9535p+3, 
0x1.820ebd1fef67bp+3, 0x1.7e1e08d119f64p+3, 0x1.7a6e0c88b4d2bp+3, 
0x1.78aa99a538c14p+3, 0x1.761565b72807cp+3, 0x1.712404e31fc04p+3, 
0x1.6d6cb07271c27p+3, 0x1.6d449adc029cap+3, 0x1.6c8925dcfa392p+3, 
0x1.6b7e7a8933596p+3, 0x1.699b1b4ebbbp+3, 0x1.6903fefd290d6p+3, 
0x1.6a07afaeee0d6p+3, 0x1.69e882aa89a3bp+3, 0x1.68127eeeb1e3ep+3, 
0x1.651399fdd0d22p+3, 0x1.62fb76ba0f14fp+3, 0x1.6191aefe48756p+3, 
0x1.62de12ac5a83fp+3, 0x1.641772420aa9cp+3, 0x1.68889220053e9p+3, 
0x1.6b1cf7ac7b3fep+3, 0x1.68f7f7d492175p+3, 0x1.67bc521a6cd86p+3, 
0x1.68596478babf3p+3, 0x1.69990204d2ae4p+3, 0x1.6a8e9ce6b2e54p+3, 
0x1.6ab85927306ap+3, 0x1.6a0ab45951218p+3, 0x1.6b472dee294aap+3, 
0x1.6bf89c3489d57p+3, 0x1.691a6ecb2a8e4p+3, 0x1.63740f433f518p+3, 
0x1.5e1319654efbfp+3, 0x1.5ee6f6e8ed69cp+3, 0x1.5ec9cb12f2d2cp+3, 
0x1.5d397a463f809p+3, 0x1.5b2df31207da9p+3, 0x1.5b05edcc66b52p+3, 
0x1.5bab44596cd05p+3, 0x1.5d3bda2da91a2p+3, 0x1.5fd52863b42b4p+3, 
0x1.5e8d1d0d85a63p+3, 0x1.59af5b544498fp+3, 0x1.5552b95501ad1p+3, 
0x1.551187f78a6d6p+3, 0x1.55200dd4ce636p+3, 0x1.545252c3878f3p+3, 
0x1.52e5086374a74p+3, 0x1.4edc62e03f464p+3, 0x1.4c136869d08dp+3, 
0x1.4883933ba88d7p+3, 0x1.46114cde13cffp+3, 0x1.459cfd6badac8p+3, 
0x1.45356b2537d78p+3, 0x1.43c8481fc8efep+3, 0x1.425d8ac4760c8p+3, 
0x1.41e0a9c5d0964p+3, 0x1.412f7c2b447ddp+3, 0x1.41f69339f91e3p+3, 
0x1.43cf18c434e86p+3, 0x1.448a75a8d9f01p+3, 0x1.4416ba385d3ebp+3, 
0x1.44931820093e7p+3, 0x1.45463171ae601p+3, 0x1.44fe7f1dcfb9ap+3, 
0x1.464e7da2c0984p+3, 0x1.486a25072e594p+3, 0x1.494588e7287f4p+3, 
0x1.459c914c64836p+3, 0x1.43f10635fd7c9p+3, 0x1.42298aa91b1f3p+3, 
0x1.3e8c32b27af52p+3, 0x1.3bfa15eb2ddf1p+3, 0x1.3742902847184p+3, 
0x1.32617871b112ap+3, 0x1.2ee054ddfc185p+3, 0x1.28d232340aabdp+3, 
0x1.21613c4fdd609p+3, 0x1.1aadb65503de7p+3, 0x1.14cad7a71e031p+3, 
0x1.10dde12bc8629p+3, 0x1.0b67d059758bap+3, 0x1.0530d1c2e6a54p+3, 
0x1.fe6d50103cd1dp+2, 0x1.f7840e383f033p+2, 0x1.f2fa481b3c44p+2, 
0x1.edc11a5049dd5p+2, 0x1.e9817f1169b67p+2, 0x1.e434f620e2499p+2, 
0x1.de92e1b38fe79p+2, 0x1.db1fd19ee22b8p+2, 0x1.d74b6ec329628p+2, 
0x1.d08151659a324p+2, 0x1.c0eb3e5b09a07p+2, 0x1.b4ccf622857e2p+2, 
0x1.ad375a37ccbedp+2, 0x1.a6d2f76327d5ap+2, 0x1.a6386693b4e1bp+2, 
0x1.a7ace3aa31d7p+2, 0x1.a7ec0aa7a53e2p+2, 0x1.a92b4964cc80dp+2, 
0x1.a8fc2bd2c483ep+2, 0x1.a9b83be52bf16p+2, 0x1.b11bf0e619a9ep+2, 
0x1.bf7f4cada22dcp+2, 0x1.da6848a188be6p+2, 0x1.f4bb6f350983p+2, 
0x1.07dfc73480dcep+3, 0x1.151b65c7287efp+3, 0x1.20446610aa384p+3, 
0x1.2980da1b1feafp+3, 0x1.2eb3162586c89p+3, 0x1.32021b9406f65p+3, 
0x1.388db3c7c34a7p+3, 0x1.4176200d7cc2ap+3, 0x1.45bafb663762dp+3, 
0x1.46185eee60033p+3, 0x1.461983d38bf5fp+3, 0x1.482a78632846ap+3, 
0x1.4bbc645efffc2p+3, 0x1.5051cfb755754p+3, 0x1.543968d6b1791p+3, 
0x1.567c6d6d55654p+3, 0x1.57926c750f1bep+3, 0x1.5beda74b1c99ap+3, 
0x1.5d817bc946725p+3, 0x1.601fe025ab11bp+3, 0x1.64616c4af36dap+3, 
0x1.75b278f35e154p+3, 0x1.776f67be7e21ap+3, 0x1.7a773d7df17b2p+3, 
0x1.7ca23fc828c75p+3, 0x1.7a838cc636076p+3, 0x1.7864c470020d8p+3, 
0x1.7834b4b8e4f9cp+3, 0x1.792a614dc5ec4p+3, 0x1.7b129c98635cdp+3, 
0x1.7e73576ce37bcp+3, 0x1.7eb3ae52f20dbp+3, 0x1.7e9c6870db9ccp+3, 
0x1.7ce3f791ec645p+3, 0x1.7ac4e4522829dp+3, 0x1.7964b3ae9123ap+3, 
0x1.761f85ebcdc44p+3, 0x1.76948a1dc049p+3, 0x1.7875063d8f6e5p+3, 
0x1.7b2e8a05e8c94p+3, 0x1.7f49e181812d1p+3, 0x1.7fb1f7290bb14p+3, 
0x1.828832a1f1acfp+3, 0x1.8754eff0a2e9fp+3, 0x1.89b0dae6355f1p+3, 
0x1.96ef267762c08p+3, 0x1.9a770f61830a7p+3, 0x1.9d0635e3bd899p+3, 
0x1.a1f8f66b91838p+3, 0x1.a54737f2bd9efp+3, 0x1.a53e1737d8e73p+3, 
0x1.a49ec86850183p+3, 0x1.a58d4cefe5a19p+3, 0x1.a6ebb0d1c0361p+3, 
0x1.a653613067aeap+3, 0x1.a5beadd665188p+3, 0x1.a6836b614bb35p+3, 
0x1.a941c5cc5d6f3p+3, 0x1.ace1f41f4229bp+3, 0x1.aee96f158f3cep+3, 
0x1.aeac8daada87dp+3, 0x1.aa93d3fca9dddp+3, 0x1.a669f3c8c2937p+3, 
0x1.a3e189d618fb4p+3, 0x1.9fd1dcfdba598p+3, 0x1.9d64a7475cfcep+3, 
0x1.9bff64c97b3a8p+3, 0x1.9a76626e2f255p+3, 0x1.97fd6e529d41dp+3, 
0x1.96a6e2299c723p+3, 0x1.94ee55916f41fp+3, 0x1.91bf2c877e17bp+3, 
0x1.8f195f408c08bp+3, 0x1.8ec37e9d7a3c3p+3, 0x1.8e6eabdd76155p+3, 
0x1.8c7531ce3e757p+3, 0x1.8957cb055ea61p+3, 0x1.859c6f7b9cbf5p+3, 
0x1.816ef695655aep+3, 0x1.7ec0baca69d5ep+3, 0x1.7d82727c563dp+3, 
0x1.8087f9c65414bp+3, 0x1.808557f5a0f71p+3, 0x1.7c3a0bd890ce8p+3, 
0x1.75805fe4f9c3cp+3, 0x1.6eeb9daac284p+3, 0x1.6ad000b30d6aap+3, 
0x1.6756a8880593dp+3, 0x1.6360c0bd5471p+3, 0x1.5fca3322f24dfp+3, 
0x1.5bed2db044f8cp+3, 0x1.57984b51d9187p+3, 0x1.53d173952b159p+3, 
