structure(list(period_id = c("2008Q1", "2008Q2", "2008Q3", "2008Q4", 
"2009Q1", "2009Q2", "2009Q3", "2009Q4", "2010Q1", "2010Q2", "2010Q3", 
"2010Q4", "2011Q1", "2011Q2", "2011Q3", "2011Q4", "2012Q1", "2012Q2", 
"2012Q3", "2012Q4", "2013Q1", "2013Q2", "2013Q3", "2013Q4", "2014Q1", 
"2014Q2", "2014Q3", "2014Q4", "2015Q1", "2015Q2", "2015Q3", "2015Q4", 
"2016Q1", "2016Q2", "2016Q3", "2016Q4", "2017Q1", "2017Q2", "2017Q3", 
"2017Q4", "2018Q1", "2018Q2", "2018Q3", "2018Q4", "2019Q1", "2019Q2", 
"2019Q3", "2019Q4", "2020Q1", "2020Q2", "2020Q3", "2020Q4", "2021Q1", 
"2021Q2", "2021Q3", "2021Q4", "2022Q1", "2022Q2", "2022Q3", "2022Q4", 
"2023Q1", "2023Q2", "2023Q3", "2023Q4", "2024Q1", "2024Q2", "2024Q3", 
"2024Q4"), value = c(0x1.6666666666666p+2, 0x1.ap+2, 0x1.c666666666666p+2, 
0x1.8cccccccccccdp+2, 0x1.8666666666666p+2, 0x1.f99999999999ap+2, 
0x1.2666666666666p+3, 0x1.d333333333333p+2, 0x1.ap+2, 0x1.b99999999999ap+2, 
0x1.0333333333333p+3, 0x1.e666666666666p+2, 0x1.b333333333333p+2, 
0x1.9333333333333p+2, 0x1.8666666666666p+2, 0x1.799999999999ap+2, 
0x1.6666666666666p+2, 0x1.4cccccccccccdp+2, 0x1.1333333333333p+2, 
0x1.399999999999ap+2, 0x1.0666666666666p+2, 0x1.3333333333333p+2, 
0x1.4p+2, 0x1.8cccccccccccdp+2, 0x1.6p+2, 0x1.f333333333333p+2, 
0x1.cp+2, 0x1.ap+2, 0x1.1333333333333p+2, 0x1.2cccccccccccdp+2, 
0x1.0cccccccccccdp+2, 0x1.ccccccccccccdp+1, 0x1.7333333333333p+1, 
0x1.8cccccccccccdp+1, 0x1.e666666666666p+1, 0x1.8p+1, 0x1.0666666666666p+2, 
0x1.ccccccccccccdp+1, 0x1.f333333333333p+1, 0x1.1333333333333p+2, 
0x1.3333333333333p+2, 0x1.4666666666666p+2, 0x1.399999999999ap+2, 
0x1.d99999999999ap+1, 0x1.ccccccccccccdp+1, 0x1.8cccccccccccdp+1, 
0x1.4cccccccccccdp+1, 0x1.7333333333333p+1, 0x1.8p+1, 0x1.999999999999ap+1, 
0x1.b333333333333p+1, 0x1.8cccccccccccdp+1, 0x1.ccccccccccccdp+1, 
0x1.199999999999ap+2, 0x1.3333333333333p+2, 0x1.2p+2, 0x1.2666666666666p+2, 
0x1.4cccccccccccdp+2, 0x1.3333333333333p+2, 0x1.3333333333333p+2, 
0x1.0cccccccccccdp+2, 0x1.4p+2, 0x1.399999999999ap+2, 0x1.4666666666666p+2, 
0x1.1333333333333p+2, 0x1.2666666666666p+2, 0x1.399999999999ap+2, 
0x1.2666666666666p+2)), class = "data.frame", row.names = c(NA, 
-68L))
