structure(list(period_id = c("2000", "2001", "2002", "2003", 
"2004", "2005", "2006", "2007", "2008", "2009", "2010", "2011", 
"2012", "2013", "2014", "2015", "2016", "2017", "2018", "2019", 
"2020", "2021", "2022"), value = c(0x1.7cb461e0c5a81p+9, 0x1.c8e77da61e0c6p+9, 
0x1.d3f1209edbf8cp+9, 0x1.f809f47735c18p+9, 0x1.1b185d9e40c84p+10, 
0x1.39eeb4d48882fp+10, 0x1.680e41461b6d4p+10, 0x1.a48cc804103p+10, 
0x1.d1cce5f7403dep+10, 0x1.d01514727dcbep+10, 0x1.d099cb8173322p+10, 
0x1.6bac917939a7cp+10, 0x1.7069f398e9707p+10, 0x1.819bbbdbe3c1p+10, 
0x1.d67c920c069e8p+10, 0x1.cbde1e03f7058p+10, 0x1.4b8b54a3c6434p+10, 
0x1.473ee37154003p+10, 0x1.a8d3c36976bc2p+10, 0x1.c58b68d32830ap+10, 
0x1.ba388298cc144p+10, 0x1.17a0995464dc2p+11, 0x1.5c7af4b61fe22p+11
)), class = "data.frame", row.names = c(NA, -23L))
