structure(list(period_id = c("1995Q1", "1995Q2", "1995Q3", "1995Q4", 
"1996Q1", "1996Q2", "1996Q3", "1996Q4", "1997Q1", "1997Q2", "1997Q3", 
"1997Q4", "1998Q1", "1998Q2", "1998Q3", "1998Q4", "1999Q1", "1999Q2", 
"1999Q3", "1999Q4", "2000Q1", "2000Q2", "2000Q3", "2000Q4", "2001Q1", 
"2001Q2", "2001Q3", "2001Q4", "2002Q1", "2002Q2", "2002Q3", "2002Q4", 
"2003Q1", "2003Q2", "2003Q3", "2003Q4", "2004Q1", "2004Q2", "2004Q3", 
"2004Q4", "2005Q1", "2005Q2", "2005Q3", "2005Q4", "2006Q1", "2006Q2", 
"2006Q3", "2006Q4", "2007Q1", "2007Q2", "2007Q3", "2007Q4", "2008Q1", 
"2008Q2", "2008Q3", "2008Q4", "2009Q1", "2009Q2", "2009Q3", "2009Q4", 
"2010Q1", "2010Q2", "2010Q3", "2010Q4", "2011Q1", "2011Q2", "2011Q3", 
"2011Q4", "2012Q1", "2012Q2", "2012Q3", "2012Q4", "2013Q1", "2013Q2", 
"2013Q3", "2013Q4", "2014Q1", "2014Q2", "2014Q3", "2014Q4", "2015Q1", 
"2015Q2", "2015Q3", "2015Q4", "2016Q1", "2016Q2", "2016Q3", "2016Q4", 
"2017Q1", "2017Q2", "2017Q3", "2017Q4", "2018Q1", "2018Q2", "2018Q3", 
"2018Q4", "2019Q1", "2019Q2", "2019Q3", "2019Q4", "2020Q1", "2020Q2", 
"2020Q3", "2020Q4", "2021Q1", "2021Q2", "2021Q3", "2021Q4", "2022Q1", 
"2022Q2", "2022Q3", "2022Q4", "2023Q1", "2023Q2", "2023Q3", "2023Q4", 
"2024Q1", "2024Q2", "2024Q3", "2024Q4"), value = c(0x1.6be4ccccccccdp+15, 
0x1.7295ccccccccdp+15, 0x1.7cf4666666666p+15, 0x1.817a333333333p+15, 
0x1.89b099999999ap+15, 0x1.9197666666666p+15, 0x1.9605333333333p+15, 
0x1.880d666666666p+15, 0x1.a042p+15, 0x1.a609p+15, 0x1.a793666666666p+15, 
0x1.aee6p+15, 0x1.b74ep+15, 0x1.b751ccccccccdp+15, 0x1.bb99ccccccccdp+15, 
0x1.bd0bccccccccdp+15, 0x1.c09599999999ap+15, 0x1.ca1ep+15, 0x1.d34c99999999ap+15, 
0x1.da6fccccccccdp+15, 0x1.dddp+15, 0x1.e309666666666p+15, 0x1.e49ap+15, 
0x1.edb199999999ap+15, 0x1.ebc0ccccccccdp+15, 0x1.ea5099999999ap+15, 
0x1.eca9333333333p+15, 0x1.ec52333333333p+15, 0x1.ef71333333333p+15, 
0x1.f2bd99999999ap+15, 0x1.f77e333333333p+15, 0x1.fa0899999999ap+15, 
0x1.fc2c333333333p+15, 0x1.0252ccccccccdp+16, 0x1.05a819999999ap+16, 
0x1.07b319999999ap+16, 0x1.0df019999999ap+16, 0x1.10304cccccccdp+16, 
0x1.100b4cccccccdp+16, 0x1.12b399999999ap+16, 0x1.14398p+16, 
0x1.1581p+16, 0x1.1a80e66666666p+16, 0x1.1f95e66666666p+16, 0x1.2414333333333p+16, 
0x1.2add8p+16, 0x1.2fbd333333333p+16, 0x1.2b8bccccccccdp+16, 
0x1.37e44cccccccdp+16, 0x1.3bf78p+16, 0x1.417fp+16, 0x1.45ea99999999ap+16, 
0x1.4b14ccccccccdp+16, 0x1.4ce5b33333333p+16, 0x1.4cc6e66666666p+16, 
0x1.4d5cccccccccdp+16, 0x1.514dccccccccdp+16, 0x1.5212333333333p+16, 
0x1.54a799999999ap+16, 0x1.5a7ee66666666p+16, 0x1.593e666666666p+16, 
0x1.5e61e66666666p+16, 0x1.628p+16, 0x1.6570e66666666p+16, 0x1.6bdde66666666p+16, 
0x1.7077666666666p+16, 0x1.74c7p+16, 0x1.783bb33333333p+16, 0x1.7908e66666666p+16, 
0x1.7833333333333p+16, 0x1.7861e66666666p+16, 0x1.77fc666666666p+16, 
0x1.76f44cccccccdp+16, 0x1.79ca4cccccccdp+16, 0x1.7c8ee66666666p+16, 
0x1.7eb019999999ap+16, 0x1.83ce4cccccccdp+16, 0x1.8833ccccccccdp+16, 
0x1.8b6299999999ap+16, 0x1.8ec119999999ap+16, 0x1.9546b33333333p+16, 
0x1.9796b33333333p+16, 0x1.9d0a19999999ap+16, 0x1.a08bb33333333p+16, 
0x1.9fcdb33333333p+16, 0x1.a5efp+16, 0x1.a86499999999ap+16, 0x1.b09a19999999ap+16, 
0x1.b5aa333333333p+16, 0x1.b9f9ccccccccdp+16, 0x1.c09accccccccdp+16, 
0x1.c6fb4cccccccdp+16, 0x1.cfff333333333p+16, 0x1.d6c84cccccccdp+16, 
0x1.dcbb8p+16, 0x1.e16399999999ap+16, 0x1.e86019999999ap+16, 
0x1.ecea19999999ap+16, 0x1.f0cab33333333p+16, 0x1.f456333333333p+16, 
0x1.f758ccccccccdp+16, 0x1.ca0eb33333333p+16, 0x1.e825ccccccccdp+16, 
0x1.e8d84cccccccdp+16, 0x1.f44f4cccccccdp+16, 0x1.008359999999ap+17, 
0x1.05ccp+17, 0x1.0b0559999999ap+17, 0x1.13d7666666666p+17, 0x1.10c5266666666p+17, 
0x1.1243e66666666p+17, 0x1.0dcd4p+17, 0x1.10810cccccccdp+17, 
0x1.0ed0266666666p+17, 0x1.13e5333333333p+17, 0x1.12fc99999999ap+17, 
0x1.1535cp+17, 0x1.1945e66666666p+17, 0x1.198f4cccccccdp+17, 
0x1.1d918cccccccdp+17)), class = "data.frame", row.names = c(NA, 
-120L))
