structure(list(period_id = c("2014", "2015", "2016", "2017", 
"2018", "2019", "2020", "2021", "2022", "2023"), value = c(0x1.5f94be767e9bfp+14, 
0x1.665199f440d18p+14, 0x1.757d8b7bee236p+14, 0x1.8789e35ec32efp+14, 
0x1.9fa452ab33f42p+14, 0x1.bb5963ab19d5bp+14, 0x1.cf1abcaf32d72p+14, 
0x1.f0fddeccfffbep+14, 0x1.127f9d8d8553ep+15, 0x1.2991e103db8c1p+15
)), class = "data.frame", row.names = c(NA, -10L))
