structure(list(period_id = c("1995Q1", "1995Q2", "1995Q3", "1995Q4", 
"1996Q1", "1996Q2", "1996Q3", "1996Q4", "1997Q1", "1997Q2", "1997Q3", 
"1997Q4", "1998Q1", "1998Q2", "1998Q3", "1998Q4", "1999Q1", "1999Q2", 
"1999Q3", "1999Q4", "2000Q1", "2000Q2", "2000Q3", "2000Q4", "2001Q1", 
"2001Q2", "2001Q3", "2001Q4", "2002Q1", "2002Q2", "2002Q3", "2002Q4", 
"2003Q1", "2003Q2", "2003Q3", "2003Q4", "2004Q1", "2004Q2", "2004Q3", 
"2004Q4", "2005Q1", "2005Q2", "2005Q3", "2005Q4", "2006Q1", "2006Q2", 
"2006Q3", "2006Q4", "2007Q1", "2007Q2", "2007Q3", "2007Q4", "2008Q1", 
"2008Q2", "2008Q3", "2008Q4", "2009Q1", "2009Q2", "2009Q3", "2009Q4", 
"2010Q1", "2010Q2", "2010Q3", "2010Q4", "2011Q1", "2011Q2", "2011Q3", 
"2011Q4", "2012Q1", "2012Q2", "2012Q3", "2012Q4", "2013Q1", "2013Q2", 
"2013Q3", "2013Q4", "2014Q1", "2014Q2", "2014Q3", "2014Q4", "2015Q1", 
"2015Q2", "2015Q3", "2015Q4", "2016Q1", "2016Q2", "2016Q3", "2016Q4", 
"2017Q1", "2017Q2", "2017Q3", "2017Q4", "2018Q1", "2018Q2", "2018Q3", 
"2018Q4", "2019Q1", "2019Q2", "2019Q3", "2019Q4", "2020Q1", "2020Q2", 
"2020Q3", "2020Q4", "2021Q1", "2021Q2", "2021Q3", "2021Q4", "2022Q1", 
"2022Q2", "2022Q3", "2022Q4", "2023Q1", "2023Q2", "2023Q3", "2023Q4", 
"2024Q1", "2024Q2", "2024Q3"), value = c(NA, NA, NA, NA, 0x1.c80b3e425aee6p+10, 
0x1.ff923c85c24c4p+10, 0x1.d3414b6e935b9p+10, 0x1.f1f91c25d0742p+10, 
0x1.f5be3b3636f3bp+10, 0x1.2905a76534374p+11, 0x1.0466ff5c6c11ap+11, 
0x1.1fa0aa66dbd73p+11, 0x1.275d5ebd9018ep+11, 0x1.3454933e35c5bp+11, 
0x1.1d9539756c93ap+11, 0x1.44a4051a8694p+11, 0x1.320e111ada76ep+11, 
0x1.7694c7f349386p+11, 0x1.22f63af74cd31p+11, 0x1.5f052a21a719bp+11, 
0x1.57413393ab431p+11, 0x1.6949438d1d8a5p+11, 0x1.5680f8ca8198fp+11, 
0x1.6c6f626d4801fp+11, 0x1.62fa4d4aa10ep+11, 0x1.761ddd4845133p+11, 
0x1.63f9ce48626f6p+11, 0x1.7c162c625e99fp+11, 0x1.6fe42aa9f7b5bp+11, 
0x1.88f7155f7835ap+11, 0x1.76ad621d96e9cp+11, 0x1.96010c49ba5e3p+11, 
0x1.852e24bfd2e94p+11, 0x1.a239e175d13d7p+11, 0x1.94bbc23315d7p+11, 
0x1.b6584896dd26bp+11, 0x1.a9af3b6ed6777p+11, 0x1.f45c12c27a637p+11, 
0x1.d7bab92189bd8p+11, 0x1.006180a17b0f7p+12, 0x1.d3c63a14cec42p+11, 
0x1.0071e09cc319cp+12, 0x1.f9287bd48cb4bp+11, 0x1.1c74890e66cb1p+12, 
0x1.0f31db5c7cd8ap+12, 0x1.1d7a1d92b7fe1p+12, 0x1.18541c4c9c90cp+12, 
0x1.43020b61fe21ep+12, 0x1.3d629a6506141p+12, 0x1.53e7c5f4a1273p+12, 
0x1.505865d8d79d1p+12, 0x1.65ad1f6fd21ffp+12, 0x1.59f4976bc1fp+12, 
0x1.70b7ecf52b90ap+12, 0x1.5d0afa190082p+12, 0x1.4a98da2b5a20ep+12, 
0x1.07d1847e49b2p+12, 0x1.106ab2031ceafp+12, 0x1.177044230fcf8p+12, 
0x1.2defcd39da166p+12, 0x1.1aac40baa582ep+12, 0x1.2fa7ac2bd7f52p+12, 
0x1.26c06f36ef805p+12, 0x1.4503a17093101p+12, 0x1.390303fa2ad3fp+12, 
0x1.45ae8cee5abc1p+12, 0x1.395c21d6494d5p+12, 0x1.4252f62845996p+12, 
0x1.37d9fa5b0ff11p+12, 0x1.35cfa4f8726dp+12, 0x1.23de9e093532ep+12, 
0x1.362e5986b9c3p+12, 0x1.33cbd4ca925ffp+12, 0x1.3f16391f70de9p+12, 
0x1.2f080cd749279p+12, 0x1.45113fcdab192p+12, 0x1.3d12ac679cc75p+12, 
0x1.41db97646ae3ap+12, 0x1.41f97dea465a5p+12, 0x1.52d72805a2d73p+12, 
0x1.504c2f8f04146p+12, 0x1.568f0f9b13166p+12, 0x1.53566d234eb9ap+12, 
0x1.695462dc6e2a8p+12, 0x1.61d733fb7a5f4p+12, 0x1.77c2c62f5989ep+12, 
0x1.6a825dbb9cf9ap+12, 0x1.7fdaa8d002e23p+12, 0x1.88c732c5197a2p+12, 
0x1.98493863beec4p+12, 0x1.90c1715f88fc9p+12, 0x1.b0161d56f32bep+12, 
0x1.af18e00d1b717p+12, 0x1.b8eeb3ba775fbp+12, 0x1.a64b56adf71ebp+12, 
0x1.ccc633eff195p+12, 0x1.c36fcd551d68cp+12, 0x1.d622680e0653p+12, 
0x1.cd7567e308787p+12, 0x1.cb9d0daa0cae6p+12, 0x1.bd98efc58ab93p+12, 
0x1.6b0f851654d62p+12, 0x1.9cd193e4ef028p+12, 0x1.cf17e79aae6c9p+12, 
0x1.cc021a0275254p+12, 0x1.f2140115df655p+12, 0x1.deb643fc43b2ep+12, 
0x1.0d23f525cc426p+13, 0x1.07e92ffd1dcd7p+13, 0x1.0d899093964a6p+13, 
0x1.0aa2c0ec7432p+13, 0x1.078cd043e5322p+13, 0x1.038feebaade65p+13, 
0x1.006b7b05faebcp+13, 0x1.d4cb86d82ba5ap+12, 0x1.00cd3b7739f34p+13, 
0x1.05deb461309c8p+13, 0x1.0d376ad4f5904p+13, 0x1.f3f7ed2bb2357p+12
)), class = "data.frame", row.names = c(NA, -119L))
