structure(list(period_id = c("1995Q1", "1995Q2", "1995Q3", "1995Q4", 
"1996Q1", "1996Q2", "1996Q3", "1996Q4", "1997Q1", "1997Q2", "1997Q3", 
"1997Q4", "1998Q1", "1998Q2", "1998Q3", "1998Q4", "1999Q1", "1999Q2", 
"1999Q3", "1999Q4", "2000Q1", "2000Q2", "2000Q3", "2000Q4", "2001Q1", 
"2001Q2", "2001Q3", "2001Q4", "2002Q1", "2002Q2", "2002Q3", "2002Q4", 
"2003Q1", "2003Q2", "2003Q3", "2003Q4", "2004Q1", "2004Q2", "2004Q3", 
"2004Q4", "2005Q1", "2005Q2", "2005Q3", "2005Q4", "2006Q1", "2006Q2", 
"2006Q3", "2006Q4", "2007Q1", "2007Q2", "2007Q3", "2007Q4", "2008Q1", 
"2008Q2", "2008Q3", "2008Q4", "2009Q1", "2009Q2", "2009Q3", "2009Q4", 
"2010Q1", "2010Q2", "2010Q3", "2010Q4", "2011Q1", "2011Q2", "2011Q3", 
"2011Q4", "2012Q1", "2012Q2", "2012Q3", "2012Q4", "2013Q1", "2013Q2", 
"2013Q3", "2013Q4", "2014Q1", "2014Q2", "2014Q3", "2014Q4", "2015Q1", 
"2015Q2", "2015Q3", "2015Q4", "2016Q1", "2016Q2", "2016Q3", "2016Q4", 
"2017Q1", "2017Q2", "2017Q3", "2017Q4", "2018Q1", "2018Q2", "2018Q3", 
"2018Q4", "2019Q1", "2019Q2", "2019Q3", "2019Q4", "2020Q1", "2020Q2", 
"2020Q3", "2020Q4", "2021Q1", "2021Q2", "2021Q3", "2021Q4", "2022Q1", 
"2022Q2", "2022Q3", "2022Q4", "2023Q1", "2023Q2", "2023Q3", "2023Q4", 
"2024Q1", "2024Q2", "2024Q3", "2024Q4", "2025Q1", "2025Q2"), 
    value = c(0x1.6be9p+15, 0x1.7299ccccccccdp+15, 0x1.7cf8666666666p+15, 
    0x1.817e666666666p+15, 0x1.89b5p+15, 0x1.919bccccccccdp+15, 
    0x1.960999999999ap+15, 0x1.881199999999ap+15, 0x1.a046666666666p+15, 
    0x1.a60d666666666p+15, 0x1.a798p+15, 0x1.aeeaccccccccdp+15, 
    0x1.b752ccccccccdp+15, 0x1.b756666666666p+15, 0x1.bb9e99999999ap+15, 
    0x1.bd1099999999ap+15, 0x1.c09a99999999ap+15, 0x1.ca23p+15, 
    0x1.d35199999999ap+15, 0x1.da75p+15, 0x1.ddd5p+15, 0x1.e30e99999999ap+15, 
    0x1.e49f333333333p+15, 0x1.edb6ccccccccdp+15, 0x1.ebc6p+15, 
    0x1.ea56p+15, 0x1.ecae99999999ap+15, 0x1.ec5799999999ap+15, 
    0x1.ef7699999999ap+15, 0x1.f2c3p+15, 0x1.f78399999999ap+15, 
    0x1.fa0ep+15, 0x1.fc3199999999ap+15, 0x1.02558p+16, 0x1.05aae66666666p+16, 
    0x1.07b5e66666666p+16, 0x1.0df3p+16, 0x1.1033333333333p+16, 
    0x1.100e333333333p+16, 0x1.12b699999999ap+16, 0x1.143c8p+16, 
    0x1.1584p+16, 0x1.1a84p+16, 0x1.1f99p+16, 0x1.2417666666666p+16, 
    0x1.2ae0ccccccccdp+16, 0x1.2fc0666666666p+16, 0x1.2b8fp+16, 
    0x1.37e7b33333333p+16, 0x1.3bfbp+16, 0x1.41828p+16, 0x1.45ee19999999ap+16, 
    0x1.4b18666666666p+16, 0x1.4ce94cccccccdp+16, 0x1.4cca8p+16, 
    0x1.4d60666666666p+16, 0x1.5151666666666p+16, 0x1.5215e66666666p+16, 
    0x1.54ab4cccccccdp+16, 0x1.5a8299999999ap+16, 0x1.594219999999ap+16, 
    0x1.5e6599999999ap+16, 0x1.6283ccccccccdp+16, 0x1.6574b33333333p+16, 
    0x1.6be1e66666666p+16, 0x1.707b666666666p+16, 0x1.74cbp+16, 
    0x1.783fccccccccdp+16, 0x1.790dp+16, 0x1.7837333333333p+16, 
    0x1.7866p+16, 0x1.7800666666666p+16, 0x1.76f84cccccccdp+16, 
    0x1.79ce666666666p+16, 0x1.7c93p+16, 0x1.7eb44cccccccdp+16, 
    0x1.83d28p+16, 0x1.8838p+16, 0x1.8b66e66666666p+16, 0x1.8ec5666666666p+16, 
    0x1.954b19999999ap+16, 0x1.979b19999999ap+16, 0x1.9d0e99999999ap+16, 
    0x1.a090333333333p+16, 0x1.9fd2333333333p+16, 0x1.a5f399999999ap+16, 
    0x1.a869333333333p+16, 0x1.b09eccccccccdp+16, 0x1.b5aee66666666p+16, 
    0x1.b9fe99999999ap+16, 0x1.c09f99999999ap+16, 0x1.c700333333333p+16, 
    0x1.d004333333333p+16, 0x1.d6cd4cccccccdp+16, 0x1.dcc0b33333333p+16, 
    0x1.e168ccccccccdp+16, 0x1.e865666666666p+16, 0x1.ecef8p+16, 
    0x1.f0d019999999ap+16, 0x1.f45b99999999ap+16, 0x1.f75e333333333p+16, 
    0x1.ca1399999999ap+16, 0x1.e82b19999999ap+16, 0x1.e8dd99999999ap+16, 
    0x1.f454b33333333p+16, 0x1.008619999999ap+17, 0x1.05ced9999999ap+17, 
    0x1.0b084p+17, 0x1.13da4cccccccdp+17, 0x1.10c819999999ap+17, 
    0x1.1246e66666666p+17, 0x1.0dd04cccccccdp+17, 0x1.1083733333333p+17, 
    0x1.0ed3333333333p+17, 0x1.13e8b33333333p+17, 0x1.1300e66666666p+17, 
    0x1.1534ccccccccdp+17, 0x1.1949666666666p+17, 0x1.19950cccccccdp+17, 
    0x1.1d9a733333333p+17, 0x1.1f88266666666p+17, 0x1.21cccp+17
    )), class = "data.frame", row.names = c(NA, -122L))
