structure(list(period_id = c("1995Q1", "1995Q2", "1995Q3", "1995Q4", 
"1996Q1", "1996Q2", "1996Q3", "1996Q4", "1997Q1", "1997Q2", "1997Q3", 
"1997Q4", "1998Q1", "1998Q2", "1998Q3", "1998Q4", "1999Q1", "1999Q2", 
"1999Q3", "1999Q4", "2000Q1", "2000Q2", "2000Q3", "2000Q4", "2001Q1", 
"2001Q2", "2001Q3", "2001Q4", "2002Q1", "2002Q2", "2002Q3", "2002Q4", 
"2003Q1", "2003Q2", "2003Q3", "2003Q4", "2004Q1", "2004Q2", "2004Q3", 
"2004Q4", "2005Q1", "2005Q2", "2005Q3", "2005Q4", "2006Q1", "2006Q2", 
"2006Q3", "2006Q4", "2007Q1", "2007Q2", "2007Q3", "2007Q4", "2008Q1", 
"2008Q2", "2008Q3", "2008Q4", "2009Q1", "2009Q2", "2009Q3", "2009Q4", 
"2010Q1", "2010Q2", "2010Q3", "2010Q4", "2011Q1", "2011Q2", "2011Q3", 
"2011Q4", "2012Q1", "2012Q2", "2012Q3", "2012Q4", "2013Q1", "2013Q2", 
"2013Q3", "2013Q4", "2014Q1", "2014Q2", "2014Q3", "2014Q4", "2015Q1", 
"2015Q2", "2015Q3", "2015Q4", "2016Q1", "2016Q2", "2016Q3", "2016Q4", 
"2017Q1", "2017Q2", "2017Q3", "2017Q4", "2018Q1", "2018Q2", "2018Q3", 
"2018Q4", "2019Q1", "2019Q2", "2019Q3", "2019Q4", "2020Q1", "2020Q2", 
"2020Q3", "2020Q4", "2021Q1", "2021Q2", "2021Q3", "2021Q4", "2022Q1", 
"2022Q2", "2022Q3", "2022Q4", "2023Q1", "2023Q2", "2023Q3", "2023Q4", 
"2024Q1", "2024Q2", "2024Q3", "2024Q4"), value = c(0x1.38440df58c08bp+7, 
0x1.43abf22c01e69p+7, 0x1.499e1e92923e6p+7, 0x1.39007c84b5dccp+7, 
0x1.51fb461309c8p+7, 0x1.558f88765ba6fp+7, 0x1.686e4840e171ap+7, 
0x1.73e9f9f01b867p+7, 0x1.7a9dcbbc2b94ep+7, 0x1.7beda6e75ff61p+7, 
0x1.838efd438d1d9p+7, 0x1.acf0d4dc65c7p+7, 0x1.9b4e0e0eb67c3p+7, 
0x1.b30614df8b157p+7, 0x1.baa4df6987831p+7, 0x1.c7632031ceaf2p+7, 
0x1.dd60285ec3dabp+7, 0x1.e4a52f3c2dadcp+7, 0x1.f2d82602c9082p+7, 
0x1.fcf17b7414a4dp+7, 0x1.0255c725c3deep+8, 0x1.062be56473472p+8, 
0x1.0a03d8adab9f5p+8, 0x1.0f6e4e054690ep+8, 0x1.20275935fc3b5p+8, 
0x1.2450370cdc875p+8, 0x1.2a9d78a2a90cdp+8, 0x1.2e7a30db6a1e8p+8, 
0x1.2bdc5b7cfe586p+8, 0x1.33209b951c5c5p+8, 0x1.3b56f3e468cacp+8, 
0x1.453e466b1e5c1p+8, 0x1.4fd1d51b4fe7ap+8, 0x1.5550370cdc875p+8, 
0x1.5402f3b213e3ep+8, 0x1.573011a11233ep+8, 0x1.56db7318fc505p+8, 
0x1.57dd634549b63p+8, 0x1.5ce9363f572dep+8, 0x1.62a39d0a67621p+8, 
0x1.6594c8eef1bacp+8, 0x1.670bb6672fbap+8, 0x1.6cfb6af89c5e7p+8, 
0x1.6ca59008205ffp+8, 0x1.687ed0917d6b6p+8, 0x1.65caf2c732592p+8, 
0x1.61ee5f633ce64p+8, 0x1.6db0a3d70a3d7p+8, 0x1.8079f46ed245bp+8, 
0x1.9576098915bddp+8, 0x1.a292a1b5c7cd9p+8, 0x1.a10088d6d3b6dp+8, 
0x1.9e8dc8a7a41e5p+8, 0x1.a26a6394face6p+8, 0x1.a87e9f7b5aea3p+8, 
0x1.af47c7820a30ep+8, 0x1.b225f2fdb8fdep+8, 0x1.b44f51efb6dcap+8, 
0x1.b0f131337eb29p+8, 0x1.baa5d4845133p+8, 0x1.be55904b3c3e7p+8, 
0x1.c642c02f2f987p+8, 0x1.cd9d492ff4ba5p+8, 0x1.cd8138ac18f82p+8, 
0x1.d17b358f2e05dp+8, 0x1.d3db6049ecb32p+8, 0x1.cfcae30caa327p+8, 
0x1.d40a1b1960fa1p+8, 0x1.d53394ea07703p+8, 0x1.c80a0dfdef848p+8, 
0x1.c3c8fbca1059fp+8, 0x1.b6618b60f1b26p+8, 0x1.a82b2a5a469d7p+8, 
0x1.a98248c7192eap+8, 0x1.a5c255b035bd5p+8, 0x1.ac908ecd8dbcfp+8, 
0x1.b1b403ab862b2p+8, 0x1.b3d3b2cc70868p+8, 0x1.b55598aeb80edp+8, 
0x1.b0e1ced0b30b6p+8, 0x1.ad39b18548a9cp+8, 0x1.ae0cead0c3d25p+8, 
0x1.b7130df9bdc6ap+8, 0x1.c01d07746887bp+8, 0x1.d51a6106ab14fp+8, 
0x1.e4cb09310129dp+8, 0x1.f01ef251c193bp+8, 0x1.002320c8cd63dp+9, 
0x1.0034b966be7bp+9, 0x1.0295c7c5260f6p+9, 0x1.0400c54bcf0b7p+9, 
0x1.ff687368ad688p+8, 0x1.050dce746cb96p+9, 0x1.04b9a7c9de05p+9, 
0x1.091a28aa43351p+9, 0x1.131c78fabda0ep+9, 0x1.1a5cbf11f926cp+9, 
0x1.21ba07f66e86cp+9, 0x1.270f17acc4ef9p+9, 0x1.2aac49ba5e354p+9, 
0x1.03fdc182ecaefp+9, 0x1.c98b32f01754bp+8, 0x1.1ed5e0589acbdp+9, 
0x1.8a19a3b14a904p+8, 0x1.126b35d249e45p+9, 0x1.2ef1824d4cb9fp+9, 
0x1.3a653ff25e56dp+9, 0x1.452e321a2e7f7p+9, 0x1.4df101eabbcb2p+9, 
0x1.5aabc1b54195dp+9, 0x1.59afb7414a4d3p+9, 0x1.5601164c729f6p+9, 
0x1.510fb15b573ebp+9, 0x1.50bd001d5c316p+9, 0x1.4dae0f1b25f63p+9, 
0x1.54fa1e4712e41p+9, 0x1.5abf8a19c9d5ap+9, 0x1.596e9e98dcdb3p+9, 
0x1.5e8eb34e7685ap+9, 0x1.5dce1cbccf28cp+9)), class = "data.frame", row.names = c(NA, 
-120L))
