structure(list(period_id = c("1999Q1", "1999Q2", "1999Q3", "1999Q4", 
"2000Q1", "2000Q2", "2000Q3", "2000Q4", "2001Q1", "2001Q2", "2001Q3", 
"2001Q4", "2002Q1", "2002Q2", "2002Q3", "2002Q4", "2003Q1", "2003Q2", 
"2003Q3", "2003Q4", "2004Q1", "2004Q2", "2004Q3", "2004Q4", "2005Q1", 
"2005Q2", "2005Q3", "2005Q4", "2006Q1", "2006Q2", "2006Q3", "2006Q4", 
"2007Q1", "2007Q2", "2007Q3", "2007Q4", "2008Q1", "2008Q2", "2008Q3", 
"2008Q4", "2009Q1", "2009Q2", "2009Q3", "2009Q4", "2010Q1", "2010Q2", 
"2010Q3", "2010Q4", "2011Q1", "2011Q2", "2011Q3", "2011Q4", "2012Q1", 
"2012Q2", "2012Q3", "2012Q4", "2013Q1", "2013Q2", "2013Q3", "2013Q4", 
"2014Q1", "2014Q2", "2014Q3", "2014Q4", "2015Q1", "2015Q2", "2015Q3", 
"2015Q4", "2016Q1", "2016Q2", "2016Q3", "2016Q4", "2017Q1", "2017Q2", 
"2017Q3", "2017Q4", "2018Q1", "2018Q2", "2018Q3", "2018Q4", "2019Q1", 
"2019Q2", "2019Q3", "2019Q4", "2020Q1", "2020Q2", "2020Q3", "2020Q4", 
"2021Q1", "2021Q2", "2021Q3", "2021Q4", "2022Q1", "2022Q2", "2022Q3", 
"2022Q4", "2023Q1", "2023Q2", "2023Q3", "2023Q4", "2024Q1", "2024Q2", 
"2024Q3", "2024Q4"), value = c(-0x1.30956c0d6f545p-2, 0x1.3294dd72367e4p+2, 
-0x1.7d207d4e09785p+0, 0x1.281f53825e13bp-3, -0x1.3b81b64e05469p+0, 
0x1.40318b9346994p+1, 0x1.d7d06bbdbe3c1p-3, -0x1.1515b573eab36p+3, 
0x1.6de050374ff86p-2, -0x1.5cc059210385cp+0, 0x1.59cfdf3b645a2p+3, 
0x1.3fb4e54f7a919p+0, 0x1.18e25c810a56ap-2, 0x1.030142f61ed5bp-1, 
-0x1.fdf69878316ap-2, -0x1.954b05b7cfe58p+2, 0x1.9b517a46173b8p-3, 
0x1.148bfc2224edfp+2, -0x1.2c54823854046p+1, -0x1.eca4ce8101f32p+2, 
-0x1.0f39fba450accp+1, 0x1.26a7264a16a48p-2, -0x1.de2e2b8c75c4bp+1, 
-0x1.f739346994185p+3, -0x1.b120ddc619546p+2, -0x1.d632a0663c75p+1, 
-0x1.c9bc2fc69728ap+2, -0x1.b2b29c347e8cdp+3, -0x1.461d51b4fe79fp+3, 
-0x1.a121ff2e48e8ap+3, -0x1.e1ccdb7ae5797p+3, -0x1.644f3ba775fb3p+3, 
-0x1.b943201040bfep+1, 0x1.2a34df04ddb55p+2, 0x1.41a17b0f6ad71p+3, 
-0x1.8e3aabcd78c43p+2, -0x1.80801b4352652p+2, 0x1.3da8ad6883772p+4, 
-0x1.1a35e310dbf05p+3, 0x1.fd4ddd6e04c06p+3, 0x1.a3a77a2cecc81p+2, 
0x1.dfcc92146a1a5p+2, -0x1.8b2de43ed959ap+1, 0x1.fa1309c7ffde7p+3, 
0x1.06ae5796bfca8p+2, 0x1.8ccdfaca36199p+2, -0x1.31c81908e581dp+2, 
-0x1.59dbbcb1cc964p+6, 0x1.369ce075f6fd2p+3, 0x1.e76672fba01efp+2, 
-0x1.bb4cc25072086p+1, 0x1.34b599aa60914p+1, 0x1.35cfb3311a544p+2, 
0x1.92948dc11e42ep+2, -0x1.9a24031487768p-4, 0x1.308893b7d849p+1, 
0x1.8c3126e978d5p+0, -0x1.1a4b5568e820ep-1, 0x1.f7443d46b26cp+0, 
0x1.044dd4845133p+5, 0x1.438f7985271bdp+1, 0x1.1a897204295a7p+2, 
0x1.b7eba27ae9ab3p+2, 0x1.7bbda9435ac8ap+3, 0x1.6363f572de43fp-1, 
0x1.39cca70d1fa33p+0, 0x1.f5b4677b395c4p+0, 0x1.7413e3e29307bp+3, 
0x1.578ca8198f1d4p+0, 0x1.050ea18372e6ap+2, 0x1.cf903211cb03ap+0, 
0x1.26b2e1693c03cp+1, 0x1.41c42e9899bf6p+2, 0x1.386df82b1f688p+1, 
0x1.b29e83e425aeep+2, 0x1.435e4e69f05eap+2, -0x1.051aeb3dd11bep-1, 
0x1.09a5f41aef6f9p+3, -0x1.72b40f66a5508p+0, 0x1.f11e8e6080735p+3, 
0x1.8b4d8fd5cb791p+3, 0x1.cd1958969a0aep+3, 0x1.f00edc3bd5992p+2, 
0x1.96235d67ba238p+3, 0x1.67ca793576039p+2, 0x1.bc7f13059641fp+3, 
0x1.c76594af4f0d8p+2, 0x1.21c0010c6f7a1p-2, 0x1.018e10cf5b1c8p+3, 
0x1.c49a91105e1c1p+1, 0x1.df911cf355cd9p+0, 0x1.37e2046c764aep+3, 
-0x1.cff69014b599bp-2, 0x1.810c6f7a0b5eep-2, 0x1.b0631f8a0902ep+2, 
0x1.9510f51ac9afep+3, 0x1.6b1f98b71b8aap+3, 0x1.1e873ffac1d2ap+3, 
0x1.3d058dde7a744p+1, -0x1.355d6cf850df1p+4, 0x1.eacd184c272p+1, 
0x1.34720c8cd63ccp+3, -0x1.17aa00192a737p+2, 0x1.ad74517614595p+3
)), class = "data.frame", row.names = c(NA, -104L))
