structure(list(period_id = c("2003M01", "2003M02", "2003M03", 
"2003M04", "2003M05", "2003M06", "2003M07", "2003M08", "2003M09", 
"2003M10", "2003M11", "2003M12", "2004M01", "2004M02", "2004M03", 
"2004M04", "2004M05", "2004M06", "2004M07", "2004M08", "2004M09", 
"2004M10", "2004M11", "2004M12", "2005M01", "2005M02", "2005M03", 
"2005M04", "2005M05", "2005M06", "2005M07", "2005M08", "2005M09", 
"2005M10", "2005M11", "2005M12", "2006M01", "2006M02", "2006M03", 
"2006M04", "2006M05", "2006M06", "2006M07", "2006M08", "2006M09", 
"2006M10", "2006M11", "2006M12", "2007M01", "2007M02", "2007M03", 
"2007M04", "2007M05", "2007M06", "2007M07", "2007M08", "2007M09", 
"2007M10", "2007M11", "2007M12", "2008M01", "2008M02", "2008M03", 
"2008M04", "2008M05", "2008M06", "2008M07", "2008M08", "2008M09", 
"2008M10", "2008M11", "2008M12", "2009M01", "2009M02", "2009M03", 
"2009M04", "2009M05", "2009M06", "2009M07", "2009M08", "2009M09", 
"2009M10", "2009M11", "2009M12", "2010M01", "2010M02", "2010M03", 
"2010M04", "2010M05", "2010M06", "2010M07", "2010M08", "2010M09", 
"2010M10", "2010M11", "2010M12", "2011M01", "2011M02", "2011M03", 
"2011M04", "2011M05", "2011M06", "2011M07", "2011M08", "2011M09", 
"2011M10", "2011M11", "2011M12", "2012M01", "2012M02", "2012M03", 
"2012M04", "2012M05", "2012M06", "2012M07", "2012M08", "2012M09", 
"2012M10", "2012M11", "2012M12", "2013M01", "2013M02", "2013M03", 
"2013M04", "2013M05", "2013M06", "2013M07", "2013M08", "2013M09", 
"2013M10", "2013M11", "2013M12", "2014M01", "2014M02", "2014M03", 
"2014M04", "2014M05", "2014M06", "2014M07", "2014M08", "2014M09", 
"2014M10", "2014M11", "2014M12", "2015M01", "2015M02", "2015M03", 
"2015M04", "2015M05", "2015M06", "2015M07", "2015M08", "2015M09", 
"2015M10", "2015M11", "2015M12", "2016M01", "2016M02", "2016M03", 
"2016M04", "2016M05", "2016M06", "2016M07", "2016M08", "2016M09", 
"2016M10", "2016M11", "2016M12", "2017M01", "2017M02", "2017M03", 
"2017M04", "2017M05", "2017M06", "2017M07", "2017M08", "2017M09", 
"2017M10", "2017M11", "2017M12", "2018M01", "2018M02", "2018M03", 
"2018M04", "2018M05", "2018M06", "2018M07", "2018M08", "2018M09", 
"2018M10", "2018M11", "2018M12", "2019M01", "2019M02", "2019M03", 
"2019M04", "2019M05", "2019M06", "2019M07", "2019M08", "2019M09", 
"2019M10", "2019M11", "2019M12", "2020M01", "2020M02", "2020M03", 
"2020M04", "2020M05", "2020M06", "2020M07", "2020M08", "2020M09", 
"2020M10", "2020M11", "2020M12", "2021M01", "2021M02", "2021M03", 
"2021M04", "2021M05", "2021M06", "2021M07", "2021M08", "2021M09", 
"2021M10", "2021M11", "2021M12", "2022M01", "2022M02", "2022M03", 
"2022M04", "2022M05", "2022M06", "2022M07", "2022M08", "2022M09", 
"2022M10", "2022M11", "2022M12", "2023M01", "2023M02", "2023M03", 
"2023M04", "2023M05", "2023M06", "2023M07", "2023M08", "2023M09", 
"2023M10", "2023M11", "2023M12", "2024M01", "2024M02", "2024M03", 
"2024M04", "2024M05", "2024M06", "2024M07", "2024M08", "2024M09", 
"2024M10", "2024M11", "2024M12", "2025M01", "2025M02", "2025M03", 
"2025M04"), value = c(0x1.39f5c28f5c28fp+6, 0x1.3c66666666666p+6, 
0x1.3f1eb851eb852p+6, 0x1.4070a3d70a3d7p+6, 0x1.4070a3d70a3d7p+6, 
0x1.419999999999ap+6, 0x1.4351eb851eb85p+6, 0x1.42f5c28f5c28fp+6, 
0x1.43147ae147ae1p+6, 0x1.428f5c28f5c29p+6, 0x1.4370a3d70a3d7p+6, 
0x1.43p+6, 0x1.4433333333333p+6, 0x1.44d70a3d70a3dp+6, 0x1.46f5c28f5c28fp+6, 
0x1.4947ae147ae14p+6, 0x1.4cd70a3d70a3dp+6, 0x1.4deb851eb851fp+6, 
0x1.4f28f5c28f5c3p+6, 0x1.4e5c28f5c28f6p+6, 0x1.4cccccccccccdp+6, 
0x1.4dd70a3d70a3dp+6, 0x1.4eeb851eb851fp+6, 0x1.4c66666666666p+6, 
0x1.4accccccccccdp+6, 0x1.4d8f5c28f5c29p+6, 0x1.5170a3d70a3d7p+6, 
0x1.521eb851eb852p+6, 0x1.530a3d70a3d71p+6, 0x1.538f5c28f5c29p+6, 
0x1.55ccccccccccdp+6, 0x1.5428f5c28f5c3p+6, 0x1.5770a3d70a3d7p+6, 
0x1.57e147ae147aep+6, 0x1.560a3d70a3d71p+6, 0x1.55ae147ae147bp+6, 
0x1.547ae147ae148p+6, 0x1.55ccccccccccdp+6, 0x1.5847ae147ae14p+6, 
0x1.5b5c28f5c28f6p+6, 0x1.5e851eb851eb8p+6, 0x1.5d70a3d70a3d7p+6, 
0x1.5beb851eb851fp+6, 0x1.5e5c28f5c28f6p+6, 0x1.5fp+6, 0x1.5bc28f5c28f5cp+6, 
0x1.5cd70a3d70a3dp+6, 0x1.5e3d70a3d70a4p+6, 0x1.5c9999999999ap+6, 
0x1.5c33333333333p+6, 0x1.5fd70a3d70a3dp+6, 0x1.63c28f5c28f5cp+6, 
0x1.67d70a3d70a3dp+6, 0x1.691eb851eb852p+6, 0x1.680a3d70a3d71p+6, 
0x1.689999999999ap+6, 0x1.6ae147ae147aep+6, 0x1.6de147ae147aep+6, 
0x1.713d70a3d70a4p+6, 0x1.72a3d70a3d70ap+6, 0x1.730a3d70a3d71p+6, 
0x1.729999999999ap+6, 0x1.777ae147ae148p+6, 0x1.7a3d70a3d70a4p+6, 
0x1.7eae147ae147bp+6, 0x1.821eb851eb852p+6, 0x1.82147ae147ae1p+6, 
0x1.7f66666666666p+6, 0x1.7f66666666666p+6, 0x1.7f5c28f5c28f6p+6, 
0x1.7cp+6, 0x1.789999999999ap+6, 0x1.757ae147ae148p+6, 0x1.77p+6, 
0x1.793d70a3d70a4p+6, 0x1.7ap+6, 0x1.7ba3d70a3d70ap+6, 0x1.7da3d70a3d70ap+6, 
0x1.7a47ae147ae14p+6, 0x1.7a66666666666p+6, 0x1.7a0a3d70a3d71p+6, 
0x1.7a851eb851eb8p+6, 0x1.7d70a3d70a3d7p+6, 0x1.7bc28f5c28f5cp+6, 
0x1.7a147ae147ae1p+6, 0x1.7b51eb851eb85p+6, 0x1.7fe147ae147aep+6, 
0x1.839999999999ap+6, 0x1.851eb851eb852p+6, 0x1.8551eb851eb85p+6, 
0x1.828f5c28f5c29p+6, 0x1.81c28f5c28f5cp+6, 0x1.801eb851eb852p+6, 
0x1.809999999999ap+6, 0x1.81e147ae147aep+6, 0x1.82ccccccccccdp+6, 
0x1.81851eb851eb8p+6, 0x1.81f5c28f5c28fp+6, 0x1.8833333333333p+6, 
0x1.8b70a3d70a3d7p+6, 0x1.8ec28f5c28f5cp+6, 0x1.8bd70a3d70a3dp+6, 
0x1.87a3d70a3d70ap+6, 0x1.88eb851eb851fp+6, 0x1.8accccccccccdp+6, 
0x1.8ce147ae147aep+6, 0x1.8da3d70a3d70ap+6, 0x1.8b70a3d70a3d7p+6, 
0x1.8ap+6, 0x1.8c5c28f5c28f6p+6, 0x1.905c28f5c28f6p+6, 0x1.94851eb851eb8p+6, 
0x1.959999999999ap+6, 0x1.92ae147ae147bp+6, 0x1.8e7ae147ae148p+6, 
0x1.91a3d70a3d70ap+6, 0x1.9633333333333p+6, 0x1.95c28f5c28f5cp+6, 
0x1.94f5c28f5c28fp+6, 0x1.93eb851eb851fp+6, 0x1.9166666666666p+6, 
0x1.9451eb851eb85p+6, 0x1.95ae147ae147bp+6, 0x1.97b851eb851ecp+6, 
0x1.988f5c28f5c29p+6, 0x1.990a3d70a3d71p+6, 0x1.930a3d70a3d71p+6, 
0x1.9466666666666p+6, 0x1.960a3d70a3d71p+6, 0x1.95ccccccccccdp+6, 
0x1.953d70a3d70a4p+6, 0x1.93p+6, 0x1.90b851eb851ecp+6, 0x1.90d70a3d70a3dp+6, 
0x1.93b851eb851ecp+6, 0x1.94f5c28f5c28fp+6, 0x1.970a3d70a3d71p+6, 
0x1.9751eb851eb85p+6, 0x1.93ae147ae147bp+6, 0x1.937ae147ae148p+6, 
0x1.94a3d70a3d70ap+6, 0x1.94851eb851eb8p+6, 0x1.930a3d70a3d71p+6, 
0x1.9047ae147ae14p+6, 0x1.8b47ae147ae14p+6, 0x1.8c1eb851eb852p+6, 
0x1.908f5c28f5c29p+6, 0x1.911eb851eb852p+6, 0x1.93ccccccccccdp+6, 
0x1.939999999999ap+6, 0x1.90e147ae147aep+6, 0x1.908f5c28f5c29p+6, 
0x1.8fd70a3d70a3dp+6, 0x1.8fa3d70a3d70ap+6, 0x1.900a3d70a3d71p+6, 
0x1.8e9999999999ap+6, 0x1.8951eb851eb85p+6, 0x1.8951eb851eb85p+6, 
0x1.8c7ae147ae148p+6, 0x1.8de147ae147aep+6, 0x1.9128f5c28f5c3p+6, 
0x1.9333333333333p+6, 0x1.8fc28f5c28f5cp+6, 0x1.8f70a3d70a3d7p+6, 
0x1.909999999999ap+6, 0x1.9247ae147ae14p+6, 0x1.92a3d70a3d70ap+6, 
0x1.91p+6, 0x1.8f33333333333p+6, 0x1.929999999999ap+6, 0x1.94p+6, 
0x1.9428f5c28f5c3p+6, 0x1.96e147ae147aep+6, 0x1.967ae147ae148p+6, 
0x1.93ae147ae147bp+6, 0x1.943d70a3d70a4p+6, 0x1.958f5c28f5c29p+6, 
0x1.969999999999ap+6, 0x1.97b851eb851ecp+6, 0x1.98p+6, 0x1.9566666666666p+6, 
0x1.980a3d70a3d71p+6, 0x1.999999999999ap+6, 0x1.9b70a3d70a3d7p+6, 
0x1.9f9999999999ap+6, 0x1.a066666666666p+6, 0x1.9ce147ae147aep+6, 
0x1.9cf5c28f5c28fp+6, 0x1.9f28f5c28f5c3p+6, 0x1.a09999999999ap+6, 
0x1.a10a3d70a3d71p+6, 0x1.9e851eb851eb8p+6, 0x1.9aeb851eb851fp+6, 
0x1.9dccccccccccdp+6, 0x1.a0b851eb851ecp+6, 0x1.a3851eb851eb8p+6, 
0x1.a6c28f5c28f5cp+6, 0x1.a7f5c28f5c28fp+6, 0x1.a51eb851eb852p+6, 
0x1.a6b851eb851ecp+6, 0x1.a61eb851eb852p+6, 0x1.a6851eb851eb8p+6, 
0x1.a6ae147ae147bp+6, 0x1.a666666666666p+6, 0x1.a447ae147ae14p+6, 
0x1.a5f5c28f5c28fp+6, 0x1.a351eb851eb85p+6, 0x1.9df5c28f5c28fp+6, 
0x1.a051eb851eb85p+6, 0x1.a3851eb851eb8p+6, 0x1.a4e147ae147aep+6, 
0x1.a59999999999ap+6, 0x1.a4d70a3d70a3dp+6, 0x1.a55c28f5c28f6p+6, 
0x1.a2ccccccccccdp+6, 0x1.a27ae147ae148p+6, 0x1.a166666666666p+6, 
0x1.a23d70a3d70a4p+6, 0x1.a4c28f5c28f5cp+6, 0x1.a8p+6, 0x1.ab1eb851eb852p+6, 
0x1.acc28f5c28f5cp+6, 0x1.ad0a3d70a3d71p+6, 0x1.ad66666666666p+6, 
0x1.af8f5c28f5c29p+6, 0x1.b43d70a3d70a4p+6, 0x1.b73d70a3d70a4p+6, 
