structure(list(period_id = c("1995Q1", "1995Q2", "1995Q3", "1995Q4", 
"1996Q1", "1996Q2", "1996Q3", "1996Q4", "1997Q1", "1997Q2", "1997Q3", 
"1997Q4", "1998Q1", "1998Q2", "1998Q3", "1998Q4", "1999Q1", "1999Q2", 
"1999Q3", "1999Q4", "2000Q1", "2000Q2", "2000Q3", "2000Q4", "2001Q1", 
"2001Q2", "2001Q3", "2001Q4", "2002Q1", "2002Q2", "2002Q3", "2002Q4", 
"2003Q1", "2003Q2", "2003Q3", "2003Q4", "2004Q1", "2004Q2", "2004Q3", 
"2004Q4", "2005Q1", "2005Q2", "2005Q3", "2005Q4", "2006Q1", "2006Q2", 
"2006Q3", "2006Q4", "2007Q1", "2007Q2", "2007Q3", "2007Q4", "2008Q1", 
"2008Q2", "2008Q3", "2008Q4", "2009Q1", "2009Q2", "2009Q3", "2009Q4", 
"2010Q1", "2010Q2", "2010Q3", "2010Q4", "2011Q1", "2011Q2", "2011Q3", 
"2011Q4", "2012Q1", "2012Q2", "2012Q3", "2012Q4", "2013Q1", "2013Q2", 
"2013Q3", "2013Q4", "2014Q1", "2014Q2", "2014Q3", "2014Q4", "2015Q1", 
"2015Q2", "2015Q3", "2015Q4", "2016Q1", "2016Q2", "2016Q3", "2016Q4", 
"2017Q1", "2017Q2", "2017Q3", "2017Q4", "2018Q1", "2018Q2", "2018Q3", 
"2018Q4", "2019Q1", "2019Q2", "2019Q3", "2019Q4", "2020Q1", "2020Q2", 
"2020Q3", "2020Q4", "2021Q1", "2021Q2", "2021Q3", "2021Q4", "2022Q1", 
"2022Q2", "2022Q3", "2022Q4", "2023Q1", "2023Q2", "2023Q3", "2023Q4", 
"2024Q1", "2024Q2", "2024Q3", "2024Q4"), value = c(0x1.27e249129889p+9, 
0x1.28b5ac0c62e4dp+9, 0x1.2eb8be6a337a8p+9, 0x1.45b24c61d8623p+9, 
0x1.4df905af6c69bp+9, 0x1.69736dc1a47aap+9, 0x1.794cf041461b7p+9, 
0x1.74db0e8858ff7p+9, 0x1.88c67cc7d1bb5p+9, 0x1.b4a8edf612407p+9, 
0x1.c3a4599ed7c7p+9, 0x1.c56cc0f01fb83p+9, 0x1.e22db82c2bd7fp+9, 
0x1.e9c78eeae9ee4p+9, 0x1.f180c226809d5p+9, 0x1.0ad38800eae19p+10, 
0x1.176eaf5fd47bfp+10, 0x1.46531244a6224p+10, 0x1.1a9cd805e5f31p+10, 
0x1.2d336c3760bf6p+10, 0x1.3a6b33b96af04p+10, 0x1.3756d07c84b5ep+10, 
0x1.4928dbad3a605p+10, 0x1.4e8a0ccff21b4p+10, 0x1.52824113c6866p+10, 
0x1.564c16a055758p+10, 0x1.65a981beb1811p+10, 0x1.5faf6eb91b3f2p+10, 
0x1.60984fc1df33p+10, 0x1.61bdadab9f55ap+10, 0x1.6886968943e1p+10, 
0x1.789f0e66cb103p+10, 0x1.7b76a0dfdef85p+10, 0x1.8ee27d6f97679p+10, 
0x1.94180d413122bp+10, 0x1.9e60b4d8ba40ep+10, 0x1.b3b3e64b2314p+10, 
0x1.b59ac73abc947p+10, 0x1.cb922606fac6p+10, 0x1.ca591fea8112cp+10, 
0x1.c8d461c36976cp+10, 0x1.e021f90d9d777p+10, 0x1.e373098915bddp+10, 
0x1.fa5d73bc903eap+10, 0x1.fd452220bc383p+10, 0x1.0393ff88765bap+11, 
0x1.14297e3b03e21p+11, 0x1.278afe9531551p+11, 0x1.2aa13400b88cap+11, 
0x1.374c99f1ae2dap+11, 0x1.437bfb1183b6p+11, 0x1.3f68e746cb967p+11, 
0x1.639ffb86f47b6p+11, 0x1.6bb775c6c11a1p+11, 0x1.695fdab9f559bp+11, 
0x1.3d58a0d130dfap+11, 0x1.26e11d5e4a383p+11, 0x1.173161847f562p+11, 
0x1.0ed7c85a0be51p+11, 0x1.fc19843808851p+10, 0x1.e095d04e618cep+10, 
0x1.e2f704b7f5a53p+10, 0x1.d6e5354c12275p+10, 0x1.d975e3369b9d8p+10, 
0x1.d7d3c66d373bp+10, 0x1.cda75c63ae254p+10, 0x1.ca197be121ee6p+10, 
0x1.c2d447064eceap+10, 0x1.b96d567dbb16cp+10, 0x1.b6fde2b063e08p+10, 
0x1.b874b0a6fc58bp+10, 0x1.95c285b18548bp+10, 0x1.beb7bdec5f395p+10, 
0x1.be04aa0cae643p+10, 0x1.bc7008aefb2abp+10, 0x1.c586166e008eap+10, 
0x1.c49e12c27a637p+10, 0x1.c5fb9c886162fp+10, 0x1.ca11daad602p+10, 
0x1.bbd156c0d6f54p+10, 0x1.c18d53b4b2fa9p+10, 0x1.c3f96c4827b7p+10, 
0x1.c533bd5992429p+10, 0x1.cef235158b828p+10, 0x1.a500c2699c7bdp+10, 
0x1.b5c5cc144028ep+10, 0x1.c4f215ebfa8f8p+10, 0x1.cc30a704bc276p+10, 
0x1.d928413122b7cp+10, 0x1.e4b5fc7607c42p+10, 0x1.eb064acaff6d3p+10, 
0x1.026ba435696e6p+11, 0x1.069709c5e6ff8p+11, 0x1.10174050bd87bp+11, 
0x1.1c9c31f255f35p+11, 0x1.2377c3419e3p+11, 0x1.28bd570a3d70ap+11, 
0x1.2d06ff9f87f02p+11, 0x1.2b1543cc07aafp+11, 0x1.27bcf37da61e1p+11, 
0x1.1849b39c0ebeep+11, 0x1.f8609af5ba2bep+10, 0x1.1ee62bb8800ebp+11, 
0x1.25d5ef4be835ep+11, 0x1.31e695831f03dp+11, 0x1.3e390114d2f5ep+11, 
0x1.50f08b45ae6p+11, 0x1.64e3054690de1p+11, 0x1.70c6cc985f06fp+11, 
0x1.82616c3116228p+11, 0x1.9059d3c792d13p+11, 0x1.97e295182a993p+11, 
0x1.a4c5740a2877fp+11, 0x1.a9aa821af7d31p+11, 0x1.b154ea24cc682p+11, 
0x1.acf3e8986fcdfp+11, 0x1.acba775104d55p+11, 0x1.a79c35371971cp+11, 
0x1.9e1ffb0b39192p+11, 0x1.9ee84b380cb6cp+11)), class = "data.frame", row.names = c(NA, 
-120L))
