structure(list(period_id = c("2000", "2001", "2002", "2003", 
"2004", "2005", "2006", "2007", "2008", "2009", "2010", "2011", 
"2012", "2013", "2014", "2015", "2016", "2017", "2018", "2019", 
"2020", "2021", "2022"), value = c(0x1.2567a7eb6bf44p+7, 0x1.5691cef240faap+7, 
0x1.8d1075f6fd22p+7, 0x1.a2089203a322bp+7, 0x1.88bbb9cf9a06ap+7, 
0x1.baedb035bd513p+7, 0x1.d16f12e40852bp+7, 0x1.f0cf950b955f8p+7, 
0x1.236c2cb20fb22p+8, 0x1.0e5113d74d595p+8, 0x1.a22dda8bd230cp+7, 
0x1.d604284dfce31p+7, 0x1.d50f07182235bp+7, 0x1.ee750b955f783p+7, 
0x1.028bb85e80bedp+8, 0x1.1a393d31b9b67p+8, 0x1.1b1c2107b7846p+8, 
0x1.4302cacd184c2p+8, 0x1.8694d8127b2ccp+8, 0x1.93e580b242071p+8, 
0x1.4b58e94ee392ep+8, 0x1.8a17862b27cbfp+8, 0x1.b1000f776c482p+8
)), class = "data.frame", row.names = c(NA, -23L))
