structure(list(period_id = c("1995Q1", "1995Q2", "1995Q3", "1995Q4", 
"1996Q1", "1996Q2", "1996Q3", "1996Q4", "1997Q1", "1997Q2", "1997Q3", 
"1997Q4", "1998Q1", "1998Q2", "1998Q3", "1998Q4", "1999Q1", "1999Q2", 
"1999Q3", "1999Q4", "2000Q1", "2000Q2", "2000Q3", "2000Q4", "2001Q1", 
"2001Q2", "2001Q3", "2001Q4", "2002Q1", "2002Q2", "2002Q3", "2002Q4", 
"2003Q1", "2003Q2", "2003Q3", "2003Q4", "2004Q1", "2004Q2", "2004Q3", 
"2004Q4", "2005Q1", "2005Q2", "2005Q3", "2005Q4", "2006Q1", "2006Q2", 
"2006Q3", "2006Q4", "2007Q1", "2007Q2", "2007Q3", "2007Q4", "2008Q1", 
"2008Q2", "2008Q3", "2008Q4", "2009Q1", "2009Q2", "2009Q3", "2009Q4", 
"2010Q1", "2010Q2", "2010Q3", "2010Q4", "2011Q1", "2011Q2", "2011Q3", 
"2011Q4", "2012Q1", "2012Q2", "2012Q3", "2012Q4", "2013Q1", "2013Q2", 
"2013Q3", "2013Q4", "2014Q1", "2014Q2", "2014Q3", "2014Q4", "2015Q1", 
"2015Q2", "2015Q3", "2015Q4", "2016Q1", "2016Q2", "2016Q3", "2016Q4", 
"2017Q1", "2017Q2", "2017Q3", "2017Q4", "2018Q1", "2018Q2", "2018Q3", 
"2018Q4", "2019Q1", "2019Q2", "2019Q3", "2019Q4", "2020Q1", "2020Q2", 
"2020Q3", "2020Q4", "2021Q1", "2021Q2", "2021Q3", "2021Q4", "2022Q1", 
"2022Q2", "2022Q3", "2022Q4", "2023Q1", "2023Q2", "2023Q3", "2023Q4", 
"2024Q1", "2024Q2", "2024Q3"), value = c(0x1.70295b1422ccbp+7, 
0x1.7b121986b9c3p+7, 0x1.7f1adb1e9f278p+7, 0x1.b307ed20296b3p+7, 
0x1.a1aef9b994e1ap+7, 0x1.e68cb61fe21d9p+7, 0x1.de7618266772dp+7, 
0x1.da29e30014f8bp+7, 0x1.ff462de870974p+7, 0x1.0d53e9fadafd1p+8, 
0x1.297447a17f413p+8, 0x1.1d19cfdd22856p+8, 0x1.41c5095af294ep+8, 
0x1.2d8d98288051dp+8, 0x1.412da3c21187ep+8, 0x1.534c3a96d4c34p+8, 
0x1.7008988094e5dp+8, 0x1.b1fbd6a593a2ep+8, 0x1.713954da4ce81p+8, 
0x1.8bd53c148344cp+8, 0x1.830ec6ef3d3a2p+8, 0x1.79376273929edp+8, 
0x1.936099bf5946cp+8, 0x1.93c1c31593e6p+8, 0x1.b4dbeb28d8666p+8, 
0x1.b8dfc4199fe43p+8, 0x1.cbcd44dca8e2ep+8, 0x1.a482237cdcca7p+8, 
0x1.adb4e7cd03537p+8, 0x1.bbac5479d4d83p+8, 0x1.ab36bd3c36113p+8, 
0x1.c5edd4b6a619ep+8, 0x1.cbd39830e3cdap+8, 0x1.d98c0229a5ebbp+8, 
0x1.f0572d0a24463p+8, 0x1.ee5b9c1f85d74p+8, 0x1.f1677867f0aa2p+8, 
0x1.072b22b7baecdp+9, 0x1.0191a8deb0faep+9, 0x1.07b43211cb03ap+9, 
0x1.f8786b69db65fp+8, 0x1.0b75db9841aacp+9, 0x1.1ee6ddaceee0fp+9, 
0x1.366f50ebaade6p+9, 0x1.30d6814d7279ap+9, 0x1.38e659fb1e18fp+9, 
0x1.5239b90ea9e6fp+9, 0x1.63dfdd65a1449p+9, 0x1.4e137f3061c7ap+9, 
0x1.56870196d8f5p+9, 0x1.5ac239ffd60e9p+9, 0x1.59717e80389f8p+9, 
0x1.78139c4113c68p+9, 0x1.8ceb86db50f41p+9, 0x1.832b5e28aa433p+9, 
0x1.50d3926c7eae6p+9, 0x1.26335610adcd3p+9, 0x1.16df495182a99p+9, 
0x1.15120d349be9p+9, 0x1.0540b5b2d4d4p+9, 0x1.c9c280cf9e386p+8, 
0x1.06414c4cdfacap+9, 0x1.03268bd230b9ep+9, 0x1.13b2e12620254p+9, 
0x1.14409af5ba2bep+9, 0x1.1b22433508f65p+9, 0x1.1cd5db3bfb58dp+9, 
0x1.145596312f4cfp+9, 0x1.11deca70d1fa3p+9, 0x1.074efa58f7122p+9, 
0x1.081e8216c6152p+9, 0x1.03eb65fd8adacp+9, 0x1.4136f190d174p+9, 
0x1.3093ad18d25eep+9, 0x1.17bb1fbc5de9cp+9, 0x1.0cf3a38fbca1p+9, 
0x1.09e4b252ce033p+9, 0x1.017bc054ef45ap+9, 0x1.02759b5e95b79p+9, 
0x1.fec3bcd35a858p+8, 0x1.01fe2acb85a4fp+9, 0x1.012894ab1d4fap+9, 
0x1.080c601bc98a2p+9, 0x1.0a2503c8e25c8p+9, 0x1.08fddc26dce3ap+9, 
0x1.101145bf26f1ep+9, 0x1.1307f583a53b9p+9, 0x1.1db9b1d0c8041p+9, 
0x1.2639f01b866e4p+9, 0x1.343be8ee6b83p+9, 0x1.3ae40a30db6a2p+9, 
0x1.47096f544bb1bp+9, 0x1.5287fc6540cc8p+9, 0x1.59cc060780fdcp+9, 
0x1.61aa9e98dcdb3p+9, 0x1.683e76f2a5a47p+9, 0x1.718b92ea52ef9p+9, 
0x1.6c4826b2f2303p+9, 0x1.6f77294dd7236p+9, 0x1.65459cf9a06a7p+9, 
0x1.51edafd113837p+9, 0x1.236f2630ec311p+9, 0x1.553597460242dp+9, 
0x1.5e89aa821f299p+9, 0x1.790dd694ccab4p+9, 0x1.8f4cf5caf2d8p+9, 
0x1.9afa7c200c0fp+9, 0x1.b7bf1c7de5083p+9, 0x1.b6ff9c4977425p+9, 
0x1.bee14373f316ep+9, 0x1.d27a66e43aa7ap+9, 0x1.c3e4ae07e5a79p+9, 
0x1.daf53f9e7b80bp+9, 0x1.d9c7113836a83p+9, 0x1.d354102ff8ec1p+9, 
0x1.dadea7ded6ba9p+9, 0x1.d392a45d41fa7p+9, 0x1.d19969b9d7fd8p+9, 
0x1.d115954eb13ep+9)), class = "data.frame", row.names = c(NA, 
-119L))
