structure(list(period_id = c("2005Q1", "2005Q2", "2005Q3", "2005Q4", 
"2006Q1", "2006Q2", "2006Q3", "2006Q4", "2007Q1", "2007Q2", "2007Q3", 
"2007Q4", "2008Q1", "2008Q2", "2008Q3", "2008Q4", "2009Q1", "2009Q2", 
"2009Q3", "2009Q4", "2010Q1", "2010Q2", "2010Q3", "2010Q4", "2011Q1", 
"2011Q2", "2011Q3", "2011Q4", "2012Q1", "2012Q2", "2012Q3", "2012Q4", 
"2013Q1", "2013Q2", "2013Q3", "2013Q4", "2014Q1", "2014Q2", "2014Q3", 
"2014Q4", "2015Q1", "2015Q2", "2015Q3", "2015Q4", "2016Q1", "2016Q2", 
"2016Q3", "2016Q4", "2017Q1", "2017Q2", "2017Q3", "2017Q4", "2018Q1", 
"2018Q2", "2018Q3", "2018Q4", "2019Q1", "2019Q2", "2019Q3", "2019Q4", 
"2020Q1", "2020Q2", "2020Q3", "2020Q4", "2021Q1", "2021Q2", "2021Q3", 
"2021Q4", "2022Q1", "2022Q2", "2022Q3", "2022Q4", "2023Q1", "2023Q2", 
"2023Q3", "2023Q4", "2024Q1", "2024Q2", "2024Q3", "2024Q4", "2025Q1"
), value = c(0x1.9602be37de93ap+9, 0x1.9b997995ee137p+9, 0x1.a711296f6512bp+9, 
0x1.ae6b3db7f1737p+9, 0x1.ac7c47c30d307p+9, 0x1.b0b7159c49774p+9, 
0x1.bb0d9ccfaeff6p+9, 0x1.c6d674fb549f9p+9, 0x1.bf077785729b3p+9, 
0x1.c7ebdaa4fca43p+9, 0x1.d178b5c39bcbap+9, 0x1.d92a866a11ec9p+9, 
0x1.ec157dfa00e28p+9, 0x1.f8b11a2a4db16p+9, 0x1.09c37f4dbdf8fp+10, 
0x1.13e03c85c24c4p+10, 0x1.143883c6c97d9p+10, 0x1.18ddced4e4c94p+10, 
0x1.152794ab1d4fap+10, 0x1.16cd6dd69d302p+10, 0x1.1a17ac8a3726p+10, 
0x1.1de10b417ca21p+10, 0x1.1cfa165d3997p+10, 0x1.1f3eeaee2003bp+10, 
0x1.225dc5931ca7dp+10, 0x1.24b17b2cc7086p+10, 0x1.226a8858ff759p+10, 
0x1.25f99068986fdp+10, 0x1.220a069e7fb26p+10, 0x1.22f8a771c970fp+10, 
0x1.15b6904b3c3e7p+10, 0x1.15e3932d6ece1p+10, 0x1.11aca06e9ff0dp+10, 
0x1.0f3cc3d68405bp+10, 0x1.0ad689d6adf72p+10, 0x1.0e2e2784a9479p+10, 
0x1.0b33283d35eb7p+10, 0x1.09cd68b5cbff4p+10, 0x1.072171758e219p+10, 
0x1.0bb92eba27aeap+10, 0x1.09c9d1aa821f3p+10, 0x1.0c793b42cc2d7p+10, 
0x1.089460b2c83edp+10, 0x1.12fa8023a6ce3p+10, 0x1.1cbb72862f599p+10, 
0x1.1d1b89d6adf72p+10, 0x1.1ab45fd47bedbp+10, 0x1.251963c74fb55p+10, 
0x1.270b8112ba16ep+10, 0x1.2ac803c4b09eap+10, 0x1.2aea06e19b90fp+10, 
0x1.36cb320535c9ep+10, 0x1.38718bc59b802p+10, 0x1.3cafd03968d76p+10, 
0x1.3b59480a5accdp+10, 0x1.42c8e889c1b54p+10, 0x1.50a05903a7547p+10, 
0x1.5453edcc20d56p+10, 0x1.5313792d1287cp+10, 0x1.5f6b996fa82e8p+10, 
0x1.66b426a65cf68p+10, 0x1.82fbc1e364becp+10, 0x1.6e0584cf0739bp+10, 
0x1.9026b517a4617p+10, 0x1.a2bbfd5cb791p+10, 0x1.bebeba7b9170dp+10, 
0x1.8a28fadf2ecf2p+10, 0x1.8a45c8b0079a3p+10, 0x1.8c96777d0f1f5p+10, 
0x1.92310cd855971p+10, 0x1.9033a9b068124p+10, 0x1.a3ef7cbb3c819p+10, 
0x1.b282e12620254p+10, 0x1.c07ed056c508bp+10, 0x1.c579852b4d8bap+10, 
0x1.c835f3ade226p+10, 0x1.d17eb87bdcf03p+10, 0x1.d7678012dfd69p+10, 
0x1.e0f5198aeb80fp+10, 0x1.e5a14e7685986p+10, 0x1.0519369b9d7fep+11
)), class = "data.frame", row.names = c(NA, -81L))
