structure(list(period_id = c("1995Q1", "1995Q2", "1995Q3", "1995Q4", 
"1996Q1", "1996Q2", "1996Q3", "1996Q4", "1997Q1", "1997Q2", "1997Q3", 
"1997Q4", "1998Q1", "1998Q2", "1998Q3", "1998Q4", "1999Q1", "1999Q2", 
"1999Q3", "1999Q4", "2000Q1", "2000Q2", "2000Q3", "2000Q4", "2001Q1", 
"2001Q2", "2001Q3", "2001Q4", "2002Q1", "2002Q2", "2002Q3", "2002Q4", 
"2003Q1", "2003Q2", "2003Q3", "2003Q4", "2004Q1", "2004Q2", "2004Q3", 
"2004Q4", "2005Q1", "2005Q2", "2005Q3", "2005Q4", "2006Q1", "2006Q2", 
"2006Q3", "2006Q4", "2007Q1", "2007Q2", "2007Q3", "2007Q4", "2008Q1", 
"2008Q2", "2008Q3", "2008Q4", "2009Q1", "2009Q2", "2009Q3", "2009Q4", 
"2010Q1", "2010Q2", "2010Q3", "2010Q4", "2011Q1", "2011Q2", "2011Q3", 
"2011Q4", "2012Q1", "2012Q2", "2012Q3", "2012Q4", "2013Q1", "2013Q2", 
"2013Q3", "2013Q4", "2014Q1", "2014Q2", "2014Q3", "2014Q4", "2015Q1", 
"2015Q2", "2015Q3", "2015Q4", "2016Q1", "2016Q2", "2016Q3", "2016Q4", 
"2017Q1", "2017Q2", "2017Q3", "2017Q4", "2018Q1", "2018Q2", "2018Q3", 
"2018Q4", "2019Q1", "2019Q2", "2019Q3", "2019Q4", "2020Q1", "2020Q2", 
"2020Q3", "2020Q4", "2021Q1", "2021Q2", "2021Q3", "2021Q4", "2022Q1", 
"2022Q2", "2022Q3", "2022Q4", "2023Q1", "2023Q2", "2023Q3", "2023Q4", 
"2024Q1", "2024Q2", "2024Q3"), value = c(0x1.38440df58c08bp+7, 
0x1.43abf22c01e69p+7, 0x1.499e1e92923e6p+7, 0x1.39007c84b5dccp+7, 
0x1.51fb461309c8p+7, 0x1.558f88765ba6fp+7, 0x1.686e4840e171ap+7, 
0x1.73e9f9f01b867p+7, 0x1.7a9dcbbc2b94ep+7, 0x1.7beda6e75ff61p+7, 
0x1.838efd438d1d9p+7, 0x1.acf0d4dc65c7p+7, 0x1.9b4e0e0eb67c3p+7, 
0x1.b30614df8b157p+7, 0x1.baa4df6987831p+7, 0x1.c7632031ceaf2p+7, 
0x1.dd60285ec3dabp+7, 0x1.e4a52f3c2dadcp+7, 0x1.f2d82602c9082p+7, 
0x1.fcf17b7414a4dp+7, 0x1.0255c725c3deep+8, 0x1.062be56473472p+8, 
0x1.0a03d8adab9f5p+8, 0x1.0f6e4e054690ep+8, 0x1.20275935fc3b5p+8, 
0x1.2450370cdc875p+8, 0x1.2a9d78a2a90cdp+8, 0x1.2e7a30db6a1e8p+8, 
0x1.2bdc5b7cfe586p+8, 0x1.33209b951c5c5p+8, 0x1.3b56f3e468cacp+8, 
0x1.453e466b1e5c1p+8, 0x1.4fd1d51b4fe7ap+8, 0x1.5550370cdc875p+8, 
0x1.5402f3b213e3ep+8, 0x1.573011a11233ep+8, 0x1.56db7318fc505p+8, 
0x1.57dd634549b63p+8, 0x1.5ce9363f572dep+8, 0x1.62a39d0a67621p+8, 
0x1.6594c8eef1bacp+8, 0x1.670bb6672fbap+8, 0x1.6cfb6af89c5e7p+8, 
0x1.6ca59008205ffp+8, 0x1.687ed0917d6b6p+8, 0x1.65caf2c732592p+8, 
0x1.61ee5f633ce64p+8, 0x1.6db0a3d70a3d7p+8, 0x1.8079f46ed245bp+8, 
0x1.9576098915bddp+8, 0x1.a292a1b5c7cd9p+8, 0x1.a10088d6d3b6dp+8, 
0x1.9e8dc8a7a41e5p+8, 0x1.a26a6394face6p+8, 0x1.a87e9f7b5aea3p+8, 
0x1.af47c7820a30ep+8, 0x1.b225f2fdb8fdep+8, 0x1.b44f51efb6dcap+8, 
0x1.b0f131337eb29p+8, 0x1.baa5d4845133p+8, 0x1.be50ff865d7cbp+8, 
0x1.c63e1c044284ep+8, 0x1.cd983f811f4f5p+8, 0x1.cd86ce789e775p+8, 
0x1.d17022036006dp+8, 0x1.d3db5350092cdp+8, 0x1.cfd911ada76d9p+8, 
0x1.d4005be1a8262p+8, 0x1.d52700cd85597p+8, 0x1.c8099bb2788dbp+8, 
0x1.c3bf52a843809p+8, 0x1.b6623f78bbd38p+8, 0x1.a83640e9d51b5p+8, 
0x1.a98e23f24d8fdp+8, 0x1.a5bf7b9e060fep+8, 0x1.ac988323358f3p+8, 
0x1.b1a8b34e7685ap+8, 0x1.b3ce7a85015c2p+8, 0x1.b54d7460242dp+8, 
0x1.b0da04189374cp+8, 0x1.ad49a31a4bdbap+8, 0x1.ae0d99ed7c6fcp+8, 
0x1.b71fb9170d62cp+8, 0x1.c0229de8b3b32p+8, 0x1.d51455a7d2418p+8, 
0x1.e4c627d028a1ep+8, 0x1.f01958ea7ce1p+8, 0x1.001de1a826245p+9, 
0x1.003512dba4d6ep+9, 0x1.029089eba6acap+9, 0x1.0402279dd3bbp+9, 
0x1.ff69a31a4bdbap+8, 0x1.05112a62aa194p+9, 0x1.04b7d031055b9p+9, 
0x1.092731769a911p+9, 0x1.1316b7457c0b1p+9, 0x1.1a5c7296f6513p+9, 
0x1.21b3655e28aa4p+9, 0x1.2709f91e646f1p+9, 0x1.2aa83fd502257p+9, 
0x1.0412d91eeaa6dp+9, 0x1.c96c7a8d64d7fp+8, 0x1.1ec89070fbebap+9, 
0x1.8a0e9142b302fp+8, 0x1.12919e83e425bp+9, 0x1.2eeff2b239a39p+9, 
0x1.3a5a4d12018a4p+9, 0x1.452b0af5fd47cp+9, 0x1.4df8523704791p+9, 
0x1.5a9c595bbbe88p+9, 0x1.599e5c9a34ca1p+9, 0x1.56094ac29bf16p+9, 
0x1.511831593e5fbp+9, 0x1.50a1ee1bd1edap+9, 0x1.4e15116228134p+9, 
0x1.53f58c868b9fep+9, 0x1.5a8e583621fbp+9, 0x1.5add074213a0cp+9, 
0x1.615bf1172ef0bp+9)), class = "data.frame", row.names = c(NA, 
-119L))
