structure(list(period_id = c("1995Q1", "1995Q2", "1995Q3", "1995Q4", 
"1996Q1", "1996Q2", "1996Q3", "1996Q4", "1997Q1", "1997Q2", "1997Q3", 
"1997Q4", "1998Q1", "1998Q2", "1998Q3", "1998Q4", "1999Q1", "1999Q2", 
"1999Q3", "1999Q4", "2000Q1", "2000Q2", "2000Q3", "2000Q4", "2001Q1", 
"2001Q2", "2001Q3", "2001Q4", "2002Q1", "2002Q2", "2002Q3", "2002Q4", 
"2003Q1", "2003Q2", "2003Q3", "2003Q4", "2004Q1", "2004Q2", "2004Q3", 
"2004Q4", "2005Q1", "2005Q2", "2005Q3", "2005Q4", "2006Q1", "2006Q2", 
"2006Q3", "2006Q4", "2007Q1", "2007Q2", "2007Q3", "2007Q4", "2008Q1", 
"2008Q2", "2008Q3", "2008Q4", "2009Q1", "2009Q2", "2009Q3", "2009Q4", 
"2010Q1", "2010Q2", "2010Q3", "2010Q4", "2011Q1", "2011Q2", "2011Q3", 
"2011Q4", "2012Q1", "2012Q2", "2012Q3", "2012Q4", "2013Q1", "2013Q2", 
"2013Q3", "2013Q4", "2014Q1", "2014Q2", "2014Q3", "2014Q4", "2015Q1", 
"2015Q2", "2015Q3", "2015Q4", "2016Q1", "2016Q2", "2016Q3", "2016Q4", 
"2017Q1", "2017Q2", "2017Q3", "2017Q4", "2018Q1", "2018Q2", "2018Q3", 
"2018Q4", "2019Q1", "2019Q2", "2019Q3", "2019Q4", "2020Q1", "2020Q2", 
"2020Q3", "2020Q4", "2021Q1", "2021Q2", "2021Q3", "2021Q4", "2022Q1", 
"2022Q2", "2022Q3", "2022Q4", "2023Q1", "2023Q2", "2023Q3", "2023Q4", 
"2024Q1", "2024Q2", "2024Q3"), value = c(0x1.d4e6bb55ac04p+4, 
0x1.00ebb0a2ca9acp+5, 0x1.fdd338f798527p+4, 0x1.0b9c17225b74ap+5, 
0x1.07d3a0c6b484dp+5, 0x1.1fa56de33269ep+5, 0x1.17eb0ea18372ep+5, 
0x1.22ed10f51ac9bp+5, 0x1.1c764adff822cp+5, 0x1.392e45c358afcp+5, 
0x1.339a5870da5dbp+5, 0x1.41aceb356da01p+5, 0x1.3159cf13cee9ep+5, 
0x1.4a04ad794a6ecp+5, 0x1.4b870110a137fp+5, 0x1.635c67dfe32ap+5, 
0x1.4962424a276b8p+5, 0x1.700bce8533b1p+5, 0x1.74d102363b257p+5, 
0x1.815fbacb42891p+5, 0x1.6b8539fba450bp+5, 0x1.8795a1016ce79p+5, 
0x1.82af51ac9afe2p+5, 0x1.953beb18116ecp+5, 0x1.5437cf5f4e443p+5, 
0x1.5ea75579af188p+5, 0x1.5bb32f87ad081p+5, 0x1.82653543aeab8p+5, 
0x1.7e7b1c864884p+5, 0x1.a173f39d1b2e6p+5, 0x1.ad5950b955f78p+5, 
0x1.c29ca31e7d999p+5, 0x1.b05de37585be2p+5, 0x1.d687caea747d8p+5, 
0x1.dd48954a7f801p+5, 0x1.f7c3bcd35a858p+5, 0x1.e79018611fd59p+5, 
0x1.0ca82ba5a0382p+6, 0x1.10e1bd1ed9dfep+6, 0x1.08ef3775b813p+6, 
0x1.d2308bb906467p+5, 0x1.f3eb934699418p+5, 0x1.f3689dadfb507p+5, 
0x1.0b3869835158cp+6, 0x1.cb826aa8eb463p+5, 0x1.052ef5ec80c74p+6, 
0x1.046def8487b9ap+6, 0x1.0f1e147ae147bp+6, 0x1.fcaff8ec0f883p+5, 
0x1.13f58ea7ce0fcp+6, 0x1.101d5629d840ap+6, 0x1.22dff21b3aeefp+6, 
0x1.187b52c9d16fdp+6, 0x1.461e7924af0bfp+6, 0x1.3c939192641b3p+6, 
0x1.42edb61bb05fbp+6, 0x1.2ac948dc11e43p+6, 0x1.4e958255b035cp+6, 
0x1.4edd7518b0d0fp+6, 0x1.5e743d03968d7p+6, 0x1.43287db2b3461p+6, 
0x1.6dc84f4c6e6dap+6, 0x1.60cf661f18cap+6, 0x1.7f904102ff8ecp+6, 
0x1.645a1c25d0742p+6, 0x1.6f67f498c3b0cp+6, 0x1.54b34eb9a176ep+6, 
0x1.6c72ea0fd3b2ap+6, 0x1.4d3ec39799e52p+6, 0x1.4c17f5e84f095p+6, 
0x1.4b5a469d7342fp+6, 0x1.4d9909aed56bp+6, 0x1.3e11b97353b4bp+6, 
0x1.54076709fa54cp+6, 0x1.50eeed8904f6ep+6, 0x1.655a57a786c22p+6, 
0x1.424da059a73b4p+6, 0x1.61d6ff3ade226p+6, 0x1.60ececc814d72p+6, 
0x1.6f7505d0fa58fp+6, 0x1.3c4e820e62995p+6, 0x1.5c96634117f84p+6, 
0x1.505af6837f7bep+6, 0x1.669c857f3061cp+6, 0x1.4a0f601797cc4p+6, 
0x1.6e907182235b5p+6, 0x1.6466a6a01259ap+6, 0x1.809858ff75968p+6, 
0x1.61ace703afb7fp+6, 0x1.79ad013a92a3p+6, 0x1.762975f2cb641p+6, 
0x1.8de39b888722ap+6, 0x1.80fa72a7bd48dp+6, 0x1.8cb56eefa1e3fp+6, 
0x1.94ca38b8ae31dp+6, 0x1.ab78a1dfb938ap+6, 0x1.9a183c297bfa5p+6, 
0x1.a722a411c2a02p+6, 0x1.ac3bd66277c46p+6, 0x1.c67a7e73a365dp+6, 
0x1.8503e78e1932dp+6, 0x1.8deb49e01de27p+6, 0x1.a9ee7ee9142b3p+6, 
0x1.b397789a4591p+6, 0x1.afc83126e978dp+6, 0x1.def65492ff4bap+6, 
0x1.e4f08ede54b49p+6, 0x1.0e233b320535dp+7, 0x1.39a471f79420bp+7, 
0x1.39a46822ff089p+7, 0x1.38c9212513b5cp+7, 0x1.429c5479d4d83p+7, 
0x1.59ec55eaee2p+7, 0x1.5016a11ec918ep+7, 0x1.4d0506dd69d3p+7, 
0x1.57b3a9d1f6018p+7, 0x1.725f1e0828c37p+7, 0x1.61689070fbebap+7, 
0x1.6407ff583a53cp+7)), class = "data.frame", row.names = c(NA, 
-119L))
