structure(list(period_id = c("1995Q1", "1995Q2", "1995Q3", "1995Q4", 
"1996Q1", "1996Q2", "1996Q3", "1996Q4", "1997Q1", "1997Q2", "1997Q3", 
"1997Q4", "1998Q1", "1998Q2", "1998Q3", "1998Q4", "1999Q1", "1999Q2", 
"1999Q3", "1999Q4", "2000Q1", "2000Q2", "2000Q3", "2000Q4", "2001Q1", 
"2001Q2", "2001Q3", "2001Q4", "2002Q1", "2002Q2", "2002Q3", "2002Q4", 
"2003Q1", "2003Q2", "2003Q3", "2003Q4", "2004Q1", "2004Q2", "2004Q3", 
"2004Q4", "2005Q1", "2005Q2", "2005Q3", "2005Q4", "2006Q1", "2006Q2", 
"2006Q3", "2006Q4", "2007Q1", "2007Q2", "2007Q3", "2007Q4", "2008Q1", 
"2008Q2", "2008Q3", "2008Q4", "2009Q1", "2009Q2", "2009Q3", "2009Q4", 
"2010Q1", "2010Q2", "2010Q3", "2010Q4", "2011Q1", "2011Q2", "2011Q3", 
"2011Q4", "2012Q1", "2012Q2", "2012Q3", "2012Q4", "2013Q1", "2013Q2", 
"2013Q3", "2013Q4", "2014Q1", "2014Q2", "2014Q3", "2014Q4", "2015Q1", 
"2015Q2", "2015Q3", "2015Q4", "2016Q1", "2016Q2", "2016Q3", "2016Q4", 
"2017Q1", "2017Q2", "2017Q3", "2017Q4", "2018Q1", "2018Q2", "2018Q3", 
"2018Q4", "2019Q1", "2019Q2", "2019Q3", "2019Q4", "2020Q1", "2020Q2", 
"2020Q3", "2020Q4", "2021Q1", "2021Q2", "2021Q3", "2021Q4", "2022Q1", 
"2022Q2", "2022Q3", "2022Q4", "2023Q1", "2023Q2", "2023Q3", "2023Q4", 
"2024Q1", "2024Q2", "2024Q3", "2024Q4", "2025Q1"), value = c(0x1.9dd70a3d70a3dp+4, 
0x1.ab8d4fdf3b646p+4, 0x1.a8c083126e979p+4, 0x1.affbe76c8b439p+4, 
0x1.abc28f5c28f5cp+4, 0x1.aeb020c49ba5ep+4, 0x1.aba5e353f7ceep+4, 
0x1.a9d70a3d70a3dp+4, 0x1.a5df3b645a1cbp+4, 0x1.a68b439581062p+4, 
0x1.a8147ae147ae1p+4, 0x1.a9fbe76c8b439p+4, 0x1.aed0e56041893p+4, 
0x1.af2b020c49ba6p+4, 0x1.b1c28f5c28f5cp+4, 0x1.b347ae147ae14p+4, 
0x1.c1cac083126e9p+4, 0x1.cbb22d0e56042p+4, 0x1.d004189374bc7p+4, 
0x1.d1ae147ae147bp+4, 0x1.ce6e978d4fdf4p+4, 0x1.d3a1cac083127p+4, 
0x1.d71a9fbe76c8bp+4, 0x1.d7126e978d4fep+4, 0x1.da8b439581062p+4, 
0x1.db70a3d70a3d7p+4, 0x1.de189374bc6a8p+4, 0x1.de83126e978d5p+4, 
0x1.d03126e978d5p+4, 0x1.c85e353f7ced9p+4, 0x1.c8ed916872b02p+4, 
0x1.c86e978d4fdf4p+4, 0x1.c7c28f5c28f5cp+4, 0x1.cc83126e978d5p+4, 
0x1.cbbe76c8b4396p+4, 0x1.c926e978d4fdfp+4, 0x1.c57ced916872bp+4, 
0x1.c676c8b439581p+4, 0x1.cb4395810624ep+4, 0x1.cb0624dd2f1aap+4, 
0x1.cde76c8b43958p+4, 0x1.d083126e978d5p+4, 0x1.d1a9fbe76c8b4p+4, 
0x1.d204189374bc7p+4, 0x1.d0c8b43958106p+4, 0x1.cf33333333333p+4, 
0x1.d326e978d4fdfp+4, 0x1.d466666666666p+4, 0x1.dddb22d0e5604p+4, 
0x1.e30e560418937p+4, 0x1.e6e978d4fdf3bp+4, 0x1.eba9fbe76c8b4p+4, 
0x1.f3a5e353f7ceep+4, 0x1.f7cac083126e9p+4, 0x1.fb5c28f5c28f6p+4, 
0x1.ff6c8b439581p+4, 0x1.02a9fbe76c8b4p+5, 0x1.03e978d4fdf3bp+5, 
0x1.05604189374bcp+5, 0x1.0610624dd2f1bp+5, 0x1.076e978d4fdf4p+5, 
0x1.081a9fbe76c8bp+5, 0x1.08p+5, 0x1.0689374bc6a7fp+5, 0x1.0476c8b439581p+5, 
0x1.0420c49ba5e35p+5, 0x1.0424dd2f1a9fcp+5, 0x1.037ae147ae148p+5, 
0x1.046a7ef9db22dp+5, 0x1.0570a3d70a3d7p+5, 0x1.039999999999ap+5, 
0x1.0370a3d70a3d7p+5, 0x1.11f5c28f5c28fp+5, 0x1.1266666666666p+5, 
0x1.148b439581062p+5, 0x1.174189374bc6ap+5, 0x1.168d4fdf3b646p+5, 
0x1.1af7ced916873p+5, 0x1.1df9db22d0e56p+5, 0x1.220a3d70a3d71p+5, 
0x1.1fe76c8b43958p+5, 0x1.23851eb851eb8p+5, 0x1.256a7ef9db22dp+5, 
0x1.27b4395810625p+5, 0x1.23e978d4fdf3bp+5, 0x1.2b0c49ba5e354p+5, 
0x1.2f26e978d4fdfp+5, 0x1.328f5c28f5c29p+5, 0x1.31645a1cac083p+5, 
0x1.35353f7ced917p+5, 0x1.3870a3d70a3d7p+5, 0x1.3b0a3d70a3d71p+5, 
0x1.3cd916872b021p+5, 0x1.40f1a9fbe76c9p+5, 0x1.4326e978d4fdfp+5, 
0x1.453d70a3d70a4p+5, 0x1.47a7ef9db22d1p+5, 0x1.4cf7ced916873p+5, 
0x1.501cac083126fp+5, 0x1.535a1cac08312p+5, 0x1.5128f5c28f5c3p+5, 
0x1.4d51eb851eb85p+5, 0x1.4edd2f1a9fbe7p+5, 0x1.4f49ba5e353f8p+5, 
0x1.45db22d0e5604p+5, 0x1.4824dd2f1a9fcp+5, 0x1.4c6a7ef9db22dp+5, 
0x1.4df3b645a1cacp+5, 0x1.50bc6a7ef9db2p+5, 0x1.53ced916872bp+5, 
0x1.5770a3d70a3d7p+5, 0x1.5976c8b439581p+5, 0x1.5b74bc6a7ef9ep+5, 
0x1.5fc28f5c28f5cp+5, 0x1.6278d4fdf3b64p+5, 0x1.6445a1cac0831p+5, 
0x1.627ced916872bp+5, 0x1.64e5604189375p+5, 0x1.66a5e353f7ceep+5, 
0x1.684189374bc6ap+5, 0x1.67a3d70a3d70ap+5)), class = "data.frame", row.names = c(NA, 
-121L))
