structure(list(period_id = c("2014M01", "2014M02", "2014M03", 
"2014M04", "2014M05", "2014M06", "2014M07", "2014M08", "2014M09", 
"2014M10", "2014M11", "2014M12", "2015M01", "2015M02", "2015M03", 
"2015M04", "2015M05", "2015M06", "2015M07", "2015M08", "2015M09", 
"2015M10", "2015M11", "2015M12", "2016M01", "2016M02", "2016M03", 
"2016M04", "2016M05", "2016M06", "2016M07", "2016M08", "2016M09", 
"2016M10", "2016M11", "2016M12", "2017M01", "2017M02", "2017M03", 
"2017M04", "2017M05", "2017M06", "2017M07", "2017M08", "2017M09", 
"2017M10", "2017M11", "2017M12", "2018M01", "2018M02", "2018M03", 
"2018M04", "2018M05", "2018M06", "2018M07", "2018M08", "2018M09", 
"2018M10", "2018M11", "2018M12", "2019M01", "2019M02", "2019M03", 
"2019M04", "2019M05", "2019M06", "2019M07", "2019M08", "2019M09", 
"2019M10", "2019M11", "2019M12", "2020M01", "2020M02", "2020M03", 
"2020M04", "2020M05", "2020M06", "2020M07", "2020M08", "2020M09", 
"2020M10", "2020M11", "2020M12", "2021M01", "2021M02", "2021M03", 
"2021M04", "2021M05", "2021M06", "2021M07", "2021M08", "2021M09", 
"2021M10", "2021M11", "2021M12", "2022M01", "2022M02", "2022M03", 
"2022M04", "2022M05", "2022M06", "2022M07", "2022M08", "2022M09", 
"2022M10", "2022M11", "2022M12", "2023M01", "2023M02", "2023M03", 
"2023M04", "2023M05", "2023M06", "2023M07", "2023M08", "2023M09", 
"2023M10", "2023M11", "2023M12", "2024M01", "2024M02", "2024M03"
), value = c(0x1.b7ap+10, 0x1.b46851eb851ecp+10, 0x1.b35c28f5c28f6p+10, 
0x1.bad5c28f5c28fp+10, 0x1.bc45c28f5c28fp+10, 0x1.bb2999999999ap+10, 
0x1.b990a3d70a3d7p+10, 0x1.b9ecccccccccdp+10, 0x1.b9bcccccccccdp+10, 
0x1.bf67ae147ae14p+10, 0x1.c85p+10, 0x1.c20b851eb851fp+10, 0x1.c0a1eb851eb85p+10, 
0x1.b488f5c28f5c3p+10, 0x1.bbb3d70a3d70ap+10, 0x1.bfb3333333333p+10, 
0x1.c0a8f5c28f5c3p+10, 0x1.bf747ae147ae1p+10, 0x1.bf6ae147ae148p+10, 
0x1.bb9d70a3d70a4p+10, 0x1.ba27ae147ae14p+10, 0x1.be970a3d70a3dp+10, 
0x1.d131eb851eb85p+10, 0x1.d06eb851eb852p+10, 0x1.ca1147ae147aep+10, 
0x1.c3ap+10, 0x1.c88147ae147aep+10, 0x1.c8751eb851eb8p+10, 0x1.c88851eb851ecp+10, 
0x1.c93ae147ae148p+10, 0x1.c6528f5c28f5cp+10, 0x1.c6670a3d70a3dp+10, 
0x1.c71999999999ap+10, 0x1.cc970a3d70a3dp+10, 0x1.d3aa3d70a3d71p+10, 
0x1.df53333333333p+10, 0x1.d0ceb851eb852p+10, 0x1.ca7f5c28f5c29p+10, 
0x1.d236666666666p+10, 0x1.d43eb851eb852p+10, 0x1.d79147ae147aep+10, 
0x1.d3051eb851eb8p+10, 0x1.d2e28f5c28f5cp+10, 0x1.d49f5c28f5c29p+10, 
0x1.d9e51eb851eb8p+10, 0x1.daf5c28f5c28fp+10, 0x1.e956666666666p+10, 
0x1.f2470a3d70a3dp+10, 0x1.e41a3d70a3d71p+10, 0x1.d8128f5c28f5cp+10, 
0x1.e16ae147ae148p+10, 0x1.e4f8f5c28f5c3p+10, 0x1.e47eb851eb852p+10, 
0x1.e671eb851eb85p+10, 0x1.e45p+10, 0x1.e2d5c28f5c28fp+10, 0x1.dd5a3d70a3d71p+10, 
0x1.e4p+10, 0x1.f17999999999ap+10, 0x1.0318a3d70a3d7p+11, 0x1.fbfp+10, 
0x1.f1c8f5c28f5c3p+10, 0x1.ffd8f5c28f5c3p+10, 0x1.f9b3333333333p+10, 
0x1.fe25c28f5c28fp+10, 0x1.000f5c28f5c29p+11, 0x1.ff0851eb851ecp+10, 
0x1.f8a8f5c28f5c3p+10, 0x1.f9651eb851eb8p+10, 0x1.fbe47ae147ae1p+10, 
0x1.0af3851eb851fp+11, 0x1.0fd23d70a3d71p+11, 0x1.061eb851eb852p+11, 
0x1.00ef5c28f5c29p+11, 0x1.08f947ae147aep+11, 0x1.25f851eb851ecp+11, 
0x1.1f9a3d70a3d71p+11, 0x1.124c28f5c28f6p+11, 0x1.0be4ccccccccdp+11, 
0x1.07623d70a3d71p+11, 0x1.082c7ae147ae1p+11, 0x1.0fe47ae147ae1p+11, 
0x1.2c48p+11, 0x1.378dc28f5c28fp+11, 0x1.366428f5c28f6p+11, 0x1.270947ae147aep+11, 
0x1.3346666666666p+11, 0x1.3650a3d70a3d7p+11, 0x1.461051eb851ecp+11, 
0x1.2905c28f5c28fp+11, 0x1.24ddc28f5c28fp+11, 0x1.107199999999ap+11, 
0x1.0ab5c28f5c28fp+11, 0x1.11323d70a3d71p+11, 0x1.1fd428f5c28f6p+11, 
0x1.2412e147ae148p+11, 0x1.14c23d70a3d71p+11, 0x1.0e1b333333333p+11, 
0x1.19cp+11, 0x1.1d428f5c28f5cp+11, 0x1.1d14ccccccccdp+11, 0x1.1fae147ae147bp+11, 
0x1.21028f5c28f5cp+11, 0x1.18975c28f5c29p+11, 0x1.1821eb851eb85p+11, 
0x1.22ea3d70a3d71p+11, 0x1.329b851eb851fp+11, 0x1.31a9eb851eb85p+11, 
0x1.3043d70a3d70ap+11, 0x1.27d570a3d70a4p+11, 0x1.32ap+11, 0x1.3d03851eb851fp+11, 
0x1.3e047ae147ae1p+11, 0x1.411bd70a3d70ap+11, 0x1.42a3d70a3d70ap+11, 
0x1.3de8p+11, 0x1.3870f5c28f5c3p+11, 0x1.3cea3d70a3d71p+11, 0x1.44c999999999ap+11, 
0x1.5036b851eb852p+11, 0x1.439e666666666p+11, 0x1.394cccccccccdp+11, 
0x1.41e3333333333p+11)), class = "data.frame", row.names = c(NA, 
-123L))
