structure(list(period_id = c("1999Q1", "1999Q2", "1999Q3", "1999Q4", 
"2000Q1", "2000Q2", "2000Q3", "2000Q4", "2001Q1", "2001Q2", "2001Q3", 
"2001Q4", "2002Q1", "2002Q2", "2002Q3", "2002Q4", "2003Q1", "2003Q2", 
"2003Q3", "2003Q4", "2004Q1", "2004Q2", "2004Q3", "2004Q4", "2005Q1", 
"2005Q2", "2005Q3", "2005Q4", "2006Q1", "2006Q2", "2006Q3", "2006Q4", 
"2007Q1", "2007Q2", "2007Q3", "2007Q4", "2008Q1", "2008Q2", "2008Q3", 
"2008Q4", "2009Q1", "2009Q2", "2009Q3", "2009Q4", "2010Q1", "2010Q2", 
"2010Q3", "2010Q4", "2011Q1", "2011Q2", "2011Q3", "2011Q4", "2012Q1", 
"2012Q2", "2012Q3", "2012Q4", "2013Q1", "2013Q2", "2013Q3", "2013Q4", 
"2014Q1", "2014Q2", "2014Q3", "2014Q4", "2015Q1", "2015Q2", "2015Q3", 
"2015Q4", "2016Q1", "2016Q2", "2016Q3", "2016Q4", "2017Q1", "2017Q2", 
"2017Q3", "2017Q4", "2018Q1", "2018Q2", "2018Q3", "2018Q4", "2019Q1", 
"2019Q2", "2019Q3", "2019Q4", "2020Q1", "2020Q2", "2020Q3", "2020Q4", 
"2021Q1", "2021Q2", "2021Q3", "2021Q4", "2022Q1", "2022Q2", "2022Q3", 
"2022Q4", "2023Q1", "2023Q2", "2023Q3", "2023Q4", "2024Q1", "2024Q2", 
"2024Q3", "2024Q4", "2025Q1"), value = c(0x1.aad3dd11be6e6p+5, 
0x1.25ec169c23b79p+6, 0x1.1d961fe21d96fp+6, 0x1.ec247b24638c9p+6, 
0x1.032cc5b8dc55p+6, 0x1.f29a09cc319c6p+5, 0x1.6ba0c23fab10cp+6, 
0x1.07c032db1e9f2p+7, 0x1.78f387df5cf25p+6, 0x1.2b43e1c9b413ap+6, 
0x1.5ce31593e5fb7p+6, 0x1.e823bc0a06eap+6, 0x1.59b2e2fbe33adp+6, 
0x1.321e9ea140571p+6, 0x1.12d54bcf0b6b7p+6, 0x1.7b7490e66cb1p+7, 
0x1.030a24463066p+7, 0x1.88fa8262456f7p+6, 0x1.7fc21858bc59cp+6, 
0x1.6782c1094a2bap+7, 0x1.135e6cb10342bp+7, 0x1.62cf976790321p+6, 
0x1.8c24d22c881e4p+6, 0x1.10880dc33721dp+7, 0x1.d85c8259e1f3ap+6, 
0x1.6721e9af5ba2cp+6, 0x1.86f45d851654dp+6, 0x1.035b4bf8fcd68p+7, 
0x1.b953baba7b917p+6, 0x1.f930446b69db6p+6, 0x1.f6e57646ae3a4p+6, 
0x1.0129ceaf251c2p+7, 0x1.2d5d612c6ac21p+7, 0x1.2bee5dbfceb79p+7, 
0x1.de65f3519bd4p+6, 0x1.03f552c16df4p+7, 0x1.489dc896dd26bp+7, 
0x1.462f064ece9a3p+7, 0x1.016ec7c957cd4p+7, 0x1.11f5eefe4ffc9p+7, 
0x1.e07b3a2595bbcp+7, 0x1.6f5e770bd017ep+6, 0x1.131e16d6dc1a4p+7, 
0x1.c66f3e24febd1p+7, 0x1.2eae640a6b93dp+7, 0x1.8bd8ab4fa483p+7, 
0x1.1f6ce0fc2eba2p+7, 0x1.a6e05af6c69b6p+7, 0x1.0153b213e3e29p+7, 
0x1.b8f0164840e17p+6, 0x1.4aa4473cd5736p+6, 0x1.098436544fe37p+7, 
0x1.c8a1461b6d43dp+6, 0x1.9e41cbccf28c8p+6, 0x1.49d75d13d74d6p+6, 
0x1.fc9cc5b8dc55p+6, 0x1.510705425f202p+7, 0x1.66d2dba4d6e48p+6, 
0x1.9fe9f2778140ep+6, 0x1.1006351deefe5p+7, 0x1.72b33fc86cebcp+6, 
0x1.02819d451fc4cp+7, 0x1.c00a372606facp+6, 0x1.f85311e85fd05p+6, 
0x1.afbb280f12c28p+6, 0x1.f57deacc92147p+6, 0x1.a5b05f2884838p+6, 
0x1.f497ddca4b125p+6, 0x1.c1849c2c1b11p+6, 0x1.e28d78c436fc1p+6, 
0x1.b8d3c0c1fc8f3p+6, 0x1.d68f2734f82f5p+6, 0x1.a06cc426351dfp+6, 
0x1.fd13137b07076p+6, 0x1.be0b0468448cfp+6, 0x1.eb5631b584b1bp+6, 
0x1.a05b6bf444e0ep+6, 0x1.014e09fe86834p+7, 0x1.c9ef954eb13ep+6, 
0x1.db27cb70ac3a8p+6, 0x1.a3051611ba3cap+6, 0x1.d96823c85c24cp+6, 
0x1.c6898244e93e2p+6, 0x1.e6723d4f15e7dp+6, 0x1.0a4f891e21533p+8, 
0x1.b3460389f83bep+9, 0x1.5b55be1a82624p+7, 0x1.17f6b2f23033ap+9, 
0x1.de958dde7a744p+8, 0x1.e53fedd8b60f2p+8, 0x1.27b91276fb092p+7, 
0x1.41ae8e3ef2841p+7, 0x1.2acb4528283d3p+7, 0x1.75c4f41f212d7p+7, 
0x1.5482ababead4fp+7, 0x1.a0f2960b6f9fdp+7, 0x1.24a2d245b291cp+8, 
0x1.1d505143bf727p+8, 0x1.18cf65881a155p+8, 0x1.4fd637585be1bp+8, 
0x1.17135d67ba238p+7, 0x1.804ac3a860dccp+7, 0x1.777a6fc58ab93p+7, 
0x1.c5018201cd5fap+7, 0x1.cb9d903a7546dp+7)), class = "data.frame", row.names = c(NA, 
-105L))
