structure(list(period_id = c("2000M01", "2000M02", "2000M03", 
"2000M04", "2000M05", "2000M06", "2000M07", "2000M08", "2000M09", 
"2000M10", "2000M11", "2000M12", "2001M01", "2001M02", "2001M03", 
"2001M04", "2001M05", "2001M06", "2001M07", "2001M08", "2001M09", 
"2001M10", "2001M11", "2001M12", "2002M01", "2002M02", "2002M03", 
"2002M04", "2002M05", "2002M06", "2002M07", "2002M08", "2002M09", 
"2002M10", "2002M11", "2002M12", "2003M01", "2003M02", "2003M03", 
"2003M04", "2003M05", "2003M06", "2003M07", "2003M08", "2003M09", 
"2003M10", "2003M11", "2003M12", "2004M01", "2004M02", "2004M03", 
"2004M04", "2004M05", "2004M06", "2004M07", "2004M08", "2004M09", 
"2004M10", "2004M11", "2004M12", "2005M01", "2005M02", "2005M03", 
"2005M04", "2005M05", "2005M06", "2005M07", "2005M08", "2005M09", 
"2005M10", "2005M11", "2005M12", "2006M01", "2006M02", "2006M03", 
"2006M04", "2006M05", "2006M06", "2006M07", "2006M08", "2006M09", 
"2006M10", "2006M11", "2006M12", "2007M01", "2007M02", "2007M03", 
"2007M04", "2007M05", "2007M06", "2007M07", "2007M08", "2007M09", 
"2007M10", "2007M11", "2007M12", "2008M01", "2008M02", "2008M03", 
"2008M04", "2008M05", "2008M06", "2008M07", "2008M08", "2008M09", 
"2008M10", "2008M11", "2008M12", "2009M01", "2009M02", "2009M03", 
"2009M04", "2009M05", "2009M06", "2009M07", "2009M08", "2009M09", 
"2009M10", "2009M11", "2009M12", "2010M01", "2010M02", "2010M03", 
"2010M04", "2010M05", "2010M06", "2010M07", "2010M08", "2010M09", 
"2010M10", "2010M11", "2010M12", "2011M01", "2011M02", "2011M03", 
"2011M04", "2011M05", "2011M06", "2011M07", "2011M08", "2011M09", 
"2011M10", "2011M11", "2011M12", "2012M01", "2012M02", "2012M03", 
"2012M04", "2012M05", "2012M06", "2012M07", "2012M08", "2012M09", 
"2012M10", "2012M11", "2012M12", "2013M01", "2013M02", "2013M03", 
"2013M04", "2013M05", "2013M06", "2013M07", "2013M08", "2013M09", 
"2013M10", "2013M11", "2013M12", "2014M01", "2014M02", "2014M03", 
"2014M04", "2014M05", "2014M06", "2014M07", "2014M08", "2014M09", 
"2014M10", "2014M11", "2014M12", "2015M01", "2015M02", "2015M03", 
"2015M04", "2015M05", "2015M06", "2015M07", "2015M08", "2015M09", 
"2015M10", "2015M11", "2015M12", "2016M01", "2016M02", "2016M03", 
"2016M04", "2016M05", "2016M06", "2016M07", "2016M08", "2016M09", 
"2016M10", "2016M11", "2016M12", "2017M01", "2017M02", "2017M03", 
"2017M04", "2017M05", "2017M06", "2017M07", "2017M08", "2017M09", 
"2017M10", "2017M11", "2017M12", "2018M01", "2018M02", "2018M03", 
"2018M04", "2018M05", "2018M06", "2018M07", "2018M08", "2018M09", 
"2018M10", "2018M11", "2018M12", "2019M01", "2019M02", "2019M03", 
"2019M04", "2019M05", "2019M06", "2019M07", "2019M08", "2019M09", 
"2019M10", "2019M11", "2019M12", "2020M01", "2020M02", "2020M03", 
"2020M04", "2020M05", "2020M06", "2020M07", "2020M08", "2020M09", 
"2020M10", "2020M11", "2020M12", "2021M01", "2021M02", "2021M03", 
"2021M04", "2021M05", "2021M06", "2021M07", "2021M08", "2021M09", 
"2021M10", "2021M11", "2021M12", "2022M01", "2022M02", "2022M03", 
"2022M04", "2022M05", "2022M06", "2022M07", "2022M08", "2022M09", 
"2022M10", "2022M11", "2022M12", "2023M01", "2023M02", "2023M03", 
"2023M04", "2023M05", "2023M06", "2023M07", "2023M08", "2023M09", 
"2023M10", "2023M11", "2023M12", "2024M01", "2024M02", "2024M03", 
"2024M04", "2024M05", "2024M06", "2024M07", "2024M08", "2024M09", 
"2024M10", "2024M11", "2024M12", "2025M01", "2025M02", "2025M03", 
"2025M04", "2025M05", "2025M06"), value = c(0x1.a6f0a45d41fa7p+6, 
0x1.af0c764adff82p+6, 0x1.7196eb4e98138p+6, 0x1.ac7b0a6fc58acp+6, 
0x1.d4a93ccd0fe8bp+6, 0x1.9e68d79d0a676p+6, 0x1.abe97d49d7ba6p+6, 
0x1.b062745bf26f2p+6, 0x1.8603f24d8fd5dp+6, 0x1.bb92fb19e731dp+6, 
0x1.ac95e6bc621b8p+6, 0x1.894fe542e557ep+6, 0x1.6b448c2e770bdp+6, 
0x1.6f5a89fc6da45p+6, 0x1.b5c63c31df762p+6, 0x1.7fd5ba2be058ap+6, 
0x1.5b77ee4e26d48p+6, 0x1.999cf56eac86p+6, 0x1.7a8cd6c2efd44p+6, 
0x1.9d1e618ce2d1fp+6, 0x1.a8fd55e6bc622p+6, 0x1.7460153bd1676p+6, 
0x1.824a0e410b631p+6, 0x1.b29949e8815e4p+6, 0x1.d75de9c0229a6p+6, 
0x1.d0ae225fa658cp+6, 0x1.92bf0995aaf79p+6, 0x1.8dcf32378ab0dp+6, 
0x1.b4fa715831f04p+6, 0x1.92726dce39b45p+6, 0x1.921f5c6c11a11p+6, 
0x1.78aa27f1b6912p+6, 0x1.a0edece571088p+6, 0x1.acdb927d45a6p+6, 
0x1.a7de8e1d6494dp+6, 0x1.8d4e9ea140571p+6, 0x1.7c0d2674080fap+6, 
0x1.786f8e7ddca4bp+6, 0x1.c1a53d640e9d5p+6, 0x1.ebdbf93ff25e5p+6, 
0x1.adc9ecf638002p+6, 0x1.d88e568a50508p+6, 0x1.f080852b4d8bap+6, 
0x1.c310357a35504p+6, 0x1.a148887229e9p+6, 0x1.ce487c200c0fp+6, 
0x1.9f61a005c4652p+6, 0x1.8fb286f8ad256p+6, 0x1.b0e5bdd76683cp+6, 
0x1.b1684b5dcc63fp+6, 0x1.7ae68a0d349bfp+6, 0x1.598310129cbabp+6, 
0x1.75af2becedd48p+6, 0x1.501503fb37436p+6, 0x1.515e132b55ef2p+6, 
0x1.7059acffa7eb7p+6, 0x1.a5701b866e43bp+6, 0x1.526c6822ff089p+6, 
0x1.942934267839dp+6, 0x1.d9dd78811b1d9p+6, 0x1.958f13059641fp+6, 
0x1.a1fb0bbf50e34p+6, 0x1.c2e07bbb62414p+6, 0x1.1f7974a3400b9p+6, 
0x1.603a6c5d206c8p+6, 0x1.79616b97fe8eep+6, 0x1.d0679f666234bp+6, 
0x1.acbb7b28954a8p+6, 0x1.81abef49cf56fp+6, 0x1.c20ad2dcb1466p+6, 
0x1.9e94167a95c85p+6, 0x1.58f558a761028p+6, 0x1.e1a8c5004fb12p+6, 
0x1.a784bfd2e9468p+6, 0x1.730fb19e731d3p+6, 0x1.a1df976790321p+6, 
0x1.96b61bb05faecp+6, 0x1.97bb1d4f9c1f8p+6, 0x1.52dfcc9ea9a3dp+6, 
0x1.8b8361dc93ea3p+6, 0x1.c595857afea3ep+6, 0x1.c5bd9e40c8473p+6, 
0x1.d8970196d8f5p+6, 0x1.0f7a276b7ed42p+7, 0x1.88df0e4da09ccp+6, 
0x1.ba8bdec5f394bp+6, 0x1.ee0cfe154434ep+6, 0x1.dba35653c9abbp+6, 
0x1.db0a3c64345dp+6, 0x1.ea08af3e468cbp+6, 0x1.5bbd801b43526p+6, 
0x1.0888f840181ep+7, 0x1.ba54e2b063e08p+6, 0x1.d45081c2e33fp+6, 
0x1.e259008205ff2p+6, 0x1.ad10ad46f587dp+6, 0x1.efe1b4fe79eep+6, 
0x1.f1a6d117b5287p+6, 0x1.f5b3493858362p+6, 0x1.edf700474d9c7p+6, 
0x1.daf069e7fb268p+6, 0x1.e270be0ded289p+6, 0x1.bc973c0c1fc8fp+6, 
0x1.b13062d40aaebp+6, 0x1.d9cd805e5f30ep+6, 0x1.ceb8b502ababfp+6, 
0x1.a4e0c1b97353bp+6, 0x1.f2b23422467bep+6, 0x1.d58f09528f191p+6, 
0x1.dd5cd20afa2fp+6, 0x1.c7242396073dep+6, 0x1.b7b81b64e0547p+6, 
0x1.bb9a54c554328p+6, 0x1.c3905f2884838p+6, 0x1.c4e30728e92d5p+6, 
0x1.b9f33ca31e7dap+6, 0x1.cd871758e2196p+6, 0x1.bd75b035bd513p+6, 
0x1.f4fce358298ccp+6, 0x1.a280cb6c7a7cap+6, 0x1.e8f60242d05f3p+6, 
0x1.da03bc4d22c88p+6, 0x1.f09f3fd933e36p+6, 0x1.fab73f748a15ap+6, 
0x1.0e9310129cbabp+7, 0x1.f8446bf01322fp+6, 0x1.098c399b2c40dp+7, 
0x1.1880cbd1244a6p+7, 0x1.029accf6be37ep+7, 0x1.0884d834091c1p+7, 
0x1.fb203cd141a69p+6, 0x1.12d08e79aae6dp+7, 0x1.e1a5fc7e6b3ffp+6, 
0x1.02c6fd651b0cdp+7, 0x1.f7cc5bd0e12e8p+6, 0x1.f4929888f861ap+6, 
0x1.b5133269df97bp+6, 0x1.e8054fbdad752p+6, 0x1.e6d8c586876e2p+6, 
0x1.bd01d68c692f7p+6, 0x1.e1c647baa9b4ap+6, 0x1.e395870da5dafp+6, 
0x1.f02f6ad70e6f3p+6, 0x1.def3810e8859p+6, 0x1.e6517507e9d95p+6, 
0x1.b7943bf727137p+6, 0x1.a7f7e80389f84p+6, 0x1.dc52ce032db1fp+6, 
0x1.f0bcb5781c715p+6, 0x1.d6291dde37586p+6, 0x1.c5a9bb6aa4b99p+6, 
0x1.d4755b8993922p+6, 0x1.ed4b34a44c7bp+6, 0x1.ccfe3ef284168p+6, 
0x1.a9714c660a201p+6, 0x1.84a9a30984e4p+6, 0x1.9e41ecd4aa10ep+6, 
0x1.d95421c044285p+6, 0x1.02426351deefep+7, 0x1.a78fbb517a461p+6, 
0x1.9a74649906ccap+6, 0x1.b301d96e9bbf1p+6, 0x1.d037f993d5348p+6, 
0x1.e1f0b1feeb2d1p+6, 0x1.91c57bc7f77afp+6, 0x1.b28780baa582ep+6, 
0x1.e7c0bcbe61dp+6, 0x1.15b54de7ea5f8p+7, 0x1.ec760a633051p+6, 
0x1.bb9f776c4827bp+6, 0x1.83e1144cbe1ebp+6, 0x1.59d3e1c9b413ap+7, 
0x1.d4e70b49e01dep+6, 0x1.c2ca1059ea572p+6, 0x1.96f142b302f73p+6, 
0x1.941d87724fa8bp+6, 0x1.de9152b0a6fc6p+6, 0x1.bdba619da9c99p+6, 
0x1.8109c4da9003fp+6, 0x1.ff7daf8df7a4ep+5, 0x1.9735e5f30e7ffp+6, 
0x1.a226fb09203a3p+6, 0x1.bd71876188b11p+6, 0x1.c6124e160d888p+6, 
0x1.c225abc0e38a8p+6, 0x1.b9e18ce2d1f1dp+6, 0x1.d806cce5f7404p+6, 
0x1.ba550acc0bdcbp+6, 0x1.6c652c16df3f9p+6, 0x1.87a6102795704p+6, 
0x1.e971c8a7a41e5p+6, 0x1.dce97b30f8c65p+6, 0x1.ca1d523b3636fp+6, 
0x1.b539d2391d58p+6, 0x1.baeb81f969e3dp+6, 0x1.a774395810625p+6, 
0x1.a62d3953dea46p+6, 0x1.a98bd9cae211p+6, 0x1.821ebf22c01e7p+6, 
0x1.b911b003686a5p+6, 0x1.077678e1932d7p+7, 0x1.05161deacc921p+7, 
