structure(list(period_id = c("1995Q1", "1995Q2", "1995Q3", "1995Q4", 
"1996Q1", "1996Q2", "1996Q3", "1996Q4", "1997Q1", "1997Q2", "1997Q3", 
"1997Q4", "1998Q1", "1998Q2", "1998Q3", "1998Q4", "1999Q1", "1999Q2", 
"1999Q3", "1999Q4", "2000Q1", "2000Q2", "2000Q3", "2000Q4", "2001Q1", 
"2001Q2", "2001Q3", "2001Q4", "2002Q1", "2002Q2", "2002Q3", "2002Q4", 
"2003Q1", "2003Q2", "2003Q3", "2003Q4", "2004Q1", "2004Q2", "2004Q3", 
"2004Q4", "2005Q1", "2005Q2", "2005Q3", "2005Q4", "2006Q1", "2006Q2", 
"2006Q3", "2006Q4", "2007Q1", "2007Q2", "2007Q3", "2007Q4", "2008Q1", 
"2008Q2", "2008Q3", "2008Q4", "2009Q1", "2009Q2", "2009Q3", "2009Q4", 
"2010Q1", "2010Q2", "2010Q3", "2010Q4", "2011Q1", "2011Q2", "2011Q3", 
"2011Q4", "2012Q1", "2012Q2", "2012Q3", "2012Q4", "2013Q1", "2013Q2", 
"2013Q3", "2013Q4", "2014Q1", "2014Q2", "2014Q3", "2014Q4", "2015Q1", 
"2015Q2", "2015Q3", "2015Q4", "2016Q1", "2016Q2", "2016Q3", "2016Q4", 
"2017Q1", "2017Q2", "2017Q3", "2017Q4", "2018Q1", "2018Q2", "2018Q3", 
"2018Q4", "2019Q1", "2019Q2", "2019Q3", "2019Q4", "2020Q1", "2020Q2", 
"2020Q3", "2020Q4", "2021Q1", "2021Q2", "2021Q3", "2021Q4", "2022Q1", 
"2022Q2", "2022Q3", "2022Q4", "2023Q1", "2023Q2", "2023Q3", "2023Q4", 
"2024Q1", "2024Q2", "2024Q3"), value = c(0x1.a9bd851654d62p+5, 
0x1.fde36a832b991p+5, 0x1.05d73860999ddp+6, 0x1.a07843c3a42f2p+5, 
0x1.c8322ea0fd3b3p+5, 0x1.e5b19157abb88p+5, 0x1.0e3c50ce4ead1p+6, 
0x1.904b6ae7d566dp+5, 0x1.7afbd6a593a2ep+5, 0x1.f583ef284167bp+5, 
0x1.08cff1d81f106p+6, 0x1.e499d4d834092p+5, 0x1.19e7136a400fcp+6, 
0x1.5a17d2849cb25p+6, 0x1.6b1fa3b9ae0c1p+6, 0x1.40f691212513bp+6, 
0x1.4cdeeae9ee45cp+6, 0x1.ad1a2cecc814dp+6, 0x1.50a02c4d65e46p+6, 
0x1.279013660e51dp+6, 0x1.ab3cf398e9707p+6, 0x1.abed08919ef95p+6, 
0x1.e99d6e04c0592p+6, 0x1.8d569d7342edcp+6, 0x1.a30a137f38c54p+6, 
0x1.df46bb98c7e28p+6, 0x1.037016f0068dcp+7, 0x1.ade69fcf3dc05p+6, 
0x1.b5299fa11a976p+6, 0x1.da20e34762952p+6, 0x1.eda04295a6c5dp+6, 
0x1.dcee5321e603dp+6, 0x1.dd74a5df2239ep+6, 0x1.3bacc9a77e5ebp+7, 
0x1.1dbbe6601bc99p+7, 0x1.1ddc8323358f3p+7, 0x1.7bbb23358f2ep+7, 
0x1.5dcaaa9f7b5afp+7, 0x1.7535d9a0f0a5fp+7, 0x1.4d9a71151611cp+7, 
0x1.53658cb07d0afp+7, 0x1.61419a415f45ep+7, 0x1.4dbe2f5989df1p+7, 
0x1.70658e8640208p+7, 0x1.9b53866e43aa8p+7, 0x1.b05a79fec99f2p+7, 
0x1.06ad103c8e25dp+8, 0x1.10b567dbb16c2p+8, 0x1.fe6db0142f61fp+7, 
0x1.4b5bc126a65cfp+8, 0x1.4020064a9cdc4p+8, 0x1.e66934267839dp+7, 
0x1.e4deccc46951p+7, 0x1.3b042d490e66dp+8, 0x1.249c22ff08894p+8, 
0x1.9e247021d10b2p+7, 0x1.0fdaed783dff4p+7, 0x1.3a555dc400757p+7, 
0x1.3723e0157eed4p+7, 0x1.016d6a593a2ep+7, 0x1.7a75d206c8712p+6, 
0x1.ce9661f18c9fbp+6, 0x1.c4b261bf37b8dp+6, 0x1.1be1f644955b4p+7, 
0x1.3124925785f8dp+7, 0x1.5a37221858bc6p+7, 0x1.329bdf4c2b51cp+7, 
0x1.3a611a975afbp+7, 0x1.f0435653c9abbp+6, 0x1.04627e9531551p+7, 
0x1.7dc38327674d1p+6, 0x1.971593a2df938p+6, 0x1.05984039abf34p+7, 
0x1.06a00dc33721dp+7, 0x1.cb35360d0247p+6, 0x1.425084a515ceap+7, 
0x1.3cb8c6d612c6bp+7, 0x1.20774adbc664dp+7, 0x1.15d995cc857f3p+7, 
0x1.389bdea465a57p+7, 0x1.576d9f6ec5b08p+7, 0x1.62bc766c6de76p+7, 
0x1.4410e66cb1034p+7, 0x1.99da077036c9cp+7, 0x1.b3dc33b539325p+7, 
0x1.b571ea78af3e4p+7, 0x1.9d480fdc1615fp+7, 0x1.c5e747f993d53p+7, 
0x1.e81aaa7ded6bbp+7, 0x1.d319652bd3c36p+7, 0x1.b17d527e52157p+7, 
0x1.f26ab9d3cbc49p+7, 0x1.0c26c892ab68dp+8, 0x1.0909dc50ce4ebp+8, 
0x1.e20f5818c5c9ap+7, 0x1.0cebdcdf69878p+8, 0x1.16c3cee9dd7edp+8, 
0x1.f2e88d08919fp+7, 0x1.c43960b6f9fcbp+7, 0x1.db33994e1a3f4p+7, 
0x1.963f2495e17e3p+7, 0x1.4ee7d9fd36f7ep+7, 0x1.9b0533f42352fp+7, 
0x1.a5cd7e889c1b5p+7, 0x1.116ed5cfaacdap+8, 0x1.ea28793dd97f6p+7, 
0x1.efec60ed80a18p+7, 0x1.25956872b020cp+8, 0x1.6f328f5c28f5cp+8, 
0x1.557180a17b0f7p+8, 0x1.4cbde18efbb0ep+8, 0x1.7964fb65668c2p+8, 
0x1.996857afea3dfp+8, 0x1.4e62bd1aa821fp+8, 0x1.49e7e79ee02a7p+8, 
0x1.6b7cf0a5efe93p+8, 0x1.ac9d62ae4b018p+8, 0x1.6340093d96638p+8, 
0x1.23683fe5c91d1p+8)), class = "data.frame", row.names = c(NA, 
-119L))
