structure(list(period_id = c("2000", "2001", "2002", "2003", 
"2004", "2005", "2006", "2007", "2008", "2009", "2010", "2011", 
"2012", "2013", "2014", "2015", "2016", "2017", "2018", "2019", 
"2020", "2021", "2022"), value = c(0x1.02510d9d7774bp+8, 0x1.34b68b08dd1e5p+8, 
0x1.24899a95421cp+8, 0x1.105f8fcd67fd4p+8, 0x1.7099045fe1112p+8, 
0x1.a620450268901p+8, 0x1.a0927e73a365dp+8, 0x1.8ee0e9813879cp+8, 
0x1.f3b4b790fb656p+8, 0x1.b5dd5cc857f3p+8, 0x1.93d6a0663c75p+8, 
0x1.d153202107b78p+8, 0x1.cfcf3bc903ea7p+8, 0x1.b4a83526527a2p+8, 
0x1.9587892ee84adp+8, 0x1.b2badd26b723fp+8, 0x1.a3e9ddc1e7968p+8, 
0x1.05c6e56041893p+9, 0x1.11f8ee392e1efp+9, 0x1.47ceb838c111bp+9, 
0x1.1ef69774256bdp+9, 0x1.5344bb44e50c6p+9, 0x1.be7063ae2541ep+9
)), class = "data.frame", row.names = c(NA, -23L))
