structure(list(period_id = c("1995", "1996", "1997", "1998", 
"1999", "2000", "2001", "2002", "2003", "2004", "2005", "2006", 
"2007", "2008", "2009", "2010", "2011", "2012", "2013", "2014", 
"2015", "2016", "2017", "2018", "2019", "2020", "2021", "2022", 
"2023"), value = c(0x1.af72467be553bp+6, 0x1.f817ec7863befp+6, 
0x1.15318b9346994p+7, 0x1.3acbb0c4588ap+7, 0x1.68f3940fecdd1p+7, 
0x1.acb5538ac18f8p+7, 0x1.2eb7ae147ae14p+8, 0x1.5d84ca70d1fa3p+8, 
0x1.6b66a1f8e3ac1p+8, 0x1.4af691105e1c1p+8, 0x1.8f60fbdad7519p+8, 
0x1.98071d1d4738ap+8, 0x1.c8d1a5a89b952p+7, 0x1.bf0e3c536d656p+7, 
0x1.04a87a28bb0a3p+8, 0x1.407deaab04253p+8, 0x1.4a2cddc619546p+8, 
0x1.542ec77574f72p+8, 0x1.47ea6b1e5c0bap+8, 0x1.425358d1526d9p+8, 
0x1.2b583b3e9a6f8p+8, 0x1.36191e42e1262p+8, 0x1.5281a437824d5p+8, 
0x1.6c888ce703afbp+8, 0x1.6bb3ebd09e12ap+8, 0x1.9ba54ee392e1fp+8, 
0x1.dfab42edbb59ep+8, 0x1.e16f82e44b6e9p+8, 0x1.157cc7192ea53p+9
)), class = "data.frame", row.names = c(NA, -29L))
