structure(list(period_id = c("1995Q1", "1995Q2", "1995Q3", "1995Q4", 
"1996Q1", "1996Q2", "1996Q3", "1996Q4", "1997Q1", "1997Q2", "1997Q3", 
"1997Q4", "1998Q1", "1998Q2", "1998Q3", "1998Q4", "1999Q1", "1999Q2", 
"1999Q3", "1999Q4", "2000Q1", "2000Q2", "2000Q3", "2000Q4", "2001Q1", 
"2001Q2", "2001Q3", "2001Q4", "2002Q1", "2002Q2", "2002Q3", "2002Q4", 
"2003Q1", "2003Q2", "2003Q3", "2003Q4", "2004Q1", "2004Q2", "2004Q3", 
"2004Q4", "2005Q1", "2005Q2", "2005Q3", "2005Q4", "2006Q1", "2006Q2", 
"2006Q3", "2006Q4", "2007Q1", "2007Q2", "2007Q3", "2007Q4", "2008Q1", 
"2008Q2", "2008Q3", "2008Q4", "2009Q1", "2009Q2", "2009Q3", "2009Q4", 
"2010Q1", "2010Q2", "2010Q3", "2010Q4", "2011Q1", "2011Q2", "2011Q3", 
"2011Q4", "2012Q1", "2012Q2", "2012Q3", "2012Q4", "2013Q1", "2013Q2", 
"2013Q3", "2013Q4", "2014Q1", "2014Q2", "2014Q3", "2014Q4", "2015Q1", 
"2015Q2", "2015Q3", "2015Q4", "2016Q1", "2016Q2", "2016Q3", "2016Q4", 
"2017Q1", "2017Q2", "2017Q3", "2017Q4", "2018Q1", "2018Q2", "2018Q3", 
"2018Q4", "2019Q1", "2019Q2", "2019Q3", "2019Q4", "2020Q1", "2020Q2", 
"2020Q3", "2020Q4", "2021Q1", "2021Q2", "2021Q3", "2021Q4", "2022Q1", 
"2022Q2", "2022Q3", "2022Q4", "2023Q1", "2023Q2", "2023Q3", "2023Q4", 
"2024Q1", "2024Q2", "2024Q3"), value = c(NA, NA, NA, NA, 0x1.253f1c714fce7p+10, 
0x1.5f731fafc8bp+10, 0x1.511e8c7e28241p+10, 0x1.4072e225fa659p+10, 
0x1.3692875925354p+10, 0x1.90310e8c8abd6p+10, 0x1.7f0f96312f4cfp+10, 
0x1.757dbb83cf2dp+10, 0x1.6635b5a20ddc6p+10, 0x1.9c91ec5f394b8p+10, 
0x1.8ebfefa1e3eafp+10, 0x1.9f2b0229a5ebbp+10, 0x1.8e02b6c7a7c9ep+10, 
0x1.03d10270f3882p+11, 0x1.af12a83f4eca7p+10, 0x1.c05f14f0520d1p+10, 
0x1.a9a33faf42785p+10, 0x1.d0edfeb8d8234p+10, 0x1.d9d8db6e503fbp+10, 
0x1.db5cf1cfbb949p+10, 0x1.a85d5ed06fef8p+10, 0x1.d9f2ebfa8f7dbp+10, 
0x1.f05aadcd2d44ep+10, 0x1.e1ff4ac29bf16p+10, 0x1.a5aaff21b3aefp+10, 
0x1.d2f1c45cbbc2cp+10, 0x1.e232667f90d9dp+10, 0x1.f2fb0fbeb9e49p+10, 
0x1.b4bd9b8023a6dp+10, 0x1.f8e77891e2153p+10, 0x1.021bf6ad70e6fp+11, 
0x1.04151210385c6p+11, 0x1.d81b54152b0a7p+10, 0x1.06bafb224aadap+11, 
0x1.13a28fcf80dc3p+11, 0x1.0d6d72e8c0486p+11, 0x1.d34880cb6c7a8p+10, 
0x1.14f9e4de3b8a2p+11, 0x1.17d3d199bb279p+11, 0x1.231c47607c41ap+11, 
0x1.f96aea1c68ec5p+10, 0x1.27693e39f7729p+11, 0x1.38f0f1cda2b5ap+11, 
0x1.4b5850a45d42p+11, 0x1.21bec0789613dp+11, 0x1.558cc52c59fb2p+11, 
0x1.614bc6f9b994ep+11, 0x1.5e06fcd035372p+11, 0x1.5066a61bf37b9p+11, 
0x1.82143e5109071p+11, 0x1.7939eaa087ca6p+11, 0x1.48f8cb1897a68p+11, 
0x1.0c0bdb291b824p+11, 0x1.2221ad0e56042p+11, 0x1.1ed8b50b0f27cp+11, 
0x1.0c4044d22c882p+11, 0x1.b9439a5657fb7p+10, 0x1.ee8b351159c49p+10, 
0x1.e2db59ab6d00bp+10, 0x1.edf9322f2735p+10, 0x1.96333f077cccp+10, 
0x1.ce03d759ee88ep+10, 0x1.ce0f82c2bd7f5p+10, 0x1.e57e583a53b8ep+10, 
0x1.7a5900bcbe61dp+10, 0x1.a9476188b1141p+10, 0x1.b036a8da7f3cfp+10, 
0x1.acc9ef284167bp+10, 0x1.8696001d5c316p+10, 0x1.b25e4c2b51bd6p+10, 
0x1.b10446994185p+10, 0x1.d35b08398a655p+10, 0x1.8d0a4213a0c6bp+10, 
0x1.c081023a6ce36p+10, 0x1.c206a960b6fap+10, 0x1.bdb049a9973dap+10, 
0x1.862a6744b2b77p+10, 0x1.b82001f75104dp+10, 0x1.b6dd5b6805a2dp+10, 
0x1.cd51f68be2f7bp+10, 0x1.6c93f1843c3a4p+10, 0x1.a94cffda4052dp+10, 
0x1.acf30f3882279p+10, 0x1.cc965870da5dbp+10, 0x1.9798a38fbca1p+10, 
0x1.cda0b2a6b0d95p+10, 0x1.c93a6f826edabp+10, 0x1.00066807bbb62p+11, 
0x1.c0f9de7a743a6p+10, 0x1.fbda50d2806afp+10, 0x1.02f1e2888b546p+11, 
0x1.1722c83cafb3bp+11, 0x1.f8a73821af7d3p+10, 0x1.13b9c2a8869c6p+11, 
0x1.0bfce89656efp+11, 0x1.0e909d3cbc48fp+11, 0x1.db7d7442c7fbbp+10, 
0x1.cb096b59146e5p+10, 0x1.00a6b01c92ddcp+11, 0x1.0a10d18090b41p+11, 
0x1.010d28240b78p+11, 0x1.13e09e30014f9p+11, 0x1.1b056cb10342bp+11, 
0x1.2789696c3fc44p+11, 0x1.14e69c087442cp+11, 0x1.213862d83c6c9p+11, 
0x1.284978ab0c88ap+11, 0x1.278b61437c569p+11, 0x1.217157603925cp+11, 
0x1.306955171e29bp+11, 0x1.301479702e664p+11, 0x1.30e0a7cbf6e3fp+11, 
0x1.246337c7820a3p+11, 0x1.2bb67dcbddb98p+11, 0x1.17063dba0a527p+11
)), class = "data.frame", row.names = c(NA, -119L))
