structure(list(period_id = c("1991Q1", "1991Q2", "1991Q3", "1991Q4", 
"1992Q1", "1992Q2", "1992Q3", "1992Q4", "1993Q1", "1993Q2", "1993Q3", 
"1993Q4", "1994Q1", "1994Q2", "1994Q3", "1994Q4", "1995Q1", "1995Q2", 
"1995Q3", "1995Q4", "1996Q1", "1996Q2", "1996Q3", "1996Q4", "1997Q1", 
"1997Q2", "1997Q3", "1997Q4", "1998Q1", "1998Q2", "1998Q3", "1998Q4", 
"1999Q1", "1999Q2", "1999Q3", "1999Q4", "2000Q1", "2000Q2", "2000Q3", 
"2000Q4", "2001Q1", "2001Q2", "2001Q3", "2001Q4", "2002Q1", "2002Q2", 
"2002Q3", "2002Q4", "2003Q1", "2003Q2", "2003Q3", "2003Q4", "2004Q1", 
"2004Q2", "2004Q3", "2004Q4", "2005Q1", "2005Q2", "2005Q3", "2005Q4", 
"2006Q1", "2006Q2", "2006Q3", "2006Q4", "2007Q1", "2007Q2", "2007Q3", 
"2007Q4", "2008Q1", "2008Q2", "2008Q3", "2008Q4", "2009Q1", "2009Q2", 
"2009Q3", "2009Q4", "2010Q1", "2010Q2", "2010Q3", "2010Q4", "2011Q1", 
"2011Q2", "2011Q3", "2011Q4", "2012Q1", "2012Q2", "2012Q3", "2012Q4", 
"2013Q1", "2013Q2", "2013Q3", "2013Q4", "2014Q1", "2014Q2", "2014Q3", 
"2014Q4", "2015Q1", "2015Q2", "2015Q3", "2015Q4", "2016Q1", "2016Q2", 
"2016Q3", "2016Q4", "2017Q1", "2017Q2", "2017Q3", "2017Q4", "2018Q1", 
"2018Q2", "2018Q3", "2018Q4", "2019Q1", "2019Q2", "2019Q3", "2019Q4", 
"2020Q1", "2020Q2", "2020Q3", "2020Q4", "2021Q1", "2021Q2", "2021Q3", 
"2021Q4", "2022Q1", "2022Q2", "2022Q3", "2022Q4", "2023Q1", "2023Q2", 
"2023Q3", "2023Q4", "2024Q1", "2024Q2", "2024Q3", "2024Q4", "2025Q1", 
"2025Q2"), value = c(0x1.f9a06cccccccdp+18, 0x1.f732e66666666p+18, 
0x1.f669d33333333p+18, 0x1.fda019999999ap+18, 0x1.025219999999ap+19, 
0x1.00b6c9999999ap+19, 0x1.001b666666666p+19, 0x1.fec9333333333p+18, 
0x1.fabbcp+18, 0x1.face0cccccccdp+18, 0x1.fdcdd9999999ap+18, 
0x1.fd602cccccccdp+18, 0x1.0248f66666666p+19, 0x1.03b6933333333p+19, 
0x1.053f9cccccccdp+19, 0x1.0823f9999999ap+19, 0x1.0718a33333333p+19, 
0x1.0933e66666666p+19, 0x1.09bdp+19, 0x1.09d869999999ap+19, 0x1.07f4066666666p+19, 
0x1.0b8f29999999ap+19, 0x1.0c9839999999ap+19, 0x1.0f0eep+19, 
0x1.0dacb9999999ap+19, 0x1.10ac833333333p+19, 0x1.11beb66666666p+19, 
0x1.13c7b66666666p+19, 0x1.1669ccccccccdp+19, 0x1.1520c33333333p+19, 
0x1.167c166666666p+19, 0x1.1669dp+19, 0x1.19a5p+19, 0x1.1949966666666p+19, 
0x1.1d24c33333333p+19, 0x1.1e801cccccccdp+19, 0x1.22eb333333333p+19, 
0x1.253d533333333p+19, 0x1.257429999999ap+19, 0x1.24344p+19, 
0x1.2a686p+19, 0x1.29a87p+19, 0x1.29a87p+19, 0x1.28baccccccccdp+19, 
0x1.275899999999ap+19, 0x1.287d166666666p+19, 0x1.2a86166666666p+19, 
0x1.29b3dcccccccdp+19, 0x1.25a8bcccccccdp+19, 0x1.261669999999ap+19, 
0x1.28c3e9999999ap+19, 0x1.291f533333333p+19, 0x1.28aac9999999ap+19, 
0x1.2a6aa9999999ap+19, 0x1.2973ep+19, 0x1.2958766666666p+19, 
0x1.29d18cccccccdp+19, 0x1.2b9a933333333p+19, 0x1.2df5d9999999ap+19, 
0x1.2f1a59999999ap+19, 0x1.327c6p+19, 0x1.37bcp+19, 0x1.3a17433333333p+19, 
0x1.3eb25cccccccdp+19, 0x1.3f1dc66666666p+19, 0x1.41390cccccccdp+19, 
0x1.42dd7cccccccdp+19, 0x1.4541ep+19, 0x1.472ae9999999ap+19, 
0x1.45fd49999999ap+19, 0x1.44344p+19, 0x1.3f2b7p+19, 0x1.3035a9999999ap+19, 
0x1.30f59cccccccdp+19, 0x1.32da133333333p+19, 0x1.353559999999ap+19, 
0x1.37751cccccccdp+19, 0x1.3e34acccccccdp+19, 0x1.4146c33333333p+19, 
0x1.43621p+19, 0x1.493acp+19, 0x1.4a1f433333333p+19, 0x1.4be8466666666p+19, 
0x1.4bdf233333333p+19, 0x1.4c93a66666666p+19, 0x1.4cef1p+19, 
0x1.4d9cb66666666p+19, 0x1.4c9cccccccccdp+19, 0x1.4ac609999999ap+19, 
0x1.4ea139999999ap+19, 0x1.5057f66666666p+19, 0x1.50d7fp+19, 
0x1.545c4p+19, 0x1.5449f66666666p+19, 0x1.562e633333333p+19, 
0x1.58c99cccccccdp+19, 0x1.5809b66666666p+19, 0x1.59d2b66666666p+19, 
0x1.5baep+19, 0x1.5d77p+19, 0x1.608919999999ap+19, 0x1.61522cccccccdp+19, 
0x1.6292133333333p+19, 0x1.6436866666666p+19, 0x1.68d62cccccccdp+19, 
0x1.6b684cccccccdp+19, 0x1.6e4cacccccccdp+19, 0x1.720349999999ap+19, 
0x1.6ff7f9999999ap+19, 0x1.72dc59999999ap+19, 0x1.706eccccccccdp+19, 
0x1.7213433333333p+19, 0x1.7480ccccccccdp+19, 0x1.74b7a33333333p+19, 
0x1.7625433333333p+19, 0x1.74e559999999ap+19, 0x1.6d5399999999ap+19, 
0x1.4ce8333333333p+19, 0x1.69cab66666666p+19, 0x1.6d4a766666666p+19, 
0x1.6b0aap+19, 0x1.7393266666666p+19, 0x1.73e569999999ap+19, 
0x1.75e5466666666p+19, 0x1.786e3cccccccdp+19, 0x1.790079999999ap+19, 
0x1.7a1bd33333333p+19, 0x1.78c9a33333333p+19, 0x1.7702e9999999ap+19, 
0x1.76b9c66666666p+19, 0x1.76b9c9999999ap+19, 0x1.75b0b66666666p+19, 
0x1.7549e33333333p+19, 0x1.745319999999ap+19, 0x1.74656p+19, 
0x1.75130cccccccdp+19, 0x1.7637866666666p+19, 0x1.75ee69999999ap+19
)), class = "data.frame", row.names = c(NA, -138L))
