structure(list(period_id = c("1995Q1", "1995Q2", "1995Q3", "1995Q4", 
"1996Q1", "1996Q2", "1996Q3", "1996Q4", "1997Q1", "1997Q2", "1997Q3", 
"1997Q4", "1998Q1", "1998Q2", "1998Q3", "1998Q4", "1999Q1", "1999Q2", 
"1999Q3", "1999Q4", "2000Q1", "2000Q2", "2000Q3", "2000Q4", "2001Q1", 
"2001Q2", "2001Q3", "2001Q4", "2002Q1", "2002Q2", "2002Q3", "2002Q4", 
"2003Q1", "2003Q2", "2003Q3", "2003Q4", "2004Q1", "2004Q2", "2004Q3", 
"2004Q4", "2005Q1", "2005Q2", "2005Q3", "2005Q4", "2006Q1", "2006Q2", 
"2006Q3", "2006Q4", "2007Q1", "2007Q2", "2007Q3", "2007Q4", "2008Q1", 
"2008Q2", "2008Q3", "2008Q4", "2009Q1", "2009Q2", "2009Q3", "2009Q4", 
"2010Q1", "2010Q2", "2010Q3", "2010Q4", "2011Q1", "2011Q2", "2011Q3", 
"2011Q4", "2012Q1", "2012Q2", "2012Q3", "2012Q4", "2013Q1", "2013Q2", 
"2013Q3", "2013Q4", "2014Q1", "2014Q2", "2014Q3", "2014Q4", "2015Q1", 
"2015Q2", "2015Q3", "2015Q4", "2016Q1", "2016Q2", "2016Q3", "2016Q4", 
"2017Q1", "2017Q2", "2017Q3", "2017Q4", "2018Q1", "2018Q2", "2018Q3", 
"2018Q4", "2019Q1", "2019Q2", "2019Q3", "2019Q4", "2020Q1", "2020Q2", 
"2020Q3", "2020Q4", "2021Q1", "2021Q2", "2021Q3", "2021Q4", "2022Q1", 
"2022Q2", "2022Q3", "2022Q4", "2023Q1", "2023Q2", "2023Q3", "2023Q4", 
"2024Q1", "2024Q2", "2024Q3"), value = c(NA, NA, NA, NA, 0x1.2b6716ce789e7p+10, 
0x1.2db118efbb0e6p+10, 0x1.3153749adc8fcp+10, 0x1.328f901d19158p+10, 
0x1.371b5db76b3bcp+10, 0x1.3a3e9146e4c0ep+10, 0x1.3d39d1d4738a4p+10, 
0x1.4207f6837f7bep+10, 0x1.41c98f4f93bc1p+10, 0x1.45da6f1dc50cep+10, 
0x1.497a7fbacb429p+10, 0x1.4ddd1bf7ad4b2p+10, 0x1.5094b838c111bp+10, 
0x1.55457d9988d2ap+10, 0x1.584be642bf983p+10, 0x1.5a658cd20afa3p+10, 
0x1.61803b8e4b87cp+10, 0x1.632d2fa509396p+10, 0x1.64b281cb46badp+10, 
0x1.6736d38cda6e7p+10, 0x1.6a68ed06fef7cp+10, 0x1.6c33c061847f5p+10, 
0x1.6f932d98bf7fp+10, 0x1.709e1198aeb81p+10, 0x1.7410626b2f23p+10, 
0x1.774229aa1d756p+10, 0x1.7a0946aa087cap+10, 0x1.7e05aee631f8ap+10, 
0x1.7ef231d712a0fp+10, 0x1.81ba2d5e071c5p+10, 0x1.83d161bb05fafp+10, 
0x1.8642f5a5332adp+10, 0x1.8ba3b8e8ea39cp+10, 0x1.8e600fa15db34p+10, 
0x1.923fed99cbee8p+10, 0x1.97163636f3b21p+10, 0x1.96f1ce8101f32p+10, 
0x1.9b05cc5fbf834p+10, 0x1.9f4f69b17481bp+10, 0x1.a104fca42aed1p+10, 
0x1.a4b5d65e46067p+10, 0x1.a88deb7cbb3c8p+10, 0x1.aa5de8815e397p+10, 
0x1.adff924af0bf2p+10, 0x1.a7b7ba98eda23p+10, 0x1.ae78a24894c44p+10, 
0x1.b29c8d3f1843cp+10, 0x1.baed3abc94706p+10, 0x1.bf1ffb224aadap+10, 
0x1.c0b69930be0dfp+10, 0x1.c48a680e0653p+10, 0x1.d5858711d798ep+10, 
0x1.cd886a7ac81d4p+10, 0x1.d11900e6afccep+10, 0x1.d2d28605681edp+10, 
0x1.d21f807fed203p+10, 0x1.d0a497460242dp+10, 0x1.d05b67be553acp+10, 
0x1.d0d458ff75968p+10, 0x1.cecacfc829cfep+10, 0x1.cf13f70153bd1p+10, 
0x1.cce0aa64c2f83p+10, 0x1.ce22a06e9ff0dp+10, 0x1.cc12644955b46p+10, 
0x1.c628d8ec95bffp+10, 0x1.c2cc2c27a6373p+10, 0x1.bfbdc8b86b16p+10, 
0x1.be627fcb923a3p+10, 0x1.bb9d157689ca2p+10, 0x1.ba02779207d4ep+10, 
0x1.b7e8b27cbf6e4p+10, 0x1.b5ce5c78a6dadp+10, 0x1.b6341ae70c133p+10, 
0x1.b7da34ce3de61p+10, 0x1.b642e4e69f05fp+10, 0x1.bae1c9a77e5ebp+10, 
0x1.bd2b8dc55000dp+10, 0x1.c05a696e58a33p+10, 0x1.c402a05dd8f93p+10, 
0x1.c743851eb851fp+10, 0x1.caa0253543aebp+10, 0x1.cda47cbb3c819p+10, 
0x1.cfeb523f67f4ep+10, 0x1.caa2a6e75ff61p+10, 0x1.ce3b5dcc63f14p+10, 
0x1.ce5db5f1bef4ap+10, 0x1.cfba59bc33f85p+10, 0x1.d6520b3d4ae43p+10, 
0x1.d5b679a6b50b1p+10, 0x1.d9ec0c804103p+10, 0x1.dc4d5232d2bb2p+10, 
0x1.e1a81b0468449p+10, 0x1.df0f9d1b2e59bp+10, 0x1.e4b275f6fd22p+10, 
0x1.e69ee0f3cb3e5p+10, 0x1.e93b46a1a500dp+10, 0x1.f4d5b152f3c2ep+10, 
0x1.f34db866e43aap+10, 0x1.fd2b9e518f3edp+10, 0x1.fbf11565c2d28p+10, 
0x1.03ac05985ad54p+11, 0x1.09f36833c6003p+11, 0x1.0eae1511dffc5p+11, 
0x1.121f7cdab191ep+11, 0x1.08ebe0a633051p+11, 0x1.08493c31df762p+11, 
0x1.0a6c7aaac1095p+11, 0x1.0afc93e81450fp+11, 0x1.0a1ac4eb56fb9p+11, 
0x1.0df38b524399bp+11, 0x1.10639d0c8041p+11, 0x1.1781ae59af9ecp+11, 
0x1.1ae3edce39b45p+11, 0x1.2f56b29a1b9fap+11, 0x1.2a5ab422467bep+11
)), class = "data.frame", row.names = c(NA, -119L))
