structure(list(period_id = c("1995Q1", "1995Q2", "1995Q3", "1995Q4", 
"1996Q1", "1996Q2", "1996Q3", "1996Q4", "1997Q1", "1997Q2", "1997Q3", 
"1997Q4", "1998Q1", "1998Q2", "1998Q3", "1998Q4", "1999Q1", "1999Q2", 
"1999Q3", "1999Q4", "2000Q1", "2000Q2", "2000Q3", "2000Q4", "2001Q1", 
"2001Q2", "2001Q3", "2001Q4", "2002Q1", "2002Q2", "2002Q3", "2002Q4", 
"2003Q1", "2003Q2", "2003Q3", "2003Q4", "2004Q1", "2004Q2", "2004Q3", 
"2004Q4", "2005Q1", "2005Q2", "2005Q3", "2005Q4", "2006Q1", "2006Q2", 
"2006Q3", "2006Q4", "2007Q1", "2007Q2", "2007Q3", "2007Q4", "2008Q1", 
"2008Q2", "2008Q3", "2008Q4", "2009Q1", "2009Q2", "2009Q3", "2009Q4", 
"2010Q1", "2010Q2", "2010Q3", "2010Q4", "2011Q1", "2011Q2", "2011Q3", 
"2011Q4", "2012Q1", "2012Q2", "2012Q3", "2012Q4", "2013Q1", "2013Q2", 
"2013Q3", "2013Q4", "2014Q1", "2014Q2", "2014Q3", "2014Q4", "2015Q1", 
"2015Q2", "2015Q3", "2015Q4", "2016Q1", "2016Q2", "2016Q3", "2016Q4", 
"2017Q1", "2017Q2", "2017Q3", "2017Q4", "2018Q1", "2018Q2", "2018Q3", 
"2018Q4", "2019Q1", "2019Q2", "2019Q3", "2019Q4", "2020Q1", "2020Q2", 
"2020Q3", "2020Q4", "2021Q1", "2021Q2", "2021Q3", "2021Q4", "2022Q1", 
"2022Q2", "2022Q3", "2022Q4", "2023Q1", "2023Q2", "2023Q3", "2023Q4", 
"2024Q1", "2024Q2", "2024Q3", "2024Q4", "2025Q1"), value = c(0x1.e2353f7ced917p+5, 
0x1.e7eb851eb851fp+5, 0x1.e9604189374bcp+5, 0x1.f05604189374cp+5, 
0x1.f389374bc6a7fp+5, 0x1.ed0624dd2f1aap+5, 0x1.e9a7ef9db22d1p+5, 
0x1.e0e5604189375p+5, 0x1.d824dd2f1a9fcp+5, 0x1.da0e560418937p+5, 
0x1.dd1a9fbe76c8bp+5, 0x1.e0c49ba5e353fp+5, 0x1.e826e978d4fdfp+5, 
0x1.eca3d70a3d70ap+5, 0x1.f1645a1cac083p+5, 0x1.f84395810624ep+5, 
0x1.ff24dd2f1a9fcp+5, 0x1.03f2b020c49bap+6, 0x1.074bc6a7ef9dbp+6, 
0x1.0dd604189374cp+6, 0x1.17bf7ced91687p+6, 0x1.1dc395810624ep+6, 
0x1.251999999999ap+6, 0x1.287ced916872bp+6, 0x1.294189374bc6ap+6, 
0x1.2b7df3b645a1dp+6, 0x1.308p+6, 0x1.2df2b020c49bap+6, 0x1.70676c8b43958p+6, 
0x1.71be76c8b4396p+6, 0x1.6f7df3b645a1dp+6, 0x1.76ab020c49ba6p+6, 
0x1.75126e978d4fep+6, 0x1.7796872b020c5p+6, 0x1.7a374bc6a7efap+6, 
0x1.7c9374bc6a7fp+6, 0x1.80116872b020cp+6, 0x1.85851eb851eb8p+6, 
0x1.8f0f5c28f5c29p+6, 0x1.90926e978d4fep+6, 0x1.6a0d4fdf3b646p+6, 
0x1.6e83126e978d5p+6, 0x1.6fb645a1cac08p+6, 0x1.7884189374bc7p+6, 
0x1.80d2f1a9fbe77p+6, 0x1.87b53f7ced917p+6, 0x1.8e9eb851eb852p+6, 
0x1.983a5e353f7cfp+6, 0x1.a4d916872b021p+6, 0x1.ac0e560418937p+6, 
0x1.b5c28f5c28f5cp+6, 0x1.b70624dd2f1aap+6, 0x1.b51a9fbe76c8bp+6, 
0x1.b9be76c8b4396p+6, 0x1.bb645a1cac083p+6, 0x1.bdfced916872bp+6, 
0x1.bc5c28f5c28f6p+6, 0x1.bd6a7ef9db22dp+6, 0x1.c1db22d0e5604p+6, 
0x1.c2e978d4fdf3bp+6, 0x1.c348b43958106p+6, 0x1.c449ba5e353f8p+6, 
0x1.c5de353f7ced9p+6, 0x1.c5bf7ced91687p+6, 0x1.c44ed916872bp+6, 
0x1.c85604189374cp+6, 0x1.caa5e353f7ceep+6, 0x1.c95916872b021p+6, 
0x1.cf1eb851eb852p+6, 0x1.cbc6a7ef9db23p+6, 0x1.cad1eb851eb85p+6, 
0x1.c96c8b439581p+6, 0x1.c7020c49ba5e3p+6, 0x1.ca1a9fbe76c8bp+6, 
0x1.c9bf7ced91687p+6, 0x1.d25c28f5c28f6p+6, 0x1.d120c49ba5e35p+6, 
0x1.dbaf1a9fbe76dp+6, 0x1.d4570a3d70a3dp+6, 0x1.e73851eb851ecp+6, 
0x1.e79999999999ap+6, 0x1.e3083126e978dp+6, 0x1.e7dd2f1a9fbe7p+6, 
0x1.e7ed916872b02p+6, 0x1.eb09374bc6a7fp+6, 0x1.ef6d916872b02p+6, 
0x1.f2b645a1cac08p+6, 0x1.fac8b43958106p+6, 0x1.0121cac083127p+7, 
0x1.05b0a3d70a3d7p+7, 0x1.0794fdf3b645ap+7, 0x1.088bc6a7ef9dbp+7, 
0x1.0c2b851eb851fp+7, 0x1.0d1374bc6a7fp+7, 0x1.0b2d916872b02p+7, 
0x1.0ead916872b02p+7, 0x1.0f2b851eb851fp+7, 0x1.0ce4dd2f1a9fcp+7, 
0x1.0f547ae147ae1p+7, 0x1.0bc28f5c28f5cp+7, 0x1.0a676c8b43958p+7, 
0x1.0024dd2f1a9fcp+7, 0x1.00516872b020cp+7, 0x1.01fae147ae148p+7, 
0x1.042b020c49ba6p+7, 0x1.078dd2f1a9fbep+7, 0x1.07d374bc6a7fp+7, 
0x1.0a8bc6a7ef9dbp+7, 0x1.139fbe76c8b44p+7, 0x1.1612f1a9fbe77p+7, 
0x1.170624dd2f1aap+7, 0x1.1805a1cac0831p+7, 0x1.1e9e353f7ced9p+7, 
0x1.1e6e147ae147bp+7, 0x1.20645a1cac083p+7, 0x1.233f7ced91687p+7, 
0x1.206e978d4fdf4p+7, 0x1.1f722d0e56042p+7, 0x1.202872b020c4ap+7, 
0x1.2092f1a9fbe77p+7, 0x1.1b8cccccccccdp+7)), class = "data.frame", row.names = c(NA, 
-121L))
