structure(list(period_id = c("1995Q1", "1995Q2", "1995Q3", "1995Q4", 
"1996Q1", "1996Q2", "1996Q3", "1996Q4", "1997Q1", "1997Q2", "1997Q3", 
"1997Q4", "1998Q1", "1998Q2", "1998Q3", "1998Q4", "1999Q1", "1999Q2", 
"1999Q3", "1999Q4", "2000Q1", "2000Q2", "2000Q3", "2000Q4", "2001Q1", 
"2001Q2", "2001Q3", "2001Q4", "2002Q1", "2002Q2", "2002Q3", "2002Q4", 
"2003Q1", "2003Q2", "2003Q3", "2003Q4", "2004Q1", "2004Q2", "2004Q3", 
"2004Q4", "2005Q1", "2005Q2", "2005Q3", "2005Q4", "2006Q1", "2006Q2", 
"2006Q3", "2006Q4", "2007Q1", "2007Q2", "2007Q3", "2007Q4", "2008Q1", 
"2008Q2", "2008Q3", "2008Q4", "2009Q1", "2009Q2", "2009Q3", "2009Q4", 
"2010Q1", "2010Q2", "2010Q3", "2010Q4", "2011Q1", "2011Q2", "2011Q3", 
"2011Q4", "2012Q1", "2012Q2", "2012Q3", "2012Q4", "2013Q1", "2013Q2", 
"2013Q3", "2013Q4", "2014Q1", "2014Q2", "2014Q3", "2014Q4", "2015Q1", 
"2015Q2", "2015Q3", "2015Q4", "2016Q1", "2016Q2", "2016Q3", "2016Q4", 
"2017Q1", "2017Q2", "2017Q3", "2017Q4", "2018Q1", "2018Q2", "2018Q3", 
"2018Q4", "2019Q1", "2019Q2", "2019Q3", "2019Q4", "2020Q1", "2020Q2", 
"2020Q3", "2020Q4", "2021Q1", "2021Q2", "2021Q3", "2021Q4", "2022Q1", 
"2022Q2", "2022Q3", "2022Q4", "2023Q1", "2023Q2", "2023Q3", "2023Q4", 
"2024Q1", "2024Q2", "2024Q3", "2024Q4", "2025Q1"), value = c(0x1.19b645a1cac08p+4, 
0x1.1d9999999999ap+4, 0x1.215810624dd2fp+4, 0x1.22d4fdf3b645ap+4, 
0x1.229ba5e353f7dp+4, 0x1.26083126e978dp+4, 0x1.1efdf3b645a1dp+4, 
0x1.1e72b020c49bap+4, 0x1.1af1a9fbe76c9p+4, 0x1.24e147ae147aep+4, 
0x1.300c49ba5e354p+4, 0x1.31f3b645a1cacp+4, 0x1.349ba5e353f7dp+4, 
0x1.3624dd2f1a9fcp+4, 0x1.3628f5c28f5c3p+4, 0x1.3722d0e560419p+4, 
0x1.39604189374bcp+4, 0x1.39a5e353f7ceep+4, 0x1.3abc6a7ef9db2p+4, 
0x1.3ce978d4fdf3bp+4, 0x1.406a7ef9db22dp+4, 0x1.44872b020c49cp+4, 
0x1.47374bc6a7efap+4, 0x1.49810624dd2f2p+4, 0x1.518d4fdf3b646p+4, 
0x1.589fbe76c8b44p+4, 0x1.593f7ced91687p+4, 0x1.5a9374bc6a7fp+4, 
0x1.59b645a1cac08p+4, 0x1.5a4189374bc6ap+4, 0x1.5b7ced916872bp+4, 
0x1.5c7ae147ae148p+4, 0x1.5cb4395810625p+4, 0x1.58c49ba5e353fp+4, 
0x1.5a83126e978d5p+4, 0x1.5b916872b020cp+4, 0x1.5eb851eb851ecp+4, 
0x1.6272b020c49bap+4, 0x1.6451eb851eb85p+4, 0x1.66b4395810625p+4, 
0x1.6a83126e978d5p+4, 0x1.6e8f5c28f5c29p+4, 0x1.707ef9db22d0ep+4, 
0x1.705a1cac08312p+4, 0x1.6f2f1a9fbe76dp+4, 0x1.6feb851eb851fp+4, 
0x1.72d916872b021p+4, 0x1.769fbe76c8b44p+4, 0x1.79fbe76c8b439p+4, 
0x1.7d810624dd2f2p+4, 0x1.8045a1cac0831p+4, 0x1.83db22d0e5604p+4, 
0x1.8845a1cac0831p+4, 0x1.8d26e978d4fdfp+4, 0x1.92d4fdf3b645ap+4, 
0x1.97ef9db22d0e5p+4, 0x1.989fbe76c8b44p+4, 0x1.9a10624dd2f1bp+4, 
0x1.97851eb851eb8p+4, 0x1.933f7ced91687p+4, 0x1.90083126e978dp+4, 
0x1.93be76c8b4396p+4, 0x1.9747ae147ae14p+4, 0x1.94b4395810625p+4, 
0x1.8a189374bc6a8p+4, 0x1.8ae5604189375p+4, 0x1.89df3b645a1cbp+4, 
0x1.86f9db22d0e56p+4, 0x1.8570a3d70a3d7p+4, 0x1.84b020c49ba5ep+4, 
0x1.823126e978d5p+4, 0x1.7eed916872b02p+4, 0x1.7a5604189374cp+4, 
0x1.78e978d4fdf3bp+4, 0x1.765604189374cp+4, 0x1.754395810624ep+4, 
0x1.727ef9db22d0ep+4, 0x1.6f89374bc6a7fp+4, 0x1.6df7ced916873p+4, 
0x1.6c72b020c49bap+4, 0x1.6974bc6a7ef9ep+4, 0x1.668b439581062p+4, 
0x1.630a3d70a3d71p+4, 0x1.621cac083126fp+4, 0x1.5fdb22d0e5604p+4, 
0x1.5e76c8b439581p+4, 0x1.5d95810624dd3p+4, 0x1.5cac083126e98p+4, 
0x1.5a083126e978dp+4, 0x1.59c28f5c28f5cp+4, 0x1.58a7ef9db22d1p+4, 
0x1.578d4fdf3b646p+4, 0x1.575c28f5c28f6p+4, 0x1.54978d4fdf3b6p+4, 
0x1.5424dd2f1a9fcp+4, 0x1.5420c49ba5e35p+4, 0x1.53db22d0e5604p+4, 
0x1.53916872b020cp+4, 0x1.52c49ba5e353fp+4, 0x1.51ef9db22d0e5p+4, 
0x1.4dcac083126e9p+4, 0x1.49d2f1a9fbe77p+4, 0x1.485e353f7ced9p+4, 
0x1.469ba5e353f7dp+4, 0x1.42f5c28f5c28fp+4, 0x1.4251eb851eb85p+4, 
0x1.4083126e978d5p+4, 0x1.3fc6a7ef9db23p+4, 0x1.3d3f7ced91687p+4, 
0x1.3b70a3d70a3d7p+4, 0x1.3a45a1cac0831p+4, 0x1.3a978d4fdf3b6p+4, 
0x1.3ab851eb851ecp+4, 0x1.3b4fdf3b645a2p+4, 0x1.3ae5604189375p+4, 
0x1.38d916872b021p+4, 0x1.377ced916872bp+4, 0x1.3672b020c49bap+4, 
0x1.368b439581062p+4, 0x1.367ae147ae148p+4, 0x1.3683126e978d5p+4
)), class = "data.frame", row.names = c(NA, -121L))
