structure(list(period_id = c("1995Q1", "1995Q2", "1995Q3", "1995Q4", 
"1996Q1", "1996Q2", "1996Q3", "1996Q4", "1997Q1", "1997Q2", "1997Q3", 
"1997Q4", "1998Q1", "1998Q2", "1998Q3", "1998Q4", "1999Q1", "1999Q2", 
"1999Q3", "1999Q4", "2000Q1", "2000Q2", "2000Q3", "2000Q4", "2001Q1", 
"2001Q2", "2001Q3", "2001Q4", "2002Q1", "2002Q2", "2002Q3", "2002Q4", 
"2003Q1", "2003Q2", "2003Q3", "2003Q4", "2004Q1", "2004Q2", "2004Q3", 
"2004Q4", "2005Q1", "2005Q2", "2005Q3", "2005Q4", "2006Q1", "2006Q2", 
"2006Q3", "2006Q4", "2007Q1", "2007Q2", "2007Q3", "2007Q4", "2008Q1", 
"2008Q2", "2008Q3", "2008Q4", "2009Q1", "2009Q2", "2009Q3", "2009Q4", 
"2010Q1", "2010Q2", "2010Q3", "2010Q4", "2011Q1", "2011Q2", "2011Q3", 
"2011Q4", "2012Q1", "2012Q2", "2012Q3", "2012Q4", "2013Q1", "2013Q2", 
"2013Q3", "2013Q4", "2014Q1", "2014Q2", "2014Q3", "2014Q4", "2015Q1", 
"2015Q2", "2015Q3", "2015Q4", "2016Q1", "2016Q2", "2016Q3", "2016Q4", 
"2017Q1", "2017Q2", "2017Q3", "2017Q4", "2018Q1", "2018Q2", "2018Q3", 
"2018Q4", "2019Q1", "2019Q2", "2019Q3", "2019Q4", "2020Q1", "2020Q2", 
"2020Q3", "2020Q4", "2021Q1", "2021Q2", "2021Q3", "2021Q4", "2022Q1", 
"2022Q2", "2022Q3", "2022Q4", "2023Q1", "2023Q2", "2023Q3", "2023Q4", 
"2024Q1", "2024Q2", "2024Q3", "2024Q4", "2025Q1", "2025Q2"), 
    value = c(NA, NA, NA, NA, 0x1.2b6716ce789e7p+10, 0x1.2db118efbb0e6p+10, 
    0x1.3153749adc8fcp+10, 0x1.328f901d19158p+10, 0x1.371b5db76b3bcp+10, 
    0x1.3a3e9146e4c0ep+10, 0x1.3d39d1d4738a4p+10, 0x1.4207f6837f7bep+10, 
    0x1.41c98f4f93bc1p+10, 0x1.45da6f1dc50cep+10, 0x1.497a7fbacb429p+10, 
    0x1.4ddd1bf7ad4b2p+10, 0x1.5094b838c111bp+10, 0x1.55457d9988d2ap+10, 
    0x1.584be642bf983p+10, 0x1.5a658cd20afa3p+10, 0x1.61803b8e4b87cp+10, 
    0x1.632d2fa509396p+10, 0x1.64b281cb46badp+10, 0x1.6736d38cda6e7p+10, 
    0x1.6a68ed06fef7cp+10, 0x1.6c33c061847f5p+10, 0x1.6f932d98bf7fp+10, 
    0x1.709e1198aeb81p+10, 0x1.7410626b2f23p+10, 0x1.774229aa1d756p+10, 
    0x1.7a0946aa087cap+10, 0x1.7e05aee631f8ap+10, 0x1.7ef231d712a0fp+10, 
    0x1.81ba2d5e071c5p+10, 0x1.83d161bb05fafp+10, 0x1.8642f5a5332adp+10, 
    0x1.8ba3b8e8ea39cp+10, 0x1.8e600fa15db34p+10, 0x1.923fed99cbee8p+10, 
    0x1.97163636f3b21p+10, 0x1.96f1ce8101f32p+10, 0x1.9b05cc5fbf834p+10, 
    0x1.9f4f69b17481bp+10, 0x1.a104fca42aed1p+10, 0x1.a4b5d65e46067p+10, 
    0x1.a88deb7cbb3c8p+10, 0x1.aa5de8815e397p+10, 0x1.adff924af0bf2p+10, 
    0x1.a7b7ba98eda23p+10, 0x1.ae78a24894c44p+10, 0x1.b29c8d3f1843cp+10, 
    0x1.baed3abc94706p+10, 0x1.bf1ffb224aadap+10, 0x1.c0b69930be0dfp+10, 
    0x1.c48a680e0653p+10, 0x1.d5858711d798ep+10, 0x1.cd886a7ac81d4p+10, 
    0x1.d11900e6afccep+10, 0x1.d2d28605681edp+10, 0x1.d21f807fed203p+10, 
    0x1.d09f0f0a5efe9p+10, 0x1.d0551db0142f6p+10, 0x1.d0f1544fe36d2p+10, 
    0x1.cecc81f53825ep+10, 0x1.cf05fe79ee02ap+10, 0x1.ccc398e10cf5bp+10, 
    0x1.ce52fc3b4f616p+10, 0x1.cc3a546d3f9e8p+10, 0x1.c618671ef30a5p+10, 
    0x1.c2b8da61e0c5bp+10, 0x1.bfc5c282c6ef4p+10, 0x1.be82f1e4b44a2p+10, 
    0x1.bb99e4c942d49p+10, 0x1.ba1938fbca106p+10, 0x1.b7d948a9bcfd5p+10, 
    0x1.b5d65b9e8c47ap+10, 0x1.b637a78af3e47p+10, 0x1.b8063f85510d4p+10, 
    0x1.b629f24d8fd5dp+10, 0x1.bae1525cc4263p+10, 0x1.bd31e425aee63p+10, 
    0x1.c08242bf9830ep+10, 0x1.c4066f08cc576p+10, 0x1.c7277e3d1cc1p+10, 
    0x1.caa3df37329c3p+10, 0x1.cdc7b76b3bb84p+10, 0x1.d01069014b59ap+10, 
    0x1.ca891975f2cb6p+10, 0x1.ce335ee99a62fp+10, 0x1.ce68ce39b456bp+10, 
    0x1.cfc52e87d2c7cp+10, 0x1.d6785fa658c4cp+10, 0x1.d5a3bf37b8d3fp+10, 
    0x1.d9ed82e87d2c8p+10, 0x1.dc4e3ce63a5c2p+10, 0x1.e1c7e1437c569p+10, 
    0x1.df22a94ff0026p+10, 0x1.e4a1ba6266fd6p+10, 0x1.e6b73b85e80bfp+10, 
    0x1.e8f9eb91b3f21p+10, 0x1.f54599d451fc5p+10, 0x1.f323147f13059p+10, 
    0x1.fd6fb1465e892p+10, 0x1.fb837fd82773ep+10, 0x1.03f0282c6ef3dp+11, 
    0x1.09c127b4e54f8p+11, 0x1.0ebf7620ee8d1p+11, 0x1.121ab8f9b1316p+11, 
    0x1.095e07ce95fabp+11, 0x1.07d972ffd1dcdp+11, 0x1.0a3b671044f1ap+11, 
    0x1.0b3c83c8e25c8p+11, 0x1.0af88509bf9c6p+11, 0x1.0d0c4dd0d8cbp+11, 
    0x1.0fbbcadbc664dp+11, 0x1.1803f4e22a2c2p+11, 0x1.1cfb16f86a099p+11, 
    0x1.2d686327ed84dp+11, 0x1.29423bdbe3c1p+11, 0x1.27e502c9081c3p+11, 
    0x1.24f3bbff8a8f4p+11, 0x1.2abea6c5d206dp+11)), class = "data.frame", row.names = c(NA, 
-122L))
