structure(list(period_id = c("1991Q1", "1991Q2", "1991Q3", "1991Q4", 
"1992Q1", "1992Q2", "1992Q3", "1992Q4", "1993Q1", "1993Q2", "1993Q3", 
"1993Q4", "1994Q1", "1994Q2", "1994Q3", "1994Q4", "1995Q1", "1995Q2", 
"1995Q3", "1995Q4", "1996Q1", "1996Q2", "1996Q3", "1996Q4", "1997Q1", 
"1997Q2", "1997Q3", "1997Q4", "1998Q1", "1998Q2", "1998Q3", "1998Q4", 
"1999Q1", "1999Q2", "1999Q3", "1999Q4", "2000Q1", "2000Q2", "2000Q3", 
"2000Q4", "2001Q1", "2001Q2", "2001Q3", "2001Q4", "2002Q1", "2002Q2", 
"2002Q3", "2002Q4", "2003Q1", "2003Q2", "2003Q3", "2003Q4", "2004Q1", 
"2004Q2", "2004Q3", "2004Q4", "2005Q1", "2005Q2", "2005Q3", "2005Q4", 
"2006Q1", "2006Q2", "2006Q3", "2006Q4", "2007Q1", "2007Q2", "2007Q3", 
"2007Q4", "2008Q1", "2008Q2", "2008Q3", "2008Q4", "2009Q1", "2009Q2", 
"2009Q3", "2009Q4", "2010Q1", "2010Q2", "2010Q3", "2010Q4", "2011Q1", 
"2011Q2", "2011Q3", "2011Q4", "2012Q1", "2012Q2", "2012Q3", "2012Q4", 
"2013Q1", "2013Q2", "2013Q3", "2013Q4", "2014Q1", "2014Q2", "2014Q3", 
"2014Q4", "2015Q1", "2015Q2", "2015Q3", "2015Q4", "2016Q1", "2016Q2", 
"2016Q3", "2016Q4", "2017Q1", "2017Q2", "2017Q3", "2017Q4", "2018Q1", 
"2018Q2", "2018Q3", "2018Q4", "2019Q1", "2019Q2", "2019Q3", "2019Q4", 
"2020Q1", "2020Q2", "2020Q3", "2020Q4", "2021Q1", "2021Q2", "2021Q3", 
"2021Q4", "2022Q1", "2022Q2", "2022Q3", "2022Q4", "2023Q1", "2023Q2", 
"2023Q3", "2023Q4", "2024Q1", "2024Q2", "2024Q3", "2024Q4", "2025Q1"
), value = c(0x1.f999733333333p+18, 0x1.f7628cccccccdp+18, 0x1.f674d33333333p+18, 
0x1.fd8739999999ap+18, 0x1.025cc9999999ap+19, 0x1.00ca7cccccccdp+19, 
0x1.001cc66666666p+19, 0x1.feb98cccccccdp+18, 0x1.fab979999999ap+18, 
0x1.faf0533333333p+18, 0x1.fdcbc66666666p+18, 0x1.fd7059999999ap+18, 
0x1.0243a9999999ap+19, 0x1.03c3bp+19, 0x1.0543b33333333p+19, 
0x1.0831766666666p+19, 0x1.07216cccccccdp+19, 0x1.09460cccccccdp+19, 
0x1.09bce9999999ap+19, 0x1.09d8566666666p+19, 0x1.07f859999999ap+19, 
0x1.0ba6133333333p+19, 0x1.0c93ccccccccdp+19, 0x1.0f01866666666p+19, 
0x1.0db86cccccccdp+19, 0x1.10c1966666666p+19, 0x1.11b8733333333p+19, 
0x1.13c199999999ap+19, 0x1.1678833333333p+19, 0x1.152f5cccccccdp+19, 
0x1.1678833333333p+19, 0x1.166639999999ap+19, 0x1.19b3f9999999ap+19, 
0x1.195889999999ap+19, 0x1.1d21c33333333p+19, 0x1.1e7d39999999ap+19, 
0x1.23042p+19, 0x1.2544266666666p+19, 0x1.2571ep+19, 0x1.2431d9999999ap+19, 
0x1.2a7d6p+19, 0x1.29a1fp+19, 0x1.2998c9999999ap+19, 0x1.28b43p+19, 
0x1.2771e66666666p+19, 0x1.287b1p+19, 0x1.2a8439999999ap+19, 
0x1.29bb133333333p+19, 0x1.25bb033333333p+19, 0x1.2616733333333p+19, 
0x1.28c4333333333p+19, 0x1.291fa33333333p+19, 0x1.28c1ecccccccdp+19, 
0x1.2a6fa66666666p+19, 0x1.2978c9999999ap+19, 0x1.2954366666666p+19, 
0x1.29e1e9999999ap+19, 0x1.2b86833333333p+19, 0x1.2dfd7p+19, 
0x1.2f22066666666p+19, 0x1.3284566666666p+19, 0x1.37bb466666666p+19, 
0x1.3a29066666666p+19, 0x1.3ebb6p+19, 0x1.3f26d33333333p+19, 
0x1.4142466666666p+19, 0x1.42ddb66666666p+19, 0x1.45424cccccccdp+19, 
0x1.473dccccccccdp+19, 0x1.46101p+19, 0x1.4446e33333333p+19, 
0x1.3f46c66666666p+19, 0x1.30445p+19, 0x1.31169cccccccdp+19, 
0x1.32e8ecccccccdp+19, 0x1.354d866666666p+19, 0x1.3786a66666666p+19, 
0x1.3e4ffp+19, 0x1.416249999999ap+19, 0x1.437dc33333333p+19, 
0x1.4956f33333333p+19, 0x1.4a3b89999999ap+19, 0x1.4c04b33333333p+19, 
0x1.4c04b66666666p+19, 0x1.4cbb9p+19, 0x1.4d0ddcccccccdp+19, 
0x1.4dc4b9999999ap+19, 0x1.4ca949999999ap+19, 0x1.4ad0166666666p+19, 
0x1.4ed02cccccccdp+19, 0x1.507decccccccdp+19, 0x1.50e28p+19, 
0x1.54671cccccccdp+19, 0x1.54828cccccccdp+19, 0x1.56429p+19, 
0x1.58cbb9999999ap+19, 0x1.5804ep+19, 0x1.5a20533333333p+19, 
0x1.5bbbc66666666p+19, 0x1.5d573cccccccdp+19, 0x1.60b9933333333p+19, 
0x1.61de29999999ap+19, 0x1.62f0766666666p+19, 0x1.645e2cccccccdp+19, 
0x1.68a2ccccccccdp+19, 0x1.6bc76cccccccdp+19, 0x1.6e50ap+19, 
0x1.71d0b33333333p+19, 0x1.7005366666666p+19, 0x1.72b2f66666666p+19, 
0x1.7005366666666p+19, 0x1.725789999999ap+19, 0x1.7469d66666666p+19, 
0x1.74a9d9999999ap+19, 0x1.75a9dcccccccdp+19, 0x1.75854cccccccdp+19, 
0x1.6d4bf9999999ap+19, 0x1.4ccbb9999999ap+19, 0x1.69c2ccccccccdp+19, 
0x1.6dde433333333p+19, 0x1.69cc066666666p+19, 0x1.7302f66666666p+19, 
0x1.732789999999ap+19, 0x1.7570b33333333p+19, 0x1.761e7p+19, 
0x1.760c29999999ap+19, 0x1.784309999999ap+19, 0x1.76554cccccccdp+19, 
0x1.76e0bcccccccdp+19, 0x1.764e7p+19, 0x1.77055p+19, 0x1.75a0b9999999ap+19, 
0x1.7683033333333p+19, 0x1.7567933333333p+19, 0x1.75cc266666666p+19, 
0x1.750c266666666p+19, 0x1.75d54cccccccdp+19)), class = "data.frame", row.names = c(NA, 
-137L))
