structure(list(period_id = c("1995Q1", "1995Q2", "1995Q3", "1995Q4", 
"1996Q1", "1996Q2", "1996Q3", "1996Q4", "1997Q1", "1997Q2", "1997Q3", 
"1997Q4", "1998Q1", "1998Q2", "1998Q3", "1998Q4", "1999Q1", "1999Q2", 
"1999Q3", "1999Q4", "2000Q1", "2000Q2", "2000Q3", "2000Q4", "2001Q1", 
"2001Q2", "2001Q3", "2001Q4", "2002Q1", "2002Q2", "2002Q3", "2002Q4", 
"2003Q1", "2003Q2", "2003Q3", "2003Q4", "2004Q1", "2004Q2", "2004Q3", 
"2004Q4", "2005Q1", "2005Q2", "2005Q3", "2005Q4", "2006Q1", "2006Q2", 
"2006Q3", "2006Q4", "2007Q1", "2007Q2", "2007Q3", "2007Q4", "2008Q1", 
"2008Q2", "2008Q3", "2008Q4", "2009Q1", "2009Q2", "2009Q3", "2009Q4", 
"2010Q1", "2010Q2", "2010Q3", "2010Q4", "2011Q1", "2011Q2", "2011Q3", 
"2011Q4", "2012Q1", "2012Q2", "2012Q3", "2012Q4", "2013Q1", "2013Q2", 
"2013Q3", "2013Q4", "2014Q1", "2014Q2", "2014Q3", "2014Q4", "2015Q1", 
"2015Q2", "2015Q3", "2015Q4", "2016Q1", "2016Q2", "2016Q3", "2016Q4", 
"2017Q1", "2017Q2", "2017Q3", "2017Q4", "2018Q1", "2018Q2", "2018Q3", 
"2018Q4", "2019Q1", "2019Q2", "2019Q3", "2019Q4", "2020Q1", "2020Q2", 
"2020Q3", "2020Q4", "2021Q1", "2021Q2", "2021Q3", "2021Q4", "2022Q1", 
"2022Q2", "2022Q3", "2022Q4", "2023Q1", "2023Q2", "2023Q3", "2023Q4", 
"2024Q1", "2024Q2", "2024Q3"), value = c(0x1.220b8e4b87bddp+7, 
0x1.3e158409e55c1p+7, 0x1.419374794ea07p+7, 0x1.5bd360f1b25f6p+7, 
0x1.3ad9294573a79p+7, 0x1.4eb69f6a93f29p+7, 0x1.5da01d3aa36ap+7, 
0x1.9d4484f8f8a4cp+7, 0x1.6346a2b1704ffp+7, 0x1.76dfb4a2339c1p+7, 
0x1.74929ac36545p+7, 0x1.d8cc89b0ee49fp+7, 0x1.836836006d0d5p+7, 
0x1.b1dc93426783ap+7, 0x1.a76eeb2d0a244p+7, 0x1.f32744f5d3565p+7, 
0x1.c2bb854046413p+7, 0x1.e5eb0121682f9p+7, 0x1.db7a86d71f362p+7, 
0x1.16698537e2c56p+8, 0x1.e82ce075f6fd2p+7, 0x1.07f30e7ff583ap+8, 
0x1.f9872a7bd48cbp+7, 0x1.28e696e58a32fp+8, 0x1.0ed2e1ac57e24p+8, 
0x1.27f22bae03b3fp+8, 0x1.1c15a07b352a8p+8, 0x1.4caa7b2cc7086p+8, 
0x1.17033f20a73f7p+8, 0x1.37ada4484944fp+8, 0x1.2b7350d2806afp+8, 
0x1.6792d601ffb48p+8, 0x1.3658fa58f7122p+8, 0x1.5c6cf8726d04ep+8, 
0x1.430c387df5cf2p+8, 0x1.7c64626f60e0fp+8, 0x1.39dc5a3e39f77p+8, 
0x1.601942d490e67p+8, 0x1.4c6ed7d7c2ca1p+8, 0x1.89fc2a454de7fp+8, 
0x1.447634dad31fdp+8, 0x1.71bfffcdab192p+8, 0x1.5cbc49ba5e354p+8, 
0x1.94bcc5da6a444p+8, 0x1.4477e02645e4ep+8, 0x1.73d391c4b9021p+8, 
0x1.52e9e7967caeap+8, 0x1.938860fe47992p+8, 0x1.560d07faa044bp+8, 
0x1.a9371f8a0902ep+8, 0x1.94bba8d64d7f1p+8, 0x1.ccc860029f16bp+8, 
0x1.6cdd7dbf487fdp+8, 0x1.b6cd592d98bf8p+8, 0x1.9b3357b41bfbep+8, 
0x1.dd8b8a6dacabcp+8, 0x1.7cd97f51efb6ep+8, 0x1.cb101ede1198bp+8, 
0x1.a412ca89fc6dap+8, 0x1.e8df777d0f1f5p+8, 0x1.84b5c304ccee6p+8, 
0x1.df5077036c9c1p+8, 0x1.c3e0c03793144p+8, 0x1.fb31cf355cd92p+8, 
0x1.9a1443808850ap+8, 0x1.e950623d0bfa1p+8, 0x1.c2b1c0ca600bp+8, 
0x1.009a121ee6751p+9, 0x1.9e5436544fe37p+8, 0x1.debb35d249e45p+8, 
0x1.bf8b86e3b46fep+8, 0x1.ded046950fc72p+8, 0x1.6e6014727dcbep+8, 
0x1.bb47574f722e2p+8, 0x1.a4373471f7942p+8, 0x1.d094c8eef1bacp+8, 
0x1.798d44567125ep+8, 0x1.cb8e530058149p+8, 0x1.b94827e953155p+8, 
0x1.d05f780346dc6p+8, 0x1.76749f623076cp+8, 0x1.c17a494d50ebbp+8, 
0x1.b5d392189bd84p+8, 0x1.da2a544fe36d2p+8, 0x1.a03816f0068dcp+8, 
0x1.008318c9fb613p+9, 0x1.f02c901d19158p+8, 0x1.0e0f96d8f4f94p+9, 
0x1.c93a2e1ac57e2p+8, 0x1.11a34cb9ecf64p+9, 0x1.02de70a808c82p+9, 
0x1.0c3e3a7daa4fdp+9, 0x1.d28cb5bb384fdp+8, 0x1.12c5d18090b41p+9, 
0x1.063f2556d19dfp+9, 0x1.2180f09d8c6d6p+9, 0x1.f51a90470a809p+8, 
0x1.34add1b2e59bp+9, 0x1.29ed38cda6e76p+9, 0x1.3bbd160956c0dp+9, 
0x1.bd91897a67a53p+8, 0x1.e64555b4677b4p+8, 0x1.276f7fb69984ap+9, 
0x1.a734532a497fap+8, 0x1.cdf6ffc115df6p+8, 0x1.4045e93187619p+9, 
0x1.3fa57aa25d8d8p+9, 0x1.5c5fdabe2717ap+9, 0x1.1b1b3a81dc0dbp+9, 
0x1.77cb3868fd19ap+9, 0x1.5ddf082491afcp+9, 0x1.7060c6583e857p+9, 
0x1.20ceb7a1c25dp+9, 0x1.63ad20e1f7d74p+9, 0x1.46c1d7ecbb7fap+9, 
0x1.74061c0ca600bp+9, 0x1.32e83cafb3b75p+9, 0x1.69e5974e65beap+9, 
0x1.56deec743201p+9)), class = "data.frame", row.names = c(NA, 
-119L))
