structure(list(period_id = c("1995Q1", "1995Q2", "1995Q3", "1995Q4", 
"1996Q1", "1996Q2", "1996Q3", "1996Q4", "1997Q1", "1997Q2", "1997Q3", 
"1997Q4", "1998Q1", "1998Q2", "1998Q3", "1998Q4", "1999Q1", "1999Q2", 
"1999Q3", "1999Q4", "2000Q1", "2000Q2", "2000Q3", "2000Q4", "2001Q1", 
"2001Q2", "2001Q3", "2001Q4", "2002Q1", "2002Q2", "2002Q3", "2002Q4", 
"2003Q1", "2003Q2", "2003Q3", "2003Q4", "2004Q1", "2004Q2", "2004Q3", 
"2004Q4", "2005Q1", "2005Q2", "2005Q3", "2005Q4", "2006Q1", "2006Q2", 
"2006Q3", "2006Q4", "2007Q1", "2007Q2", "2007Q3", "2007Q4", "2008Q1", 
"2008Q2", "2008Q3", "2008Q4", "2009Q1", "2009Q2", "2009Q3", "2009Q4", 
"2010Q1", "2010Q2", "2010Q3", "2010Q4", "2011Q1", "2011Q2", "2011Q3", 
"2011Q4", "2012Q1", "2012Q2", "2012Q3", "2012Q4", "2013Q1", "2013Q2", 
"2013Q3", "2013Q4", "2014Q1", "2014Q2", "2014Q3", "2014Q4", "2015Q1", 
"2015Q2", "2015Q3", "2015Q4", "2016Q1", "2016Q2", "2016Q3", "2016Q4", 
"2017Q1", "2017Q2", "2017Q3", "2017Q4", "2018Q1", "2018Q2", "2018Q3", 
"2018Q4", "2019Q1", "2019Q2", "2019Q3", "2019Q4", "2020Q1", "2020Q2", 
"2020Q3", "2020Q4", "2021Q1", "2021Q2", "2021Q3", "2021Q4", "2022Q1", 
"2022Q2", "2022Q3", "2022Q4", "2023Q1", "2023Q2", "2023Q3", "2023Q4", 
"2024Q1", "2024Q2", "2024Q3", "2024Q4"), value = c(NA, NA, NA, 
NA, 0x1.2b6716ce789e7p+10, 0x1.2db118efbb0e6p+10, 0x1.3153749adc8fcp+10, 
0x1.328f901d19158p+10, 0x1.371b5db76b3bcp+10, 0x1.3a3e9146e4c0ep+10, 
0x1.3d39d1d4738a4p+10, 0x1.4207f6837f7bep+10, 0x1.41c98f4f93bc1p+10, 
0x1.45da6f1dc50cep+10, 0x1.497a7fbacb429p+10, 0x1.4ddd1bf7ad4b2p+10, 
0x1.5094b838c111bp+10, 0x1.55457d9988d2ap+10, 0x1.584be642bf983p+10, 
0x1.5a658cd20afa3p+10, 0x1.61803b8e4b87cp+10, 0x1.632d2fa509396p+10, 
0x1.64b281cb46badp+10, 0x1.6736d38cda6e7p+10, 0x1.6a68ed06fef7cp+10, 
0x1.6c33c061847f5p+10, 0x1.6f932d98bf7fp+10, 0x1.709e1198aeb81p+10, 
0x1.7410626b2f23p+10, 0x1.774229aa1d756p+10, 0x1.7a0946aa087cap+10, 
0x1.7e05aee631f8ap+10, 0x1.7ef231d712a0fp+10, 0x1.81ba2d5e071c5p+10, 
0x1.83d161bb05fafp+10, 0x1.8642f5a5332adp+10, 0x1.8ba3b8e8ea39cp+10, 
0x1.8e600fa15db34p+10, 0x1.923fed99cbee8p+10, 0x1.97163636f3b21p+10, 
0x1.96f1ce8101f32p+10, 0x1.9b05cc5fbf834p+10, 0x1.9f4f69b17481bp+10, 
0x1.a104fca42aed1p+10, 0x1.a4b5d65e46067p+10, 0x1.a88deb7cbb3c8p+10, 
0x1.aa5de8815e397p+10, 0x1.adff924af0bf2p+10, 0x1.a7b7ba98eda23p+10, 
0x1.ae78a24894c44p+10, 0x1.b29c8d3f1843cp+10, 0x1.baed3abc94706p+10, 
0x1.bf1ffb224aadap+10, 0x1.c0b69930be0dfp+10, 0x1.c48a680e0653p+10, 
0x1.d5858711d798ep+10, 0x1.cd886a7ac81d4p+10, 0x1.d11900e6afccep+10, 
0x1.d2d28605681edp+10, 0x1.d21f807fed203p+10, 0x1.d08a4d056c509p+10, 
0x1.d04388b977857p+10, 0x1.d10e55000c954p+10, 0x1.cecd8fa7a8501p+10, 
0x1.cee72aed13943p+10, 0x1.cc8fdbf8b9baap+10, 0x1.ce80728a61177p+10, 
0x1.cc5fbb2788dbp+10, 0x1.c5f06cc5fbf83p+10, 0x1.c29cf416bdb1ap+10, 
0x1.bfc587a8d64d8p+10, 0x1.be9ef77292c49p+10, 0x1.bb81d2e0e3044p+10, 
0x1.ba2758cd20afap+10, 0x1.b7c2629d8409ep+10, 0x1.b5d537e2c55c9p+10, 
0x1.b6285182a9931p+10, 0x1.b8328611fd588p+10, 0x1.b5ff4712e4085p+10, 
0x1.badb0420f6f09p+10, 0x1.bd25c358afc48p+10, 0x1.c0a6f3b213e3ep+10, 
0x1.c3fe6195464dcp+10, 0x1.c7004052d666bp+10, 0x1.ca974da4ce81p+10, 
0x1.cde5204f2ae08p+10, 0x1.d02f6e503fb37p+10, 0x1.ca56cef672b88p+10, 
0x1.ce24413986339p+10, 0x1.ce767778dd617p+10, 0x1.cfb91f14983d8p+10, 
0x1.d696069a4df48p+10, 0x1.d5787403dddb1p+10, 0x1.d9fe9930be0dfp+10, 
0x1.dc347d1fe64f5p+10, 0x1.e1defca42aed1p+10, 0x1.df0fe22e5de16p+10, 
0x1.e4b5a9ef5232dp+10, 0x1.e6b0a75cd0bb7p+10, 0x1.e8a18d972cd7dp+10, 
0x1.f59434b0e1b4cp+10, 0x1.f32bfcb4f1e4bp+10, 0x1.fd84d30ad46f6p+10, 
0x1.fb0d59f2ba9d2p+10, 0x1.03fc3eee52589p+11, 0x1.09f1d208e1501p+11, 
0x1.0e8daf8594291p+11, 0x1.121e518f3ecccp+11, 0x1.094d306812381p+11, 
0x1.0847a64e48627p+11, 0x1.099853c361134p+11, 0x1.0b8d41c6088d7p+11, 
0x1.0a9b7ee6fb4c4p+11, 0x1.0e33d4ed2cbeap+11, 0x1.0e49beab367a1p+11, 
0x1.18a02d106ee31p+11, 0x1.1c08086594af5p+11, 0x1.30288cc35ce18p+11, 
0x1.26eda3d70a3d7p+11, 0x1.28dc3c8c0ce92p+11)), class = "data.frame", row.names = c(NA, 
-120L))
