structure(list(period_id = c("1995Q1", "1995Q2", "1995Q3", "1995Q4", 
"1996Q1", "1996Q2", "1996Q3", "1996Q4", "1997Q1", "1997Q2", "1997Q3", 
"1997Q4", "1998Q1", "1998Q2", "1998Q3", "1998Q4", "1999Q1", "1999Q2", 
"1999Q3", "1999Q4", "2000Q1", "2000Q2", "2000Q3", "2000Q4", "2001Q1", 
"2001Q2", "2001Q3", "2001Q4", "2002Q1", "2002Q2", "2002Q3", "2002Q4", 
"2003Q1", "2003Q2", "2003Q3", "2003Q4", "2004Q1", "2004Q2", "2004Q3", 
"2004Q4", "2005Q1", "2005Q2", "2005Q3", "2005Q4", "2006Q1", "2006Q2", 
"2006Q3", "2006Q4", "2007Q1", "2007Q2", "2007Q3", "2007Q4", "2008Q1", 
"2008Q2", "2008Q3", "2008Q4", "2009Q1", "2009Q2", "2009Q3", "2009Q4", 
"2010Q1", "2010Q2", "2010Q3", "2010Q4", "2011Q1", "2011Q2", "2011Q3", 
"2011Q4", "2012Q1", "2012Q2", "2012Q3", "2012Q4", "2013Q1", "2013Q2", 
"2013Q3", "2013Q4", "2014Q1", "2014Q2", "2014Q3", "2014Q4", "2015Q1", 
"2015Q2", "2015Q3", "2015Q4", "2016Q1", "2016Q2", "2016Q3", "2016Q4", 
"2017Q1", "2017Q2", "2017Q3", "2017Q4", "2018Q1", "2018Q2", "2018Q3", 
"2018Q4", "2019Q1", "2019Q2", "2019Q3", "2019Q4", "2020Q1", "2020Q2", 
"2020Q3", "2020Q4", "2021Q1", "2021Q2", "2021Q3", "2021Q4", "2022Q1", 
"2022Q2", "2022Q3", "2022Q4", "2023Q1", "2023Q2", "2023Q3", "2023Q4", 
"2024Q1", "2024Q2", "2024Q3", "2024Q4", "2025Q1", "2025Q2"), 
    value = c(0x1.5c97839cd8128p+10, 0x1.7400f2f555821p+10, 0x1.8e41f2d7f950cp+10, 
    0x1.9a36b1e9f2778p+10, 0x1.a99ca1f080304p+10, 0x1.ab1a4cec41dd2p+10, 
    0x1.b2ceeaa6d2674p+10, 0x1.c2976501e2585p+10, 0x1.ce0c0d0edc3bdp+10, 
    0x1.e43d57214f052p+10, 0x1.e92d1d4f9c1f8p+10, 0x1.f97a6b2af1455p+10, 
    0x1.01631b23dd54ep+11, 0x1.0380b5c5b4aa9p+11, 0x1.0fb176d76252p+11, 
    0x1.15e456ece13f5p+11, 0x1.23bee2d1f1cfcp+11, 0x1.2f2772c0e7bc4p+11, 
    0x1.2eced33d29564p+11, 0x1.34fb4c6a3bdep+11, 0x1.3ddf12d77319p+11, 
    0x1.38ce147f13059p+11, 0x1.459cc0d6f544cp+11, 0x1.4c91400fba882p+11, 
    0x1.550701f969e3dp+11, 0x1.62e086ca89fc7p+11, 0x1.64dfd479d4d83p+11, 
    0x1.6f70f74aba387p+11, 0x1.7c89bdaf8df7ap+11, 0x1.7d0ec50acc0bep+11, 
    0x1.87d10e79aae6dp+11, 0x1.92e1870fbeb9ep+11, 0x1.998260ded288dp+11, 
    0x1.a413704ff4342p+11, 0x1.b1de87ee0b0afp+11, 0x1.b3ca7e974a34p+11, 
    0x1.b571def62f9cap+11, 0x1.be64c8a9bcfd5p+11, 0x1.c84884816f007p+11, 
    0x1.ca042958537e3p+11, 0x1.cc04f075b3e14p+11, 0x1.d940421e1d218p+11, 
    0x1.d0c2f8e3ac0c6p+11, 0x1.e154b547e0696p+11, 0x1.dfce57e23f24ep+11, 
    0x1.e7a129cfdd228p+11, 0x1.e498fa1c25d07p+11, 0x1.f3c5fa5b0ff11p+11, 
    0x1.039ef4b61fe22p+12, 0x1.0b9015182a993p+12, 0x1.131b30196d8f5p+12, 
    0x1.1a1f97d9dba91p+12, 0x1.21d0f34c5da6ap+12, 0x1.283d879a2834dp+12, 
    0x1.29aa82fa50939p+12, 0x1.231382dcf4624p+12, 0x1.24f5b77f27fe5p+12, 
    0x1.2615c051c9f73p+12, 0x1.2f02c92ddbdb6p+12, 0x1.324651394317bp+12, 
    0x1.30d11800a7c5bp+12, 0x1.31e652a94ffp+12, 0x1.354a68049667bp+12, 
    0x1.38e220c069e8p+12, 0x1.396d492ff4ba5p+12, 0x1.3bf0d06bbdbe4p+12, 
    0x1.4040efeb4a665p+12, 0x1.3e3956b00ffdap+12, 0x1.3ee2d5ce9e5e2p+12, 
    0x1.3c935ce5b4246p+12, 0x1.39eeb36bd2b6fp+12, 0x1.38bbc332f0175p+12, 
    0x1.353a0bfc2224fp+12, 0x1.350d76ba0620bp+12, 0x1.35081e9e1b08ap+12, 
    0x1.37a524b33daf9p+12, 0x1.38537300de4c5p+12, 0x1.382ea3cd9a522p+12, 
    0x1.3869a569b1748p+12, 0x1.38928cb9ecf64p+12, 0x1.3b1d952e2fbe3p+12, 
    0x1.3b9f4c0160525p+12, 0x1.3bc3e3df6db94p+12, 0x1.3bc5dd96e9bbfp+12, 
    0x1.3e0feefe4ffc9p+12, 0x1.43393c371da38p+12, 0x1.486dd8969a0aep+12, 
    0x1.4c8e591361dc9p+12, 0x1.50863d523b363p+12, 0x1.53619944aa54p+12, 
    0x1.57529425f2021p+12, 0x1.5cdc2b4b72c52p+12, 0x1.60a35898b2e9dp+12, 
    0x1.666c742bb6673p+12, 0x1.69f0a9d94d0ddp+12, 0x1.728d0ea8da7f4p+12, 
    0x1.79af62f2734f8p+12, 0x1.7ed8061f9f01cp+12, 0x1.846d85d744f5dp+12, 
    0x1.84d5ef31b152fp+12, 0x1.6eb8de6ab9b24p+12, 0x1.50da8151a4378p+12, 
    0x1.7e526f533f423p+12, 0x1.563cd3b3a68b2p+12, 0x1.70e8553ac4f7fp+12, 
    0x1.8aa5b3e35c5b5p+12, 0x1.a7e97681669cfp+12, 0x1.ba304046412cfp+12, 
    0x1.b80f29b9d7fd8p+12, 0x1.db4cc650e7792p+12, 0x1.e396f000431bep+12, 
    0x1.ef6990fd7e458p+12, 0x1.f6c2c0f12c27ap+12, 0x1.fd096f05a708fp+12, 
    0x1.01bb7d987c632p+13, 0x1.03d32f776c482p+13, 0x1.04ee6935b91f7p+13, 
    0x1.077f97a67a52bp+13, 0x1.092deaed13943p+13, 0x1.0c1c23a96d4c3p+13, 
    0x1.1009a18def417p+13, 0x1.13412de8f6cfp+13)), class = "data.frame", row.names = c(NA, 
-122L))
