structure(list(period_id = c("1995Q1", "1995Q2", "1995Q3", "1995Q4", 
"1996Q1", "1996Q2", "1996Q3", "1996Q4", "1997Q1", "1997Q2", "1997Q3", 
"1997Q4", "1998Q1", "1998Q2", "1998Q3", "1998Q4", "1999Q1", "1999Q2", 
"1999Q3", "1999Q4", "2000Q1", "2000Q2", "2000Q3", "2000Q4", "2001Q1", 
"2001Q2", "2001Q3", "2001Q4", "2002Q1", "2002Q2", "2002Q3", "2002Q4", 
"2003Q1", "2003Q2", "2003Q3", "2003Q4", "2004Q1", "2004Q2", "2004Q3", 
"2004Q4", "2005Q1", "2005Q2", "2005Q3", "2005Q4", "2006Q1", "2006Q2", 
"2006Q3", "2006Q4", "2007Q1", "2007Q2", "2007Q3", "2007Q4", "2008Q1", 
"2008Q2", "2008Q3", "2008Q4", "2009Q1", "2009Q2", "2009Q3", "2009Q4", 
"2010Q1", "2010Q2", "2010Q3", "2010Q4", "2011Q1", "2011Q2", "2011Q3", 
"2011Q4", "2012Q1", "2012Q2", "2012Q3", "2012Q4", "2013Q1", "2013Q2", 
"2013Q3", "2013Q4", "2014Q1", "2014Q2", "2014Q3", "2014Q4", "2015Q1", 
"2015Q2", "2015Q3", "2015Q4", "2016Q1", "2016Q2", "2016Q3", "2016Q4", 
"2017Q1", "2017Q2", "2017Q3", "2017Q4", "2018Q1", "2018Q2", "2018Q3", 
"2018Q4", "2019Q1", "2019Q2", "2019Q3", "2019Q4", "2020Q1", "2020Q2", 
"2020Q3", "2020Q4", "2021Q1", "2021Q2", "2021Q3", "2021Q4", "2022Q1", 
"2022Q2", "2022Q3", "2022Q4", "2023Q1", "2023Q2", "2023Q3", "2023Q4", 
"2024Q1", "2024Q2", "2024Q3", "2024Q4"), value = c(0x1.3b3893c68661bp+11, 
0x1.44bc86e3b46fep+11, 0x1.50b833fe9fadbp+11, 0x1.5bfe3d7d3910cp+11, 
0x1.684d1040bfe3bp+11, 0x1.750c36805a2d7p+11, 0x1.8224d0ce4ead1p+11, 
0x1.8ed27b5aea316p+11, 0x1.9ac7fed41b75ap+11, 0x1.ab07c0e9d51b5p+11, 
0x1.b4df0fd5cb791p+11, 0x1.c2eca3e7d1351p+11, 0x1.cc46e40a6b93dp+11, 
0x1.d4c8e2cba732ep+11, 0x1.e382f7f27fe4cp+11, 0x1.edfd0f4b61fe2p+11, 
0x1.000636427c7c5p+12, 0x1.07dcfbc6eb0b8p+12, 0x1.0c423f8db4891p+12, 
0x1.1401154c985fp+12, 0x1.19a098def416cp+12, 0x1.2074b44806291p+12, 
0x1.2995cb0292817p+12, 0x1.3209dfa11a976p+12, 0x1.3ac0701eabbcbp+12, 
0x1.443f38fde2ef5p+12, 0x1.4d9db6d549731p+12, 0x1.553d1c853c148p+12, 
0x1.60ceccd0fe8abp+12, 0x1.6760f1ed17c5fp+12, 0x1.6f1d2b66b6178p+12, 
0x1.79a1ebfec13bap+12, 0x1.7f368fd5cb791p+12, 0x1.8866064ba94bcp+12, 
0x1.91078622c4502p+12, 0x1.9766f4eca686ep+12, 0x1.a09a285553ef7p+12, 
0x1.a502ef07bfe7ep+12, 0x1.ad7d75cf2495ep+12, 0x1.b1a17964a59cp+12, 
0x1.b6b8cbc8c0ce9p+12, 0x1.bfe311dffc548p+12, 0x1.c423ffceb7889p+12, 
0x1.cf1c7e0ac7da2p+12, 0x1.d688c95d0b73dp+12, 0x1.e31c28e0c9d9dp+12, 
0x1.f076af05a708fp+12, 0x1.00322fe82517ep+13, 0x1.07798b356da01p+13, 
0x1.0edcd4289118cp+13, 0x1.168e695b78ccap+13, 0x1.1cc6315592d99p+13, 
0x1.231d7f3a57eaap+13, 0x1.270a67da1ec4ep+13, 0x1.29c7e30a91538p+13, 
0x1.27c6fa365cb36p+13, 0x1.17d9d94a6eb92p+13, 0x1.167c796851223p+13, 
0x1.155d4f1f57b42p+13, 0x1.170a6797891e2p+13, 0x1.14c1f66f0cfe1p+13, 
0x1.1886a0a9de8b4p+13, 0x1.1959d8cda6e76p+13, 0x1.1a7b9b45f17bep+13, 
0x1.2101f7446f9bap+13, 0x1.1f6bd271bcdbcp+13, 0x1.1e865ee0b0af6p+13, 
0x1.1ee8909e98dcep+13, 0x1.1c09803c4b09fp+13, 0x1.1965f9e59f2bbp+13, 
0x1.184729081c2e3p+13, 0x1.1502b275ee99ap+13, 0x1.1746594e1a3f4p+13, 
0x1.19b0734938583p+13, 0x1.1ae773b0813cbp+13, 0x1.1d8d37891e215p+13, 
0x1.2042cd8ba40d9p+13, 0x1.2499bae70c133p+13, 0x1.25b913b6cbd98p+13, 
0x1.23025c0fcb4f2p+13, 0x1.2954267f0aa22p+13, 0x1.2b35b17ce52dfp+13, 
0x1.2d0b2fe260b2dp+13, 0x1.2e8eccd6c2efdp+13, 0x1.30ca16f9fcb0cp+13, 
0x1.34f92656abde4p+13, 0x1.39f0ddb5d8948p+13, 0x1.3edc62480e8c9p+13, 
0x1.44403a6d698fep+13, 0x1.49a156b4c7f35p+13, 0x1.4f5f29a3d2d88p+13, 
0x1.5aca3bc6eb0b8p+13, 0x1.5bad7e681a9b9p+13, 0x1.5f15deebb341ep+13, 
0x1.68b32ed5f138cp+13, 0x1.6edc0c28b2a6bp+13, 0x1.73f0520b8066cp+13, 
0x1.71b1102d59d56p+13, 0x1.7cae27fa1a0cfp+13, 0x1.8320538cda6e7p+13, 
0x1.7087080389f84p+13, 0x1.4ee5099d0203ep+13, 0x1.74b0edd052935p+13, 
0x1.773ee0fecdd0ep+13, 0x1.8174af1cb89d7p+13, 0x1.8e281fd694ccbp+13, 
0x1.9af7e2dcf4624p+13, 0x1.a8e3538bcdffp+13, 0x1.a557d80a9de8bp+13, 
0x1.b60bcdd69d302p+13, 0x1.c811efc2eba28p+13, 0x1.cdf1042e9899cp+13, 
0x1.e6f135c63ae25p+13, 0x1.f47aa3c31df76p+13, 0x1.f5537e80389f8p+13, 
0x1.02248497fa5d3p+14, 0x1.01c254cc6823p+14, 0x1.02ba0d54da4cfp+14, 
0x1.04bfe8bb4d489p+14, 0x1.0b87e236c15d3p+14)), class = "data.frame", row.names = c(NA, 
-120L))
