structure(list(period_id = c("1995Q1", "1995Q2", "1995Q3", "1995Q4", 
"1996Q1", "1996Q2", "1996Q3", "1996Q4", "1997Q1", "1997Q2", "1997Q3", 
"1997Q4", "1998Q1", "1998Q2", "1998Q3", "1998Q4", "1999Q1", "1999Q2", 
"1999Q3", "1999Q4", "2000Q1", "2000Q2", "2000Q3", "2000Q4", "2001Q1", 
"2001Q2", "2001Q3", "2001Q4", "2002Q1", "2002Q2", "2002Q3", "2002Q4", 
"2003Q1", "2003Q2", "2003Q3", "2003Q4", "2004Q1", "2004Q2", "2004Q3", 
"2004Q4", "2005Q1", "2005Q2", "2005Q3", "2005Q4", "2006Q1", "2006Q2", 
"2006Q3", "2006Q4", "2007Q1", "2007Q2", "2007Q3", "2007Q4", "2008Q1", 
"2008Q2", "2008Q3", "2008Q4", "2009Q1", "2009Q2", "2009Q3", "2009Q4", 
"2010Q1", "2010Q2", "2010Q3", "2010Q4", "2011Q1", "2011Q2", "2011Q3", 
"2011Q4", "2012Q1", "2012Q2", "2012Q3", "2012Q4", "2013Q1", "2013Q2", 
"2013Q3", "2013Q4", "2014Q1", "2014Q2", "2014Q3", "2014Q4", "2015Q1", 
"2015Q2", "2015Q3", "2015Q4", "2016Q1", "2016Q2", "2016Q3", "2016Q4", 
"2017Q1", "2017Q2", "2017Q3", "2017Q4", "2018Q1", "2018Q2", "2018Q3", 
"2018Q4", "2019Q1", "2019Q2", "2019Q3", "2019Q4", "2020Q1", "2020Q2", 
"2020Q3", "2020Q4", "2021Q1", "2021Q2", "2021Q3", "2021Q4", "2022Q1", 
"2022Q2", "2022Q3", "2022Q4", "2023Q1", "2023Q2", "2023Q3", "2023Q4", 
"2024Q1", "2024Q2", "2024Q3", "2024Q4"), value = c(NA, NA, NA, 
NA, 0x1.178a5a57646aep+8, 0x1.0ee8d44567126p+8, 0x1.11be44c7b02d6p+8, 
0x1.dcb633eff195p+7, 0x1.f7d7d30ad46f6p+7, 0x1.4c87202107b78p+8, 
0x1.04e5ec7000432p+8, 0x1.fbfd64b662fep+7, 0x1.fb8c74751ce29p+7, 
0x1.1e8a191148fdap+8, 0x1.2fce556d19dedp+8, 0x1.334be4cd74928p+8, 
0x1.3a79e774eebf6p+8, 0x1.a242e7c49fd7ap+8, 0x1.07f181cf7878bp+8, 
0x1.26f83e425aee6p+8, 0x1.2501c853c1483p+8, 0x1.17fdac14c660ap+8, 
0x1.1712706d50657p+8, 0x1.1846d1287c201p+8, 0x1.1010e581cf788p+8, 
0x1.170bdd334c5dap+8, 0x1.2013540895d0bp+8, 0x1.24e5ebd9018e7p+8, 
0x1.28fc2f5126634p+8, 0x1.1d074c6e6d9bep+8, 0x1.34782aed13943p+8, 
0x1.35412c16df3f9p+8, 0x1.35b9b584b1ab1p+8, 0x1.3fdd640e9d51bp+8, 
0x1.467fd20f2becfp+8, 0x1.68d8ac29bf163p+8, 0x1.598a5a89b951cp+8, 
0x1.5c7d6bfca85cbp+8, 0x1.76edf6fd21ff3p+8, 0x1.7b197d7c2ca15p+8, 
0x1.770fb517a4617p+8, 0x1.87f8573a79789p+8, 0x1.7e7976cce5f74p+8, 
0x1.79c23886594afp+8, 0x1.85094bbe4473dp+8, 0x1.9d75cf7878b7ap+8, 
0x1.99d85100a393fp+8, 0x1.a8de24febd09ep+8, 0x1.bd1415f45e0b5p+8, 
0x1.d76790b849881p+8, 0x1.e71975afaf859p+8, 0x1.f5cb6976bc1fp+8, 
0x1.055831055b899p+9, 0x1.095f42a23bff9p+9, 0x1.f788983d79075p+8, 
0x1.e44cdb2702a35p+8, 0x1.c64db23dd54dap+8, 0x1.cf0b3f85510d4p+8, 
0x1.ebb930164840ep+8, 0x1.efe9edbf8b9bbp+8, 0x1.0b77760bf5d79p+9, 
0x1.023d1a8ef77f2p+9, 0x1.ec2e03d577964p+8, 0x1.e97992d98bf7fp+8, 
0x1.ea719d451fc4cp+8, 0x1.e02963992c8c5p+8, 0x1.e9c8a24463066p+8, 
0x1.ebfe2b3892ee8p+8, 0x1.d19d1ec918e32p+8, 0x1.b96e95a6c5d2p+8, 
0x1.afbcd77b7c782p+8, 0x1.a15f26394facep+8, 0x1.913a2c881e471p+8, 
0x1.b9c2c7c957cd4p+8, 0x1.90b3c1acde1ap+8, 0x1.95050a67620efp+8, 
0x1.998c77681669dp+8, 0x1.b261d54da4ce8p+8, 0x1.c800848387df6p+8, 
0x1.d49d3e1c9b414p+8, 0x1.de268c0485a0cp+8, 0x1.e08fc3a42f1edp+8, 
0x1.f09b83382e44bp+8, 0x1.f6c156b00ffdap+8, 0x1.0530461f9f01cp+9, 
0x1.0e804fb97bb73p+9, 0x1.15b7c504816fp+9, 0x1.248020bc382a1p+9, 
0x1.33cda89331a09p+9, 0x1.3cfe6fcdee35p+9, 0x1.3f2496bb98c7ep+9, 
0x1.4a02e9899bf59p+9, 0x1.491519f7f8ca8p+9, 0x1.529291d14e3bdp+9, 
0x1.58245a35d67bap+9, 0x1.5a151b9b66f93p+9, 0x1.6d3f63ed0f627p+9, 
0x1.6841d6d7e889cp+9, 0x1.6f60c996b7671p+9, 0x1.7ac6a4a8c154dp+9, 
0x1.459297a67a52bp+9, 0x1.515d17e77d524p+9, 0x1.9e0ef52b90a78p+9, 
0x1.427b31769a911p+9, 0x1.a4909df1172efp+9, 0x1.bc85f6ec5b079p+9, 
0x1.c9898a116659dp+9, 0x1.ca0a6516db0dep+9, 0x1.94cca747d805ep+9, 
0x1.ab94ad3e920cp+9, 0x1.b4754dd72367ep+9, 0x1.b60bd199bb279p+9, 
0x1.b6baa2b9d3cbcp+9, 0x1.bf0ce219652bdp+9, 0x1.bbb7a1554fbdbp+9, 
0x1.d5625efe93187p+9, 0x1.d9e255d1c3ac9p+9, 0x1.ce53fb6134ce4p+9, 
0x1.d9966bf01322fp+9, 0x1.d3b4af35e310ep+9)), class = "data.frame", row.names = c(NA, 
-120L))
