structure(list(period_id = c("1995Q1", "1995Q2", "1995Q3", "1995Q4", 
"1996Q1", "1996Q2", "1996Q3", "1996Q4", "1997Q1", "1997Q2", "1997Q3", 
"1997Q4", "1998Q1", "1998Q2", "1998Q3", "1998Q4", "1999Q1", "1999Q2", 
"1999Q3", "1999Q4", "2000Q1", "2000Q2", "2000Q3", "2000Q4", "2001Q1", 
"2001Q2", "2001Q3", "2001Q4", "2002Q1", "2002Q2", "2002Q3", "2002Q4", 
"2003Q1", "2003Q2", "2003Q3", "2003Q4", "2004Q1", "2004Q2", "2004Q3", 
"2004Q4", "2005Q1", "2005Q2", "2005Q3", "2005Q4", "2006Q1", "2006Q2", 
"2006Q3", "2006Q4", "2007Q1", "2007Q2", "2007Q3", "2007Q4", "2008Q1", 
"2008Q2", "2008Q3", "2008Q4", "2009Q1", "2009Q2", "2009Q3", "2009Q4", 
"2010Q1", "2010Q2", "2010Q3", "2010Q4", "2011Q1", "2011Q2", "2011Q3", 
"2011Q4", "2012Q1", "2012Q2", "2012Q3", "2012Q4", "2013Q1", "2013Q2", 
"2013Q3", "2013Q4", "2014Q1", "2014Q2", "2014Q3", "2014Q4", "2015Q1", 
"2015Q2", "2015Q3", "2015Q4", "2016Q1", "2016Q2", "2016Q3", "2016Q4", 
"2017Q1", "2017Q2", "2017Q3", "2017Q4", "2018Q1", "2018Q2", "2018Q3", 
"2018Q4", "2019Q1", "2019Q2", "2019Q3", "2019Q4", "2020Q1", "2020Q2", 
"2020Q3", "2020Q4", "2021Q1", "2021Q2", "2021Q3", "2021Q4", "2022Q1", 
"2022Q2", "2022Q3", "2022Q4", "2023Q1", "2023Q2", "2023Q3", "2023Q4", 
"2024Q1", "2024Q2", "2024Q3", "2024Q4"), value = c(NA, NA, NA, 
NA, 0x1.f536b912dba4dp+9, 0x1.f92f1bac2df0dp+9, 0x1.fcb5fe2a3cea7p+9, 
0x1.004bc560c7c0fp+10, 0x1.01fdf572de43fp+10, 0x1.0398a29c779a7p+10, 
0x1.05a9b2b777d0fp+10, 0x1.07d0529bae46dp+10, 0x1.0a74f84cad57cp+10, 
0x1.0c559bb2788dbp+10, 0x1.0e6cec2480e8dp+10, 0x1.10728216c6152p+10, 
0x1.12399435ac8a3p+10, 0x1.1557db1a6d699p+10, 0x1.183475536933ap+10, 
0x1.1b45eba27ae9bp+10, 0x1.1e9c6e9ff0cbbp+10, 0x1.22dc2b6ae7d56p+10, 
0x1.25be1733226c4p+10, 0x1.271aed352220cp+10, 0x1.29d6903a7546dp+10, 
0x1.24fdcd530489dp+10, 0x1.2c22c219eb639p+10, 0x1.33b7353f7ced9p+10, 
0x1.30b8c729f59cdp+10, 0x1.323cd67fd3f5bp+10, 0x1.35c3a73f748a1p+10, 
0x1.38c071f36262dp+10, 0x1.3a40fa00e27e1p+10, 0x1.3d6dba8826aa9p+10, 
0x1.3ee9ec0724b77p+10, 0x1.3a330941c8217p+10, 0x1.3f52c4c9c90c5p+10, 
0x1.412c268900c52p+10, 0x1.44100e90bc7b4p+10, 0x1.46948372e6a77p+10, 
0x1.490654da4ce81p+10, 0x1.4c1143cc07aafp+10, 0x1.4e14c7a7c9dep+10, 
0x1.4feee1719f7f9p+10, 0x1.4f2ed29dc725cp+10, 0x1.4fa80e8c8abd6p+10, 
0x1.5101ed20296b3p+10, 0x1.517197a24894cp+10, 0x1.5317c714fce74p+10, 
0x1.546f9628cbd12p+10, 0x1.54e26c8711d7ap+10, 0x1.5632769ec2ce4p+10, 
0x1.555c465625a68p+10, 0x1.55b73a647fdc6p+10, 0x1.557d3354c1227p+10, 
0x1.548d70691ea79p+10, 0x1.56bafbdf090f7p+10, 0x1.57b596b3354c1p+10, 
0x1.597529845dc83p+10, 0x1.5ca9f2f555821p+10, 0x1.5da73226c3b92p+10, 
0x1.5ffba365cb35fp+10, 0x1.616d278d0cc36p+10, 0x1.6193b8e086bdfp+10, 
0x1.6152e9b38d60ap+10, 0x1.601bb2074ea8ep+10, 0x1.5fac566cf41f2p+10, 
0x1.665649ba5e354p+10, 0x1.662bc8754f377p+10, 0x1.652473365881ap+10, 
0x1.65caf9db22d0ep+10, 0x1.6468068986fcep+10, 0x1.632daf3a14cecp+10, 
0x1.62fe4213a0c6bp+10, 0x1.623e6694898f6p+10, 0x1.62ae5f6fd21ffp+10, 
0x1.635ccc426351ep+10, 0x1.63edb124d099ep+10, 0x1.63db2324c8366p+10, 
0x1.64331a1db877bp+10, 0x1.61d4cf355cd92p+10, 0x1.63c075536933ap+10, 
0x1.644ac710cb296p+10, 0x1.69822fdb8fde3p+10, 0x1.67e31904b3c3ep+10, 
0x1.6bcb1ada76d98p+10, 0x1.6d9f172abef07p+10, 0x1.72323660e51d2p+10, 
0x1.6febb738e6d16p+10, 0x1.7280cc70867aep+10, 0x1.7351e679463dp+10, 
0x1.798e209246bfp+10, 0x1.7725695d91ab9p+10, 0x1.7aa2c2e33eff2p+10, 
0x1.7a0bb673c4f3cp+10, 0x1.80cc49cf56eadp+10, 0x1.7deeb6e0d23d5p+10, 
0x1.80b403c4b09eap+10, 0x1.8116198aeb80fp+10, 0x1.86366c508b32dp+10, 
0x1.843c5d851654dp+10, 0x1.849c34a87e38fp+10, 0x1.8e0e15a4acf31p+10, 
0x1.944aea7ce0fc3p+10, 0x1.93682eec7c958p+10, 0x1.9bd8c24c404a7p+10, 
0x1.9ff9699418506p+10, 0x1.9ed7ea5b530cfp+10, 0x1.a0f7585be1a82p+10, 
0x1.9ed7739f340d5p+10, 0x1.9e0c6bebe1651p+10, 0x1.ae7dc3504c48bp+10, 
0x1.9d9825460aa65p+10, 0x1.a246bda0dfdfp+10, 0x1.a1c6d1569f49p+10, 
0x1.b10b695d91ab9p+10, 0x1.a3a8cafb3b752p+10, 0x1.a83b7f023e9eap+10, 
0x1.a8a01eff9f87fp+10, 0x1.b8803bff8a8f4p+10)), class = "data.frame", row.names = c(NA, 
-120L))
