structure(list(period_id = c("1999Q1", "1999Q2", "1999Q3", "1999Q4", 
"2000Q1", "2000Q2", "2000Q3", "2000Q4", "2001Q1", "2001Q2", "2001Q3", 
"2001Q4", "2002Q1", "2002Q2", "2002Q3", "2002Q4", "2003Q1", "2003Q2", 
"2003Q3", "2003Q4", "2004Q1", "2004Q2", "2004Q3", "2004Q4", "2005Q1", 
"2005Q2", "2005Q3", "2005Q4", "2006Q1", "2006Q2", "2006Q3", "2006Q4", 
"2007Q1", "2007Q2", "2007Q3", "2007Q4", "2008Q1", "2008Q2", "2008Q3", 
"2008Q4", "2009Q1", "2009Q2", "2009Q3", "2009Q4", "2010Q1", "2010Q2", 
"2010Q3", "2010Q4", "2011Q1", "2011Q2", "2011Q3", "2011Q4", "2012Q1", 
"2012Q2", "2012Q3", "2012Q4", "2013Q1", "2013Q2", "2013Q3", "2013Q4", 
"2014Q1", "2014Q2", "2014Q3", "2014Q4", "2015Q1", "2015Q2", "2015Q3", 
"2015Q4", "2016Q1", "2016Q2", "2016Q3", "2016Q4", "2017Q1", "2017Q2", 
"2017Q3", "2017Q4", "2018Q1", "2018Q2", "2018Q3", "2018Q4", "2019Q1", 
"2019Q2", "2019Q3", "2019Q4", "2020Q1", "2020Q2", "2020Q3", "2020Q4", 
"2021Q1", "2021Q2", "2021Q3", "2021Q4", "2022Q1", "2022Q2", "2022Q3", 
"2022Q4", "2023Q1", "2023Q2", "2023Q3", "2023Q4", "2024Q1", "2024Q2", 
"2024Q3", "2024Q4", "2025Q1"), value = c(0x1.32601711947dp+5, 
0x1.a5f3e35c5b4abp+5, 0x1.99fc621b7e0acp+5, 0x1.6142178f68be3p+6, 
0x1.6e1a01eeed89p+5, 0x1.602763a190082p+5, 0x1.00d2ff8ec0f88p+6, 
0x1.7490b912dba4dp+6, 0x1.117b866e43aa8p+6, 0x1.b23d9c27e9531p+5, 
0x1.fa3e40420f6f1p+5, 0x1.6226a22b3892fp+6, 0x1.0acb9628cbd12p+6, 
0x1.d87fe32a0663cp+5, 0x1.a83564b662fep+5, 0x1.24d8dbad3a605p+7, 
0x1.85de492bc2fc7p+6, 0x1.27ba0ba1f4b1fp+6, 0x1.20c9c560c7c0fp+6, 
0x1.0e8a95208e15p+7, 0x1.7498b08dd1e54p+6, 0x1.18b39799e518fp+6, 
0x1.34d4d594f26afp+6, 0x1.a3ac88e79aae7p+6, 0x1.77f3c42a66dbdp+6, 
0x1.fb0cdea033e79p+5, 0x1.28e1de2691644p+6, 0x1.747c39bcba301p+6, 
0x1.744b6a1e81cb4p+6, 0x1.8cd889c1b5419p+6, 0x1.a3b470a808c82p+6, 
0x1.74aa5ca29845ep+6, 0x1.0c7e8d32830a1p+7, 0x1.087e37bd05af7p+7, 
0x1.94ef0281ba7fcp+6, 0x1.93a4d551d68c7p+6, 0x1.2e1ead9274e23p+7, 
0x1.299e0f1b25f63p+7, 0x1.c7a57afea3df7p+6, 0x1.c631f3e89a88bp+6, 
0x1.bc1c545846e8fp+7, 0x1.20f208e150119p+6, 0x1.d4f28b2a6b0d9p+6, 
0x1.861b800218defp+7, 0x1.0cb271de69ad4p+7, 0x1.5a11b4bb5e0f8p+7, 
0x1.d4bdeca2552ap+6, 0x1.6c3647baa9b4ap+7, 0x1.f3e5bc87db2b3p+6, 
0x1.727083558a761p+6, 0x1.1b4e0f3cb3e57p+6, 0x1.d94779207d4e1p+6, 
0x1.8f67ef177a701p+6, 0x1.556e3d5fdcdf7p+6, 0x1.34d263d816acfp+6, 
0x1.b15b078d92fb2p+6, 0x1.2ab1bac2df0d4p+7, 0x1.3d2830e3cd9a5p+6, 
0x1.724e0f7fcfc4p+6, 0x1.eb72bae03b3eap+6, 0x1.45910cf5b1c86p+6, 
0x1.c85ce5710880ep+6, 0x1.8bcb04ab606b8p+6, 0x1.bea5daad602p+6, 
0x1.830447c30d307p+6, 0x1.c005bee3d5fddp+6, 0x1.7369752977c89p+6, 
0x1.be36a1e81cb47p+6, 0x1.94fb5c39bcba3p+6, 0x1.a9e42d05f2885p+6, 
0x1.84f2b3cc4ac6dp+6, 0x1.9f466fd651b0dp+6, 0x1.71fed41b75a75p+6, 
0x1.ca47dfe32a066p+6, 0x1.88171758e2196p+6, 0x1.aaa737110e454p+6, 
0x1.66d008205ff1ep+6, 0x1.c9d1aeb3dd11cp+6, 0x1.934438d1d8a55p+6, 
0x1.940caf2d7f951p+6, 0x1.63d0de093532ep+6, 0x1.9abf345069a4ep+6, 
0x1.86f57ff9b5632p+6, 0x1.95fd3e0bd449ap+6, 0x1.f8b057082491bp+7, 
0x1.aeb6fa93af74dp+9, 0x1.35871950331e4p+7, 0x1.1151c9bc77143p+9, 
0x1.c96f5781c715p+8, 0x1.cff283a109d06p+8, 0x1.f9f6f69446738p+6, 
0x1.156fd0d0678cp+7, 0x1.03a5e3b8a19cap+7, 0x1.427de785b5b7p+7, 
0x1.258b821af7d31p+7, 0x1.50cfcdab191dep+7, 0x1.1b1666ec9e237p+7, 
0x1.5cceb65a9a805p+7, 0x1.2dcce54f7a919p+7, 0x1.a92b3d07c84b6p+7, 
0x1.4ceae6c8f7553p+6, 0x1.2d46a1e81cb47p+7, 0x1.1982caff6d331p+7, 
0x1.4027cc1871e6dp+7, 0x1.749b3482be8bcp+7)), class = "data.frame", row.names = c(NA, 
-105L))
