structure(list(period_id = c("1995Q1", "1995Q2", "1995Q3", "1995Q4", 
"1996Q1", "1996Q2", "1996Q3", "1996Q4", "1997Q1", "1997Q2", "1997Q3", 
"1997Q4", "1998Q1", "1998Q2", "1998Q3", "1998Q4", "1999Q1", "1999Q2", 
"1999Q3", "1999Q4", "2000Q1", "2000Q2", "2000Q3", "2000Q4", "2001Q1", 
"2001Q2", "2001Q3", "2001Q4", "2002Q1", "2002Q2", "2002Q3", "2002Q4", 
"2003Q1", "2003Q2", "2003Q3", "2003Q4", "2004Q1", "2004Q2", "2004Q3", 
"2004Q4", "2005Q1", "2005Q2", "2005Q3", "2005Q4", "2006Q1", "2006Q2", 
"2006Q3", "2006Q4", "2007Q1", "2007Q2", "2007Q3", "2007Q4", "2008Q1", 
"2008Q2", "2008Q3", "2008Q4", "2009Q1", "2009Q2", "2009Q3", "2009Q4", 
"2010Q1", "2010Q2", "2010Q3", "2010Q4", "2011Q1", "2011Q2", "2011Q3", 
"2011Q4", "2012Q1", "2012Q2", "2012Q3", "2012Q4", "2013Q1", "2013Q2", 
"2013Q3", "2013Q4", "2014Q1", "2014Q2", "2014Q3", "2014Q4", "2015Q1", 
"2015Q2", "2015Q3", "2015Q4", "2016Q1", "2016Q2", "2016Q3", "2016Q4", 
"2017Q1", "2017Q2", "2017Q3", "2017Q4", "2018Q1", "2018Q2", "2018Q3", 
"2018Q4", "2019Q1", "2019Q2", "2019Q3", "2019Q4", "2020Q1", "2020Q2", 
"2020Q3", "2020Q4", "2021Q1", "2021Q2", "2021Q3", "2021Q4", "2022Q1", 
"2022Q2", "2022Q3", "2022Q4", "2023Q1", "2023Q2", "2023Q3", "2023Q4", 
"2024Q1", "2024Q2", "2024Q3", "2024Q4"), value = c(0x1.2699b8887229fp+9, 
0x1.372cc22ee4192p+9, 0x1.494f790fb6567p+9, 0x1.55e526d04e619p+9, 
0x1.67d786b9c304dp+9, 0x1.739b677f6b1a3p+9, 0x1.7e5bb7d84901dp+9, 
0x1.8ed1c52e72da1p+9, 0x1.991302a3486fp+9, 0x1.a743ea1c68ec5p+9, 
0x1.add963e4abe6ap+9, 0x1.b96fa21ea3593p+9, 0x1.bf698476f2a5ap+9, 
0x1.c5e860fe47992p+9, 0x1.d42076c050bd8p+9, 0x1.dd99a67a52ac7p+9, 
0x1.eef744806290fp+9, 0x1.fe44e95faa8a8p+9, 0x1.0597013ec460fp+10, 
0x1.0a19898f605abp+10, 0x1.0f04606b7aa26p+10, 0x1.103bb73083559p+10, 
0x1.1828146a1a501p+10, 0x1.1e8d4156e264ep+10, 0x1.2366a43fe5c92p+10, 
0x1.2df82478854cep+10, 0x1.2f576b3fe9faep+10, 0x1.37c42b063e07ap+10, 
0x1.44b9fc7a3982p+10, 0x1.4b7ffb6dca07fp+10, 0x1.5511a67e846a6p+10, 
0x1.6039f8df7a4e8p+10, 0x1.64a2bf1e8e608p+10, 0x1.6c3a153bd1676p+10, 
0x1.77f7d612c6ac2p+10, 0x1.7b1debfec13bap+10, 0x1.852101a79fecap+10, 
0x1.8d2ea55d1c3adp+10, 0x1.9442367a0f909p+10, 0x1.9e59fe2a3cea7p+10, 
0x1.a3b10e5604189p+10, 0x1.ae07804102ff9p+10, 0x1.b1a375104d552p+10, 
0x1.b5ff4b7b28955p+10, 0x1.ba06366516db1p+10, 0x1.c00f698bb4d49p+10, 
0x1.ca8e41cc532a5p+10, 0x1.d99ed8f4f93bcp+10, 0x1.e850e2089e343p+10, 
0x1.f55030caa326ep+10, 0x1.01bb076e1deadp+11, 0x1.061ada7d24181p+11, 
0x1.0c435cd0bb6edp+11, 0x1.114e68d32830ap+11, 0x1.0fd9e34762952p+11, 
0x1.0e5e2a044ae86p+11, 0x1.0e940620ab713p+11, 0x1.0cbecb5bb385p+11, 
0x1.0e588a67620efp+11, 0x1.10df8dae3e6c5p+11, 0x1.11cb5e050375p+11, 
0x1.12fb2cc0bdcadp+11, 0x1.13649de050375p+11, 0x1.1671c86f049aap+11, 
0x1.15804d7f0ed3ep+11, 0x1.1b65a6e547171p+11, 0x1.20d5220ddc619p+11, 
0x1.19f07a5f41aefp+11, 0x1.21776ba6aca79p+11, 0x1.189a1dbec2481p+11, 
0x1.16e0e4e054691p+11, 0x1.192252dcb1466p+11, 0x1.13a0176577532p+11, 
0x1.18e9715a4acf3p+11, 0x1.1bfd5477bbf94p+11, 0x1.1ff4d04816fp+11, 
0x1.1f56a4894c448p+11, 0x1.1f22071a3b14bp+11, 0x1.1f10767b1c001p+11, 
0x1.1ffe03ec892abp+11, 0x1.2704b19828805p+11, 0x1.29a6c3547e069p+11, 
0x1.28f21dd3bafd9p+11, 0x1.2907919ac797p+11, 0x1.2c695ac471b48p+11, 
0x1.2dd274eca686ep+11, 0x1.318f0e38a7e74p+11, 0x1.34eee6a98244fp+11, 
0x1.35bbed22424a2p+11, 0x1.39d690880d802p+11, 0x1.3fa20eae18acap+11, 
0x1.4455c42e9899cp+11, 0x1.497b23cea6c1ap+11, 0x1.4d95567dbb16cp+11, 
0x1.5051f44d44567p+11, 0x1.5a522452c59fbp+11, 0x1.629115810624ep+11, 
0x1.63593906466b2p+11, 0x1.68d9dcd0bb6edp+11, 0x1.62f25816aceabp+11, 
0x1.62d82e46cfc83p+11, 0x1.16805db5525ccp+11, 0x1.3d8cb30f8c65p+11, 
0x1.251e6a18372e7p+11, 0x1.2d69a847b2464p+11, 0x1.385195379fa98p+11, 
0x1.769cf0c34c1a9p+11, 0x1.861bc32ca57a8p+11, 0x1.8b399856a37acp+11, 
0x1.9797be1650a46p+11, 0x1.a11ba4228997cp+11, 0x1.ac862326e1156p+11, 
0x1.bd03d2dcb1466p+11, 0x1.c97beb4e98138p+11, 0x1.d3d4d7f737da6p+11, 
0x1.d8c2c011d3672p+11, 0x1.de62493858362p+11, 0x1.e34139d5e4a38p+11, 
0x1.e93d894e5d5b2p+11, 0x1.ef60586876e1ep+11)), class = "data.frame", row.names = c(NA, 
-120L))
