structure(list(period_id = c("1995Q1", "1995Q2", "1995Q3", "1995Q4", 
"1996Q1", "1996Q2", "1996Q3", "1996Q4", "1997Q1", "1997Q2", "1997Q3", 
"1997Q4", "1998Q1", "1998Q2", "1998Q3", "1998Q4", "1999Q1", "1999Q2", 
"1999Q3", "1999Q4", "2000Q1", "2000Q2", "2000Q3", "2000Q4", "2001Q1", 
"2001Q2", "2001Q3", "2001Q4", "2002Q1", "2002Q2", "2002Q3", "2002Q4", 
"2003Q1", "2003Q2", "2003Q3", "2003Q4", "2004Q1", "2004Q2", "2004Q3", 
"2004Q4", "2005Q1", "2005Q2", "2005Q3", "2005Q4", "2006Q1", "2006Q2", 
"2006Q3", "2006Q4", "2007Q1", "2007Q2", "2007Q3", "2007Q4", "2008Q1", 
"2008Q2", "2008Q3", "2008Q4", "2009Q1", "2009Q2", "2009Q3", "2009Q4", 
"2010Q1", "2010Q2", "2010Q3", "2010Q4", "2011Q1", "2011Q2", "2011Q3", 
"2011Q4", "2012Q1", "2012Q2", "2012Q3", "2012Q4", "2013Q1", "2013Q2", 
"2013Q3", "2013Q4", "2014Q1", "2014Q2", "2014Q3", "2014Q4", "2015Q1", 
"2015Q2", "2015Q3", "2015Q4", "2016Q1", "2016Q2", "2016Q3", "2016Q4", 
"2017Q1", "2017Q2", "2017Q3", "2017Q4", "2018Q1", "2018Q2", "2018Q3", 
"2018Q4", "2019Q1", "2019Q2", "2019Q3", "2019Q4", "2020Q1", "2020Q2", 
"2020Q3", "2020Q4", "2021Q1", "2021Q2", "2021Q3", "2021Q4", "2022Q1", 
"2022Q2", "2022Q3", "2022Q4", "2023Q1", "2023Q2", "2023Q3", "2023Q4", 
"2024Q1", "2024Q2", "2024Q3", "2024Q4"), value = c(0x1.11e393c46d82cp+9, 
0x1.175647d3d4281p+9, 0x1.23b30bc7b45f1p+9, 0x1.24d921a2e7f6fp+9, 
0x1.349ff540895d1p+9, 0x1.3c93cc9ea9a3dp+9, 0x1.519720fb224abp+9, 
0x1.61af219a847b2p+9, 0x1.66105d52c16dfp+9, 0x1.8005c51dabe27p+9, 
0x1.778cdd82fd75ep+9, 0x1.976086a4ca4f4p+9, 0x1.97411183b6028p+9, 
0x1.a07f8f25a251p+9, 0x1.aa24e6ea85447p+9, 0x1.b0990c996b767p+9, 
0x1.c0ca478854cdbp+9, 0x1.c8d29374bc6a8p+9, 0x1.d91c07b352a84p+9, 
0x1.e488deb95e5bp+9, 0x1.eccbb97353b4bp+9, 0x1.f8784a48f96e1p+9, 
0x1.025b611ba3ca7p+10, 0x1.09e1049ecb31cp+10, 0x1.16ae0ef1348b2p+10, 
0x1.1f98f505d0fa6p+10, 0x1.28edd7cb2d906p+10, 0x1.2bc22b0ea1837p+10, 
0x1.338ec10d7be98p+10, 0x1.3b6cebdd334c6p+10, 0x1.3dbe1b8ed1bf8p+10, 
0x1.450324febd09ep+10, 0x1.4e461ab4b72c5p+10, 0x1.5303c8f32378bp+10, 
0x1.5a5a84a0e410bp+10, 0x1.68a8fc2224edfp+10, 0x1.6c8c601797cc4p+10, 
0x1.678439c51dabep+10, 0x1.70bf692f6e829p+10, 0x1.668279a2834d2p+10, 
0x1.6adbb90a7829p+10, 0x1.706cf7121ab4bp+10, 0x1.743c23cc8de2bp+10, 
0x1.7e81b6e935b92p+10, 0x1.7fddf0f16f438p+10, 0x1.8ea1af640639dp+10, 
0x1.99f3cf4623d0cp+10, 0x1.a4707c06e19b9p+10, 0x1.b429bfdb4cc25p+10, 
0x1.bee6c59b8023ap+10, 0x1.c5060296b3355p+10, 0x1.ca4f3d35eb745p+10, 
0x1.c9bc103c8e25dp+10, 0x1.cad618b0d0edcp+10, 0x1.d58c5e6ff7dfap+10, 
0x1.aa44bdf8f473p+10, 0x1.7e840913a4f87p+10, 0x1.79afc8d195897p+10, 
0x1.7b071600f345p+10, 0x1.7f6fc12f09d8cp+10, 0x1.7f1835c182ecbp+10, 
0x1.8893523b3636fp+10, 0x1.8b47ceb356dap+10, 0x1.8b9266e008e9bp+10, 
0x1.9c6cad106ee31p+10, 0x1.a1cb4fc1df33p+10, 0x1.a3f2357603926p+10, 
0x1.a7433d70a3d71p+10, 0x1.a60f5bc01a36ep+10, 0x1.a357b762d83c7p+10, 
0x1.a560299524bfdp+10, 0x1.a890535c9e668p+10, 0x1.a9f7219a847b2p+10, 
0x1.b08b4b1ee2435p+10, 0x1.b2420f51ac9bp+10, 0x1.b715d805e5f31p+10, 
0x1.bf807210be942p+10, 0x1.c5f6ed8904f6ep+10, 0x1.ce6158f7121abp+10, 
0x1.d573cb10342abp+10, 0x1.dac24c985f06fp+10, 0x1.df02c33b53932p+10, 
0x1.e4c060285ec3ep+10, 0x1.ea4ce6e221c8ap+10, 0x1.f071a161e4f76p+10, 
0x1.f7fa2e1ac57e2p+10, 0x1.fddf1b36bd2b7p+10, 0x1.01958f5a1016dp+11, 
0x1.091c8d4dc65c7p+11, 0x1.0e899eecbfb16p+11, 0x1.15b7ad3e920cp+11, 
0x1.1cb5a6916440fp+11, 0x1.1d85a272862f6p+11, 0x1.21e9007bbb624p+11, 
0x1.23e074f722e1bp+11, 0x1.2888968f8e7dep+11, 0x1.2f11ebe9c8861p+11, 
0x1.3353f0995aaf8p+11, 0x1.3ada167a95c85p+11, 0x1.3a21c9f51697fp+11, 
0x1.3eb6daab4741p+11, 0x1.006b2c81d3aa3p+11, 0x1.359354cdb7ae5p+11, 
0x1.37465c1615ecp+11, 0x1.38df76512a95p+11, 0x1.3dbdbb62413dbp+11, 
0x1.4157ab4741073p+11, 0x1.4c2877e8038ap+11, 0x1.497ce5cd4ed2dp+11, 
0x1.53d6a91b823c8p+11, 0x1.80c56d2cbea4fp+11, 0x1.6c93a018a43bbp+11, 
0x1.7d8b2c79702e6p+11, 0x1.876ad8904f6ep+11, 0x1.89c059d7774acp+11, 
0x1.87d363ae2541ep+11, 0x1.89c393059641fp+11, 0x1.8c9166a11ec92p+11, 
0x1.9306cbad7d7c3p+11, 0x1.985800b88ca3ep+11)), class = "data.frame", row.names = c(NA, 
-120L))
