structure(list(period_id = c("1995Q1", "1995Q2", "1995Q3", "1995Q4", 
"1996Q1", "1996Q2", "1996Q3", "1996Q4", "1997Q1", "1997Q2", "1997Q3", 
"1997Q4", "1998Q1", "1998Q2", "1998Q3", "1998Q4", "1999Q1", "1999Q2", 
"1999Q3", "1999Q4", "2000Q1", "2000Q2", "2000Q3", "2000Q4", "2001Q1", 
"2001Q2", "2001Q3", "2001Q4", "2002Q1", "2002Q2", "2002Q3", "2002Q4", 
"2003Q1", "2003Q2", "2003Q3", "2003Q4", "2004Q1", "2004Q2", "2004Q3", 
"2004Q4", "2005Q1", "2005Q2", "2005Q3", "2005Q4", "2006Q1", "2006Q2", 
"2006Q3", "2006Q4", "2007Q1", "2007Q2", "2007Q3", "2007Q4", "2008Q1", 
"2008Q2", "2008Q3", "2008Q4", "2009Q1", "2009Q2", "2009Q3", "2009Q4", 
"2010Q1", "2010Q2", "2010Q3", "2010Q4", "2011Q1", "2011Q2", "2011Q3", 
"2011Q4", "2012Q1", "2012Q2", "2012Q3", "2012Q4", "2013Q1", "2013Q2", 
"2013Q3", "2013Q4", "2014Q1", "2014Q2", "2014Q3", "2014Q4", "2015Q1", 
"2015Q2", "2015Q3", "2015Q4", "2016Q1", "2016Q2", "2016Q3", "2016Q4", 
"2017Q1", "2017Q2", "2017Q3", "2017Q4", "2018Q1", "2018Q2", "2018Q3", 
"2018Q4", "2019Q1", "2019Q2", "2019Q3", "2019Q4", "2020Q1", "2020Q2", 
"2020Q3", "2020Q4", "2021Q1", "2021Q2", "2021Q3", "2021Q4", "2022Q1", 
"2022Q2", "2022Q3", "2022Q4", "2023Q1", "2023Q2", "2023Q3", "2023Q4", 
"2024Q1", "2024Q2", "2024Q3", "2024Q4", "2025Q1"), value = c(0x1.11e393c46d82cp+9, 
0x1.175647d3d4281p+9, 0x1.23b30bc7b45f1p+9, 0x1.24d921a2e7f6fp+9, 
0x1.349ff540895d1p+9, 0x1.3c93cc9ea9a3dp+9, 0x1.519720fb224abp+9, 
0x1.61af219a847b2p+9, 0x1.66105d52c16dfp+9, 0x1.8005c51dabe27p+9, 
0x1.778cdd82fd75ep+9, 0x1.976086a4ca4f4p+9, 0x1.97411183b6028p+9, 
0x1.a07f8f25a251p+9, 0x1.aa24e6ea85447p+9, 0x1.b0990c996b767p+9, 
0x1.c0ca478854cdbp+9, 0x1.c8d29374bc6a8p+9, 0x1.d91c07b352a84p+9, 
0x1.e488deb95e5bp+9, 0x1.eccbb97353b4bp+9, 0x1.f8784a48f96e1p+9, 
0x1.025b611ba3ca7p+10, 0x1.09e1049ecb31cp+10, 0x1.16ae0ef1348b2p+10, 
0x1.1f98f505d0fa6p+10, 0x1.28edd7cb2d906p+10, 0x1.2bc22b0ea1837p+10, 
0x1.338ec10d7be98p+10, 0x1.3b6cebdd334c6p+10, 0x1.3dbe1b8ed1bf8p+10, 
0x1.450324febd09ep+10, 0x1.4e461ab4b72c5p+10, 0x1.5303c8f32378bp+10, 
0x1.5a5a84a0e410bp+10, 0x1.68a8fc2224edfp+10, 0x1.6c8c601797cc4p+10, 
0x1.678439c51dabep+10, 0x1.70bf692f6e829p+10, 0x1.668279a2834d2p+10, 
0x1.6adbb90a7829p+10, 0x1.706cf7121ab4bp+10, 0x1.743c23cc8de2bp+10, 
0x1.7e81b6e935b92p+10, 0x1.7fddf0f16f438p+10, 0x1.8ea1af640639dp+10, 
0x1.99f3cf4623d0cp+10, 0x1.a4707c06e19b9p+10, 0x1.b429bfdb4cc25p+10, 
0x1.bee6c59b8023ap+10, 0x1.c5060296b3355p+10, 0x1.ca4f3d35eb745p+10, 
0x1.c9bc103c8e25dp+10, 0x1.cad618b0d0edcp+10, 0x1.d58c5e6ff7dfap+10, 
0x1.aa44bdf8f473p+10, 0x1.7e840913a4f87p+10, 0x1.79afc8d195897p+10, 
0x1.7b071600f345p+10, 0x1.7f6fc12f09d8cp+10, 0x1.7f3483dff3f1p+10, 
0x1.88a8f5946c333p+10, 0x1.8b5692b3cc4acp+10, 0x1.8ba7a5d28d003p+10, 
0x1.9c9083382e44bp+10, 0x1.a1ef2031ceaf2p+10, 0x1.a41d8637bd05bp+10, 
0x1.a763e6a337a81p+10, 0x1.a634d86a8fc0dp+10, 0x1.a388633ce63a6p+10, 
0x1.a5894eebf65dcp+10, 0x1.a8b3deefe4ffdp+10, 0x1.aa25a376922d9p+10, 
0x1.b0a98c60cbf2bp+10, 0x1.b26ed7c6fbd27p+10, 0x1.b74515f88fc93p+10, 
0x1.bfa6bcdbbe015p+10, 0x1.c62480346dc5dp+10, 0x1.ce8aa27f1b691p+10, 
0x1.d59cab7995ee1p+10, 0x1.daedb24a6a876p+10, 0x1.df332231832fdp+10, 
0x1.e4edf5d78811bp+10, 0x1.ea7ba3e7d1351p+10, 0x1.f0a1124074645p+10, 
0x1.f823bdf090f73p+10, 0x1.fe0d08a697aeep+10, 0x1.01b5e78e1932dp+11, 
0x1.09320079a2835p+11, 0x1.0ea615b1422cdp+11, 0x1.15d0fad080b67p+11, 
0x1.1cc597891e215p+11, 0x1.1da68ede54b49p+11, 0x1.2201285caafbcp+11, 
0x1.2401109f1f14ap+11, 0x1.28a84306e5cd5p+11, 0x1.2f2b9fb82c2bdp+11, 
0x1.33784ee7c49fdp+11, 0x1.3aeb271bcdbbep+11, 0x1.3a477284167a9p+11, 
0x1.3ec27dd65a145p+11, 0x1.0089a48301a7ap+11, 0x1.35b942c3c9eedp+11, 
0x1.376171a1986bap+11, 0x1.38ff0f6cefed6p+11, 0x1.3dda04be40421p+11, 
0x1.4176715e7c8d2p+11, 0x1.4c30c9491f2dcp+11, 0x1.49b7584d338f8p+11, 
0x1.540671e4b44a2p+11, 0x1.80c027e953155p+11, 0x1.6cc8ec00da1a9p+11, 
0x1.7da5f63c31df7p+11, 0x1.87786ae7d566dp+11, 0x1.89b4fe82517e7p+11, 
0x1.87aece69f05eap+11, 0x1.8c9f84ab606b8p+11, 0x1.8c57918a009f6p+11, 
0x1.902c1cd3e0bd4p+11, 0x1.91faf4384ba0fp+11, 0x1.8e3c005c4651fp+11
)), class = "data.frame", row.names = c(NA, -121L))
