structure(list(period_id = c("2008Q1", "2008Q2", "2008Q3", "2008Q4", 
"2009Q1", "2009Q2", "2009Q3", "2009Q4", "2010Q1", "2010Q2", "2010Q3", 
"2010Q4", "2011Q1", "2011Q2", "2011Q3", "2011Q4", "2012Q1", "2012Q2", 
"2012Q3", "2012Q4", "2013Q1", "2013Q2", "2013Q3", "2013Q4", "2014Q1", 
"2014Q2", "2014Q3", "2014Q4", "2015Q1", "2015Q2", "2015Q3", "2015Q4", 
"2016Q1", "2016Q2", "2016Q3", "2016Q4", "2017Q1", "2017Q2", "2017Q3", 
"2017Q4", "2018Q1", "2018Q2", "2018Q3", "2018Q4", "2019Q1", "2019Q2", 
"2019Q3", "2019Q4", "2020Q1", "2020Q2", "2020Q3", "2020Q4", "2021Q1", 
"2021Q2", "2021Q3", "2021Q4", "2022Q1", "2022Q2", "2022Q3", "2022Q4", 
"2023Q1", "2023Q2", "2023Q3", "2023Q4", "2024Q1", "2024Q2", "2024Q3", 
"2024Q4", "2025Q1"), value = c(0x1.ff8p+9, 0x1.024p+10, 0x1.0a8p+10, 
0x1.058p+10, 0x1.fcp+9, 0x1.038p+10, 0x1.0ap+10, 0x1.064p+10, 
0x1.03cp+10, 0x1.048p+10, 0x1.044p+10, 0x1.054p+10, 0x1.fb8p+9, 
0x1.fc8p+9, 0x1.004p+10, 0x1.ff8p+9, 0x1.fbp+9, 0x1.f58p+9, 0x1.fd8p+9, 
0x1.fep+9, 0x1.f38p+9, 0x1.f8p+9, 0x1.fd8p+9, 0x1.f78p+9, 0x1.f68p+9, 
0x1.004p+10, 0x1.fep+9, 0x1.f98p+9, 0x1.f18p+9, 0x1.fc8p+9, 0x1.ffp+9, 
0x1.f3p+9, 0x1.ea8p+9, 0x1.f28p+9, 0x1.f2p+9, 0x1.f68p+9, 0x1.fbp+9, 
0x1.fe8p+9, 0x1.03cp+10, 0x1.02p+10, 0x1.004p+10, 0x1.038p+10, 
0x1.048p+10, 0x1.018p+10, 0x1.01p+10, 0x1.028p+10, 0x1.01cp+10, 
0x1.fe8p+9, 0x1.014p+10, 0x1.fe8p+9, 0x1.02p+10, 0x1.034p+10, 
0x1.ecp+9, 0x1.ff8p+9, 0x1.058p+10, 0x1.01p+10, 0x1p+10, 0x1.018p+10, 
0x1.034p+10, 0x1.fc8p+9, 0x1.f9p+9, 0x1.028p+10, 0x1.01cp+10, 
0x1.02p+10, 0x1.03cp+10, 0x1.024p+10, 0x1.038p+10, 0x1.034p+10, 
0x1.034p+10)), class = "data.frame", row.names = c(NA, -69L))
