structure(list(period_id = c("2000Q1", "2000Q2", "2000Q3", "2000Q4", 
"2001Q1", "2001Q2", "2001Q3", "2001Q4", "2002Q1", "2002Q2", "2002Q3", 
"2002Q4", "2003Q1", "2003Q2", "2003Q3", "2003Q4", "2004Q1", "2004Q2", 
"2004Q3", "2004Q4", "2005Q1", "2005Q2", "2005Q3", "2005Q4", "2006Q1", 
"2006Q2", "2006Q3", "2006Q4", "2007Q1", "2007Q2", "2007Q3", "2007Q4", 
"2008Q1", "2008Q2", "2008Q3", "2008Q4", "2009Q1", "2009Q2", "2009Q3", 
"2009Q4", "2010Q1", "2010Q2", "2010Q3", "2010Q4", "2011Q1", "2011Q2", 
"2011Q3", "2011Q4", "2012Q1", "2012Q2", "2012Q3", "2012Q4", "2013Q1", 
"2013Q2", "2013Q3", "2013Q4", "2014Q1", "2014Q2", "2014Q3", "2014Q4", 
"2015Q1", "2015Q2", "2015Q3", "2015Q4", "2016Q1", "2016Q2", "2016Q3", 
"2016Q4", "2017Q1", "2017Q2", "2017Q3", "2017Q4", "2018Q1", "2018Q2", 
"2018Q3", "2018Q4", "2019Q1", "2019Q2", "2019Q3", "2019Q4", "2020Q1", 
"2020Q2", "2020Q3", "2020Q4", "2021Q1", "2021Q2", "2021Q3", "2021Q4", 
"2022Q1", "2022Q2", "2022Q3", "2022Q4", "2023Q1", "2023Q2", "2023Q3", 
"2023Q4", "2024Q1", "2024Q2", "2024Q3", "2024Q4"), value = c(0x1.4b810624dd2f2p+5, 
0x1.42fdf3b645a1dp+5, 0x1.8cf7ced916873p+5, 0x1.6989374bc6a7fp+5, 
0x1.7d3d70a3d70a4p+5, 0x1.70ba5e353f7cfp+5, 0x1.c04dd2f1a9fbep+5, 
0x1.9333333333333p+5, 0x1.8549ba5e353f8p+5, 0x1.966872b020c4ap+5, 
0x1.c924dd2f1a9fcp+5, 0x1.a6ac083126e98p+5, 0x1.a3147ae147ae1p+5, 
0x1.b333333333333p+5, 0x1.f99374bc6a7fp+5, 0x1.c433333333333p+5, 
0x1.ce6872b020c4ap+5, 0x1.d574bc6a7ef9ep+5, 0x1.13d916872b021p+6, 
0x1.efb4395810625p+5, 0x1.e9645a1cac083p+5, 0x1.f289374bc6a7fp+5, 
0x1.1accccccccccdp+6, 0x1.fb3f7ced91687p+5, 0x1.f8c8b43958106p+5, 
0x1.fea9fbe76c8b4p+5, 0x1.1d1999999999ap+6, 0x1.12ccccccccccdp+6, 
0x1.06e45a1cac083p+6, 0x1.09851eb851eb8p+6, 0x1.2b916872b020cp+6, 
0x1.1e2c083126e98p+6, 0x1.1751eb851eb85p+6, 0x1.22978d4fdf3b6p+6, 
0x1.504ed916872bp+6, 0x1.3c4fdf3b645a2p+6, 0x1.3046a7ef9db23p+6, 
0x1.378624dd2f1aap+6, 0x1.5b322d0e56042p+6, 0x1.3877ced916873p+6, 
0x1.3b27ef9db22d1p+6, 0x1.37ef9db22d0e5p+6, 0x1.56f3b645a1cacp+6, 
0x1.41072b020c49cp+6, 0x1.44c395810624ep+6, 0x1.407ef9db22d0ep+6, 
0x1.5bb53f7ced917p+6, 0x1.3baf1a9fbe76dp+6, 0x1.3d6e978d4fdf4p+6, 
0x1.45d70a3d70a3dp+6, 0x1.56fae147ae148p+6, 0x1.34d70a3d70a3dp+6, 
0x1.303a5e353f7cfp+6, 0x1.34df3b645a1cbp+6, 0x1.55f8d4fdf3b64p+6, 
0x1.3baf1a9fbe76dp+6, 0x1.3a0624dd2f1aap+6, 0x1.3c4ac083126e9p+6, 
0x1.5d25e353f7ceep+6, 0x1.41810624dd2f2p+6, 0x1.4209374bc6a7fp+6, 
0x1.4290624dd2f1bp+6, 0x1.59d1eb851eb85p+6, 0x1.494ac083126e9p+6, 
0x1.3faf1a9fbe76dp+6, 0x1.4ca5e353f7ceep+6, 0x1.63bd70a3d70a4p+6, 
0x1.558c49ba5e354p+6, 0x1.4ea7ef9db22d1p+6, 0x1.58c7ae147ae14p+6, 
0x1.797ef9db22d0ep+6, 0x1.651a9fbe76c8bp+6, 0x1.5bf8d4fdf3b64p+6, 
0x1.624ed916872bp+6, 0x1.8077ced916873p+6, 0x1.6bd810624dd2fp+6, 
0x1.75926e978d4fep+6, 0x1.7429fbe76c8b4p+6, 0x1.8d52f1a9fbe77p+6, 
0x1.84c28f5c28f5cp+6, 0x1.8a6a7ef9db22dp+6, 0x1.95020c49ba5e3p+6, 
0x1.94d2f1a9fbe77p+6, 0x1.94010624dd2f2p+6, 0x1.b73a5e353f7cfp+6, 
0x1.a3e872b020c4ap+6, 0x1.ad29fbe76c8b4p+6, 0x1.a88f5c28f5c29p+6, 
0x1.bafbe76c8b439p+6, 0x1.b2116872b020cp+6, 0x1.b2f8d4fdf3b64p+6, 
0x1.d9a0c49ba5e35p+6, 0x1.da6d916872b02p+6, 0x1.f11cac083126fp+6, 
0x1.c8a6e978d4fdfp+6, 0x1.092d0e5604189p+7, 0x1.00589374bc6a8p+7, 
0x1.0832b020c49bap+7, 0x1.dc4bc6a7ef9dbp+6, 0x1.1b49374bc6a7fp+7
)), class = "data.frame", row.names = c(NA, -100L))
