structure(list(period_id = c("1995Q1", "1995Q2", "1995Q3", "1995Q4", 
"1996Q1", "1996Q2", "1996Q3", "1996Q4", "1997Q1", "1997Q2", "1997Q3", 
"1997Q4", "1998Q1", "1998Q2", "1998Q3", "1998Q4", "1999Q1", "1999Q2", 
"1999Q3", "1999Q4", "2000Q1", "2000Q2", "2000Q3", "2000Q4", "2001Q1", 
"2001Q2", "2001Q3", "2001Q4", "2002Q1", "2002Q2", "2002Q3", "2002Q4", 
"2003Q1", "2003Q2", "2003Q3", "2003Q4", "2004Q1", "2004Q2", "2004Q3", 
"2004Q4", "2005Q1", "2005Q2", "2005Q3", "2005Q4", "2006Q1", "2006Q2", 
"2006Q3", "2006Q4", "2007Q1", "2007Q2", "2007Q3", "2007Q4", "2008Q1", 
"2008Q2", "2008Q3", "2008Q4", "2009Q1", "2009Q2", "2009Q3", "2009Q4", 
"2010Q1", "2010Q2", "2010Q3", "2010Q4", "2011Q1", "2011Q2", "2011Q3", 
"2011Q4", "2012Q1", "2012Q2", "2012Q3", "2012Q4", "2013Q1", "2013Q2", 
"2013Q3", "2013Q4", "2014Q1", "2014Q2", "2014Q3", "2014Q4", "2015Q1", 
"2015Q2", "2015Q3", "2015Q4", "2016Q1", "2016Q2", "2016Q3", "2016Q4", 
"2017Q1", "2017Q2", "2017Q3", "2017Q4", "2018Q1", "2018Q2", "2018Q3", 
"2018Q4", "2019Q1", "2019Q2", "2019Q3", "2019Q4", "2020Q1", "2020Q2", 
"2020Q3", "2020Q4", "2021Q1", "2021Q2", "2021Q3", "2021Q4", "2022Q1", 
"2022Q2", "2022Q3", "2022Q4", "2023Q1", "2023Q2", "2023Q3", "2023Q4", 
"2024Q1", "2024Q2", "2024Q3", "2024Q4", "2025Q1", "2025Q2"), 
    value = c(0x1.2c238112ba16ep+10, 0x1.3ae8731d2e0e3p+10, 0x1.3402e8c0485a1p+10, 
    0x1.4ec6cf13cee9ep+10, 0x1.558427631b585p+10, 0x1.690823e186983p+10, 
    0x1.6c5f1b584b1abp+10, 0x1.730bd10f51acap+10, 0x1.823d5b4edb2f6p+10, 
    0x1.a3cff75968512p+10, 0x1.b4b1c6c97d8cfp+10, 0x1.b86ff45176146p+10, 
    0x1.dec2a8f7db6e5p+10, 0x1.ca6986f8ad256p+10, 0x1.d3d99bed30f06p+10, 
    0x1.e2d6c72e275abp+10, 0x1.d7c216a055758p+10, 0x1.15ac76af89c5ep+11, 
    0x1.f84026fa3fccap+10, 0x1.137f7214f0521p+11, 0x1.2885b09c7ffdep+11, 
    0x1.30b53e81450fp+11, 0x1.4bdfafc2656acp+11, 0x1.4e41f7143393bp+11, 
    0x1.550472a172abfp+11, 0x1.5f3ce9d51b4fep+11, 0x1.6258baf533f42p+11, 
    0x1.5c631f9f01b86p+11, 0x1.6e6b9e0e73605p+11, 0x1.71311dcf893fbp+11, 
    0x1.7e8f9d7342edcp+11, 0x1.87cddc24c404ap+11, 0x1.8e6b4f722e1acp+11, 
    0x1.91d9340b34e77p+11, 0x1.a2415d52c16dfp+11, 0x1.a780c36da87ap+11, 
    0x1.b9c2d94d0dcfdp+11, 0x1.ea64d538ac19p+11, 0x1.f559d3c9abb02p+11, 
    0x1.012a8fc829cfep+12, 0x1.00663a55d1c3bp+12, 0x1.09081b1960fa1p+12, 
    0x1.16e01b30728e9p+12, 0x1.2a414be510907p+12, 0x1.313c9d26b723fp+12, 
    0x1.309647fdc5932p+12, 0x1.3f82e163fdd66p+12, 0x1.5a89f6f2a5a47p+12, 
    0x1.6a62f1e18efbbp+12, 0x1.7468111f0c34cp+12, 0x1.84b62bbcb1cc9p+12, 
    0x1.893ac5260f5e4p+12, 0x1.949c4049667b6p+12, 0x1.a5a4eade657b8p+12, 
    0x1.a755b315d701ep+12, 0x1.7544fd199bb28p+12, 0x1.36235129888f8p+12, 
    0x1.2e9c61a1db878p+12, 0x1.4646841461b6dp+12, 0x1.462c446e8f29dp+12, 
    0x1.4a2d50f40e5a3p+12, 0x1.60df393ccd0ffp+12, 0x1.705826516db0ep+12, 
    0x1.7a69912ec6bcfp+12, 0x1.86465d6494d51p+12, 0x1.8d268d08919fp+12, 
    0x1.99421ed6ba8c6p+12, 0x1.8f7b27e521577p+12, 0x1.9028e0aa64c3p+12, 
    0x1.89fd381301648p+12, 0x1.8ca655a7d2418p+12, 0x1.88a3583621fbp+12, 
    0x1.8c2608aefb2abp+12, 0x1.89544f765fd8bp+12, 0x1.8a4c8828c36dbp+12, 
    0x1.9344dfc9ff92fp+12, 0x1.92945dbca9692p+12, 0x1.8ff467c06e19cp+12, 
    0x1.9a3f886cebbbap+12, 0x1.9cfd3df3b645ap+12, 0x1.9be56bb98c7e3p+12, 
    0x1.a14c1fa97e133p+12, 0x1.a2719ebb7739fp+12, 0x1.9f7eefd976ff4p+12, 
    0x1.a7ca049ecb31cp+12, 0x1.ac2e434e3369cp+12, 0x1.b6c6f56fb8f58p+12, 
    0x1.c8032bf65dbfdp+12, 0x1.e2a96833c6003p+12, 0x1.e9d5b5536933ap+12, 
    0x1.f5e2b82a12f9p+12, 0x1.07656bdec5f39p+13, 0x1.0adaa65c70436p+13, 
    0x1.121003e4abe6ap+13, 0x1.125b40c0f01fcp+13, 0x1.1d8a125edd053p+13, 
    0x1.1dec36c1e364cp+13, 0x1.1fec45657fb6ap+13, 0x1.20adbf583a53cp+13, 
    0x1.192a13996fa83p+13, 0x1.1443406d0d499p+13, 0x1.aefa72b12d341p+12, 
    0x1.f0255219a847bp+12, 0x1.0a408852b4d8cp+13, 0x1.1acc42c5e2cdcp+13, 
    0x1.2fb4051761459p+13, 0x1.3f62108feac43p+13, 0x1.6050503ea704cp+13, 
    0x1.805af46cb966cp+13, 0x1.9e30ca737110ep+13, 0x1.a56380285ec3ep+13, 
    0x1.a124b07c84b5ep+13, 0x1.8f1bd574f722ep+13, 0x1.7df227af20ea6p+13, 
    0x1.75e3f40357a35p+13, 0x1.844e1afe1da7bp+13, 0x1.854348fb00bccp+13, 
    0x1.8dbc6f52b90a8p+13, 0x1.8a9f702795704p+13, 0x1.8847c2014727ep+13, 
    0x1.9a7c9e69270bp+13, 0x1.96f4f6cc5fbf8p+13)), class = "data.frame", row.names = c(NA, 
-122L))
