structure(list(period_id = c("1995Q1", "1995Q2", "1995Q3", "1995Q4", 
"1996Q1", "1996Q2", "1996Q3", "1996Q4", "1997Q1", "1997Q2", "1997Q3", 
"1997Q4", "1998Q1", "1998Q2", "1998Q3", "1998Q4", "1999Q1", "1999Q2", 
"1999Q3", "1999Q4", "2000Q1", "2000Q2", "2000Q3", "2000Q4", "2001Q1", 
"2001Q2", "2001Q3", "2001Q4", "2002Q1", "2002Q2", "2002Q3", "2002Q4", 
"2003Q1", "2003Q2", "2003Q3", "2003Q4", "2004Q1", "2004Q2", "2004Q3", 
"2004Q4", "2005Q1", "2005Q2", "2005Q3", "2005Q4", "2006Q1", "2006Q2", 
"2006Q3", "2006Q4", "2007Q1", "2007Q2", "2007Q3", "2007Q4", "2008Q1", 
"2008Q2", "2008Q3", "2008Q4", "2009Q1", "2009Q2", "2009Q3", "2009Q4", 
"2010Q1", "2010Q2", "2010Q3", "2010Q4", "2011Q1", "2011Q2", "2011Q3", 
"2011Q4", "2012Q1", "2012Q2", "2012Q3", "2012Q4", "2013Q1", "2013Q2", 
"2013Q3", "2013Q4", "2014Q1", "2014Q2", "2014Q3", "2014Q4", "2015Q1", 
"2015Q2", "2015Q3", "2015Q4", "2016Q1", "2016Q2", "2016Q3", "2016Q4", 
"2017Q1", "2017Q2", "2017Q3", "2017Q4", "2018Q1", "2018Q2", "2018Q3", 
"2018Q4", "2019Q1", "2019Q2", "2019Q3", "2019Q4", "2020Q1", "2020Q2", 
"2020Q3", "2020Q4", "2021Q1", "2021Q2", "2021Q3", "2021Q4", "2022Q1", 
"2022Q2", "2022Q3", "2022Q4", "2023Q1", "2023Q2", "2023Q3", "2023Q4", 
"2024Q1", "2024Q2", "2024Q3", "2024Q4", "2025Q1", "2025Q2", "2025Q3"
), value = c(0x1.45ea15db3397ep+9, 0x1.4e62fadf2ecf2p+9, 0x1.3fd51960fa15ep+9, 
0x1.5b50e69f05ea2p+9, 0x1.4a6784f4c6e6ep+9, 0x1.7259bff04577ep+9, 
0x1.90690a3d70a3dp+9, 0x1.991695e9e1b09p+9, 0x1.a8aac9320d994p+9, 
0x1.c332ed783dff4p+9, 0x1.da173d29563aap+9, 0x1.ca72a1b5c7cd9p+9, 
0x1.05c89713ad5bfp+10, 0x1.f92cb6e0d23d5p+9, 0x1.f5fa1c92ddbdbp+9, 
0x1.116932b55ef2p+10, 0x1.14a8fa2ad3e92p+10, 0x1.68c3abc515486p+10, 
0x1.1f5f87d6f9768p+10, 0x1.3e485fa658c4cp+10, 0x1.4a4d239a38fbdp+10, 
0x1.52f886b15f89p+10, 0x1.6400947064ecfp+10, 0x1.4ee7b3743632cp+10, 
0x1.51d80431bde83p+10, 0x1.5b4c17bd8be73p+10, 0x1.69dbe2003ab86p+10, 
0x1.664fe71044f1ap+10, 0x1.6f1deebb341e1p+10, 0x1.67a4c1c1d6cf8p+10, 
0x1.72e248e8a71dep+10, 0x1.8b1106ab14ec2p+10, 0x1.9a953f2d3c793p+10, 
0x1.9dad38eb0318cp+10, 0x1.b09a38476f2a6p+10, 0x1.b9c29d3458cd2p+10, 
0x1.daa4984a0e411p+10, 0x1.fd553d4280ae1p+10, 0x1.f0578fb43d89dp+10, 
0x1.f653756c93a71p+10, 0x1.e9bf82fd75e2p+10, 0x1.f151168f8e7dep+10, 
0x1.030a74256bca5p+11, 0x1.15e003a53b8e5p+11, 0x1.15009aac53b08p+11, 
0x1.12d90446b69dbp+11, 0x1.319b3b2dd377ep+11, 0x1.4b9a5a22f6a51p+11, 
0x1.57151cc964628p+11, 0x1.65e20cb6c7a7dp+11, 0x1.703a08d2a1f8ep+11, 
0x1.7f51a849cb253p+11, 0x1.7cd8b402d16b9p+11, 0x1.96d7eb8f9b131p+11, 
0x1.9804eb15f88fdp+11, 0x1.73637cf1c3266p+11, 0x1.1a096653868fdp+11, 
0x1.052e1e236c15dp+11, 0x1.0cef3f3e0370dp+11, 0x1.fc8910adcd2d4p+10, 
0x1.dbe335a426bb5p+10, 0x1.fa802b90a7829p+10, 0x1.f6bc1355475a3p+10, 
0x1.11a5d796bfca8p+11, 0x1.10b231a8ef77fp+11, 0x1.f4528f1d3ed52p+10, 
0x1.e904146e4c0dfp+10, 0x1.ddc0187e7c06ep+10, 0x1.e1fd939a7c17bp+10, 
0x1.9d1f4ce3de615p+10, 0x1.a053feb8d8234p+10, 0x1.80ec976ff3adep+10, 
0x1.aa5e601bc98a2p+10, 0x1.baa96d86ec17fp+10, 0x1.b91affd60e94fp+10, 
0x1.d84ce0c9d9d34p+10, 0x1.c9ba7064ece9ap+10, 0x1.d5d730121683p+10, 
0x1.dda6de43ed95ap+10, 0x1.b175e8ee6b83p+10, 0x1.c0bb301eabbcbp+10, 
0x1.d2dd633ce63a6p+10, 0x1.e1b78f648c719p+10, 0x1.db67f73c0c1fdp+10, 
0x1.b015e70c1333cp+10, 0x1.df90736049ecbp+10, 0x1.e233b7e4de3b9p+10, 
0x1.e9e9bb7308356p+10, 0x1.fdfd894812be5p+10, 0x1.1164ef416bdb2p+11, 
0x1.08de627179bfep+11, 0x1.1d5930be0ded3p+11, 0x1.25a2c4e7253dap+11, 
0x1.2afb7991bc558p+11, 0x1.3ee50af1cb89dp+11, 0x1.3969f56c93a71p+11, 
0x1.3686f3647baaap+11, 0x1.27b6bf1843c3ap+11, 0x1.522c059ea5721p+11, 
0x1.35c429e0a41a2p+11, 0x1.327f6594af4f1p+11, 0x1.0322b19828805p+11, 
0x1.0e6e8ff540896p+11, 0x1.5a3a8d130df9cp+11, 0x1.477cfceb78898p+11, 
0x1.6c8870ed3d85ap+11, 0x1.672cba7546d4p+11, 0x1.6d5c622a2c237p+11, 
0x1.cd394925785f9p+11, 0x1.c0563f67f4dbep+11, 0x1.a3fb83f705858p+11, 
0x1.a210b7baecd08p+11, 0x1.bff364ead0c3dp+11, 0x1.afbf84c48adefp+11, 
0x1.c5f9572367e41p+11, 0x1.d552e88377186p+11, 0x1.d6e5615011905p+11, 
0x1.d97ddd7a99fa1p+11, 0x1.9ef21c66d373bp+11, 0x1.c7f9fd3910c2cp+11, 
0x1.e687b5675579bp+11, 0x1.c97180b45ae6p+11, 0x1.d7177034b0e1bp+11
)), class = "data.frame", row.names = c(NA, -123L))
