structure(list(period_id = c("1995Q1", "1995Q2", "1995Q3", "1995Q4", 
"1996Q1", "1996Q2", "1996Q3", "1996Q4", "1997Q1", "1997Q2", "1997Q3", 
"1997Q4", "1998Q1", "1998Q2", "1998Q3", "1998Q4", "1999Q1", "1999Q2", 
"1999Q3", "1999Q4", "2000Q1", "2000Q2", "2000Q3", "2000Q4", "2001Q1", 
"2001Q2", "2001Q3", "2001Q4", "2002Q1", "2002Q2", "2002Q3", "2002Q4", 
"2003Q1", "2003Q2", "2003Q3", "2003Q4", "2004Q1", "2004Q2", "2004Q3", 
"2004Q4", "2005Q1", "2005Q2", "2005Q3", "2005Q4", "2006Q1", "2006Q2", 
"2006Q3", "2006Q4", "2007Q1", "2007Q2", "2007Q3", "2007Q4", "2008Q1", 
"2008Q2", "2008Q3", "2008Q4", "2009Q1", "2009Q2", "2009Q3", "2009Q4", 
"2010Q1", "2010Q2", "2010Q3", "2010Q4", "2011Q1", "2011Q2", "2011Q3", 
"2011Q4", "2012Q1", "2012Q2", "2012Q3", "2012Q4", "2013Q1", "2013Q2", 
"2013Q3", "2013Q4", "2014Q1", "2014Q2", "2014Q3", "2014Q4", "2015Q1", 
"2015Q2", "2015Q3", "2015Q4", "2016Q1", "2016Q2", "2016Q3", "2016Q4", 
"2017Q1", "2017Q2", "2017Q3", "2017Q4", "2018Q1", "2018Q2", "2018Q3", 
"2018Q4", "2019Q1", "2019Q2", "2019Q3", "2019Q4", "2020Q1", "2020Q2", 
"2020Q3", "2020Q4", "2021Q1", "2021Q2", "2021Q3", "2021Q4", "2022Q1", 
"2022Q2", "2022Q3", "2022Q4", "2023Q1", "2023Q2", "2023Q3", "2023Q4", 
"2024Q1", "2024Q2", "2024Q3", "2024Q4", "2025Q1", "2025Q2"), 
    value = c(NA, NA, NA, NA, 0x1.178a5a57646aep+8, 0x1.0ee8d44567126p+8, 
    0x1.11be44c7b02d6p+8, 0x1.dcb633eff195p+7, 0x1.f7d7d30ad46f6p+7, 
    0x1.4c87202107b78p+8, 0x1.04e5ec7000432p+8, 0x1.fbfd64b662fep+7, 
    0x1.fb8c74751ce29p+7, 0x1.1e8a191148fdap+8, 0x1.2fce556d19dedp+8, 
    0x1.334be4cd74928p+8, 0x1.3a79e774eebf6p+8, 0x1.a242e7c49fd7ap+8, 
    0x1.07f181cf7878bp+8, 0x1.26f83e425aee6p+8, 0x1.2501c853c1483p+8, 
    0x1.17fdac14c660ap+8, 0x1.1712706d50657p+8, 0x1.1846d1287c201p+8, 
    0x1.1010e581cf788p+8, 0x1.170bdd334c5dap+8, 0x1.2013540895d0bp+8, 
    0x1.24e5ebd9018e7p+8, 0x1.28fc2f5126634p+8, 0x1.1d074c6e6d9bep+8, 
    0x1.34782aed13943p+8, 0x1.35412c16df3f9p+8, 0x1.35b9b584b1ab1p+8, 
    0x1.3fdd640e9d51bp+8, 0x1.467fd20f2becfp+8, 0x1.68d8ac29bf163p+8, 
    0x1.598a5a89b951cp+8, 0x1.5c7d6bfca85cbp+8, 0x1.76edf6fd21ff3p+8, 
    0x1.7b197d7c2ca15p+8, 0x1.770fb517a4617p+8, 0x1.87f8573a79789p+8, 
    0x1.7e7976cce5f74p+8, 0x1.79c23886594afp+8, 0x1.85094bbe4473dp+8, 
    0x1.9d75cf7878b7ap+8, 0x1.99d85100a393fp+8, 0x1.a8de24febd09ep+8, 
    0x1.bd1415f45e0b5p+8, 0x1.d76790b849881p+8, 0x1.e71975afaf859p+8, 
    0x1.f5cb6976bc1fp+8, 0x1.055831055b899p+9, 0x1.095f42a23bff9p+9, 
    0x1.f788983d79075p+8, 0x1.e44cdb2702a35p+8, 0x1.c64db23dd54dap+8, 
    0x1.cf0b3f85510d4p+8, 0x1.ebb930164840ep+8, 0x1.efe9edbf8b9bbp+8, 
    0x1.0bd42602c9082p+9, 0x1.028b4373f316ep+9, 0x1.ebbe8d32830a1p+8, 
    0x1.e8fae6ea85447p+8, 0x1.eb16f5caf2d8p+8, 0x1.e02d7460242dp+8, 
    0x1.e9c9955714b9dp+8, 0x1.ec57cf5f4e443p+8, 0x1.d1ae3b14a9047p+8, 
    0x1.b8c7e670e2c13p+8, 0x1.b000c55432874p+8, 0x1.a1db98c7e2824p+8, 
    0x1.90c69cbab649dp+8, 0x1.b95be3f359ff5p+8, 0x1.91350880d801bp+8, 
    0x1.954ba6defc7a4p+8, 0x1.98e4837718655p+8, 0x1.b217f2f555821p+8, 
    0x1.c8a5916872b02p+8, 0x1.d4e7630a91538p+8, 0x1.dde665bea0ba2p+8, 
    0x1.e0417470eb24ap+8, 0x1.f0b2c9e236c16p+8, 0x1.f6bacebbba55dp+8, 
    0x1.05547ffde7211p+9, 0x1.0e837204295a7p+9, 0x1.15721a1db877bp+9, 
    0x1.246efeef5ec81p+9, 0x1.34190b7c3504cp+9, 0x1.3d3523e5b8562p+9, 
    0x1.3eca856605ee5p+9, 0x1.49ddc358afc48p+9, 0x1.4962c5b8dc55p+9, 
    0x1.52ac4f3ba776p+9, 0x1.57ddfbb517a46p+9, 0x1.59cd471715c64p+9, 
    0x1.6dc0b167ec786p+9, 0x1.6857286b59147p+9, 0x1.6f42d05f28848p+9, 
    0x1.7a4a2d0e56042p+9, 0x1.45a8ed45e9186p+9, 0x1.51a86cc1ca3a5p+9, 
    0x1.9e7aa897635e7p+9, 0x1.4216f166e008fp+9, 0x1.a3f3842b734b5p+9, 
    0x1.bcef6a7ac81d4p+9, 0x1.ca2e92ccf6be3p+9, 0x1.c9c9b003686a5p+9, 
    0x1.946850d6b228ep+9, 0x1.abadb01c92ddcp+9, 0x1.b48a72324c836p+9, 
    0x1.b62fff822bbedp+9, 0x1.b73f2c5197a25p+9, 0x1.be2d0e453d20fp+9, 
    0x1.bb1699c7bcc29p+9, 0x1.d5cb892684cfp+9, 0x1.dc5505faebc41p+9, 
    0x1.cc28e89656efp+9, 0x1.d884f0739b025p+9, 0x1.d3de936c58eebp+9, 
    0x1.d310eea63b689p+9, 0x1.dbabb8023a6cep+9)), class = "data.frame", row.names = c(NA, 
-122L))
