structure(list(period_id = c("1995Q1", "1995Q2", "1995Q3", "1995Q4", 
"1996Q1", "1996Q2", "1996Q3", "1996Q4", "1997Q1", "1997Q2", "1997Q3", 
"1997Q4", "1998Q1", "1998Q2", "1998Q3", "1998Q4", "1999Q1", "1999Q2", 
"1999Q3", "1999Q4", "2000Q1", "2000Q2", "2000Q3", "2000Q4", "2001Q1", 
"2001Q2", "2001Q3", "2001Q4", "2002Q1", "2002Q2", "2002Q3", "2002Q4", 
"2003Q1", "2003Q2", "2003Q3", "2003Q4", "2004Q1", "2004Q2", "2004Q3", 
"2004Q4", "2005Q1", "2005Q2", "2005Q3", "2005Q4", "2006Q1", "2006Q2", 
"2006Q3", "2006Q4", "2007Q1", "2007Q2", "2007Q3", "2007Q4", "2008Q1", 
"2008Q2", "2008Q3", "2008Q4", "2009Q1", "2009Q2", "2009Q3", "2009Q4", 
"2010Q1", "2010Q2", "2010Q3", "2010Q4", "2011Q1", "2011Q2", "2011Q3", 
"2011Q4", "2012Q1", "2012Q2", "2012Q3", "2012Q4", "2013Q1", "2013Q2", 
"2013Q3", "2013Q4", "2014Q1", "2014Q2", "2014Q3", "2014Q4", "2015Q1", 
"2015Q2", "2015Q3", "2015Q4", "2016Q1", "2016Q2", "2016Q3", "2016Q4", 
"2017Q1", "2017Q2", "2017Q3", "2017Q4", "2018Q1", "2018Q2", "2018Q3", 
"2018Q4", "2019Q1", "2019Q2", "2019Q3", "2019Q4", "2020Q1", "2020Q2", 
"2020Q3", "2020Q4", "2021Q1", "2021Q2", "2021Q3", "2021Q4", "2022Q1", 
"2022Q2", "2022Q3", "2022Q4", "2023Q1", "2023Q2", "2023Q3", "2023Q4", 
"2024Q1", "2024Q2", "2024Q3", "2024Q4"), value = c(0x1.09a2ba9d1f601p+6, 
0x1.10410cb295e9ep+6, 0x1.192f52b90a783p+6, 0x1.21543c3a42f1fp+6, 
0x1.34558ff759685p+6, 0x1.3ca602c9081c3p+6, 0x1.4886e978d4fdfp+6, 
0x1.50718c5c9a34dp+6, 0x1.559bf33871609p+6, 0x1.6c4f4f93bc0ap+6, 
0x1.7a5eeb702602dp+6, 0x1.8b52096787ce9p+6, 0x1.92eb9884c6a3cp+6, 
0x1.9fcccee5abc0ep+6, 0x1.a4ebf3bea91dap+6, 0x1.ad05d462c343bp+6, 
0x1.bf2a2b5a20ddcp+6, 0x1.c223b8e4b87bep+6, 0x1.cd885a921ccd9p+6, 
0x1.e949335d249e4p+6, 0x1.f4e449129889p+6, 0x1.05c99ef954eb1p+7, 
0x1.10e9e8a2ec28bp+7, 0x1.1b7c549b62c77p+7, 0x1.1fdc0a2877ee5p+7, 
0x1.1f2b5393250b5p+7, 0x1.246570c564f98p+7, 0x1.23f88effe2a3dp+7, 
0x1.21dd530489d28p+7, 0x1.2edd9a73b42ccp+7, 0x1.226f76c4827b7p+7, 
0x1.2bfc3dccea29p+7, 0x1.315802e2328fap+7, 0x1.3713da5119cep+7, 
0x1.3dbad1aeb3dd1p+7, 0x1.3fbd332acfb76p+7, 0x1.4e713d9663843p+7, 
0x1.53808fc9363f5p+7, 0x1.5a3cfd8f0c77ep+7, 0x1.67d355475a31ap+7, 
0x1.6df5d26b723eep+7, 0x1.7381858bc59b8p+7, 0x1.788e4fb97bb73p+7, 
0x1.7dcfc39368273p+7, 0x1.7ab66fd651b0dp+7, 0x1.7f94ec636b096p+7, 
0x1.85067ff583a54p+7, 0x1.8548ca3e7d135p+7, 0x1.8d2571b046845p+7, 
0x1.91d7138bcdffp+7, 0x1.95426c5d206c8p+7, 0x1.996c6d612c6acp+7, 
0x1.a6f9426fe718bp+7, 0x1.acb3acf7446fap+7, 0x1.af312ad81adebp+7, 
0x1.b6c1a6f826edbp+7, 0x1.b420f51ac9afep+7, 0x1.b10ec1a048e04p+7, 
0x1.af5b5bb384fd3p+7, 0x1.af990667f90dap+7, 0x1.af3cca2db61bbp+7, 
0x1.b0e58e0008638p+7, 0x1.b4d59791819d2p+7, 0x1.b1b599aa60914p+7, 
0x1.b5ba6bf8769ecp+7, 0x1.b949b3f20a73fp+7, 0x1.bae4bccf28c7ap+7, 
0x1.b9b9fcf3dc055p+7, 0x1.b941f127f5e85p+7, 0x1.ab2a0d77b7c78p+7, 
0x1.a7eadd7a99fa1p+7, 0x1.a20859a73b42dp+7, 0x1.a02a4a05dd8f9p+7, 
0x1.9f86bc621b7e1p+7, 0x1.9ce8edc3bd599p+7, 0x1.ba5194185058ep+7, 
0x1.996df5f0b2852p+7, 0x1.a2e31af3a14cfp+7, 0x1.a44d55c52e72ep+7, 
0x1.a7bec2480e8c9p+7, 0x1.a371b6d43d039p+7, 0x1.a0b9c1f85d745p+7, 
0x1.a0e1bdc69f8c2p+7, 0x1.a89f3e89a88adp+7, 0x1.b3298a43bb40bp+7, 
0x1.bb3b58afc47e5p+7, 0x1.c219919ac797p+7, 0x1.c798cc144028ep+7, 
0x1.ca5157689ca19p+7, 0x1.cd84764adff82p+7, 0x1.d4e3d987c6328p+7, 
0x1.d6d1f644955b4p+7, 0x1.dd9f6ee73e682p+7, 0x1.e2c292c493426p+7, 
0x1.e695e4606748ep+7, 0x1.edba56798958ep+7, 0x1.f8d6fd651b0cdp+7, 
0x1.ff68470a808c8p+7, 0x1.077a6c2acb85ap+8, 0x1.0f192ef911cf3p+8, 
0x1.df93d0bfa0946p+7, 0x1.79a9f969e3c97p+7, 0x1.f5a3b7739f341p+7, 
0x1.930e7c286f8adp+7, 0x1.b4895d0b73d19p+7, 0x1.dd8490e66cb1p+7, 
0x1.2757eab367a1p+8, 0x1.b4878f25a251p+7, 0x1.0eb3d88c1db01p+8, 
0x1.2cf79b56323bcp+8, 0x1.3418eef1bac2ep+8, 0x1.35f08c1db0143p+8, 
0x1.3b3ef0068db8cp+8, 0x1.3dc0af81626b3p+8, 0x1.3f40d24e160d9p+8, 
0x1.46a3ecedd4845p+8, 0x1.4f7cb1bbcf4e8p+8, 0x1.53fff91e646f1p+8, 
0x1.5bc4d349be8ffp+8, 0x1.609dfc3b4f616p+8)), class = "data.frame", row.names = c(NA, 
-120L))
