structure(list(period_id = c("2010Q1", "2010Q2", "2010Q3", "2010Q4", 
"2011Q1", "2011Q2", "2011Q3", "2011Q4", "2012Q1", "2012Q2", "2012Q3", 
"2012Q4", "2013Q1", "2013Q2", "2013Q3", "2013Q4", "2014Q1", "2014Q2", 
"2014Q3", "2014Q4", "2015Q1", "2015Q2", "2015Q3", "2015Q4", "2016Q1", 
"2016Q2", "2016Q3", "2016Q4", "2017Q1", "2017Q2", "2017Q3", "2017Q4", 
"2018Q1", "2018Q2", "2018Q3", "2018Q4", "2019Q1", "2019Q2", "2019Q3", 
"2019Q4", "2020Q1", "2020Q2", "2020Q3", "2020Q4", "2021Q1", "2021Q2", 
"2021Q3", "2021Q4", "2022Q1", "2022Q2", "2022Q3", "2022Q4", "2023Q1", 
"2023Q2", "2023Q3", "2023Q4", "2024Q1", "2024Q2", "2024Q3", "2024Q4"
), value = c(0x1.ea4p+10, 0x1.028p+11, 0x1.c54p+10, 0x1.e4cp+10, 
0x1.d48p+10, 0x1.cfp+10, 0x1.cecp+10, 0x1.012p+11, 0x1.552p+11, 
0x1.53cp+11, 0x1.362p+11, 0x1.4a6p+11, 0x1.252p+11, 0x1.452p+11, 
0x1.f6p+10, 0x1.1dap+11, 0x1.252p+11, 0x1.51ep+11, 0x1.3bap+11, 
0x1.5cep+11, 0x1.486p+11, 0x1.80cp+11, 0x1.70ap+11, 0x1.a6p+11, 
0x1.9acp+11, 0x1.d96p+11, 0x1.94ep+11, 0x1.cf4p+11, 0x1.e14p+11, 
0x1.01fp+12, 0x1.abep+11, 0x1.e0cp+11, 0x1.bd6p+11, 0x1.b44p+11, 
0x1.888p+11, 0x1.cfap+11, 0x1.a42p+11, 0x1.c36p+11, 0x1.b4cp+11, 
0x1.c2ap+11, 0x1.652p+11, 0x1.15p+11, 0x1.b02p+11, 0x1.814p+11, 
0x1.4f2p+11, 0x1.039p+12, 0x1.b76p+11, 0x1.bf4p+11, 0x1.b58p+11, 
0x1.b4p+11, 0x1.7f6p+11, 0x1.5fcp+11, 0x1.54p+11, 0x1.42p+11, 
0x1.2f4p+11, 0x1.424p+11, 0x1.012p+11, 0x1.02ap+11, 0x1.b24p+10, 
0x1.1aap+11)), class = "data.frame", row.names = c(NA, -60L))
