structure(list(period_id = c("1995Q1", "1995Q2", "1995Q3", "1995Q4", 
"1996Q1", "1996Q2", "1996Q3", "1996Q4", "1997Q1", "1997Q2", "1997Q3", 
"1997Q4", "1998Q1", "1998Q2", "1998Q3", "1998Q4", "1999Q1", "1999Q2", 
"1999Q3", "1999Q4", "2000Q1", "2000Q2", "2000Q3", "2000Q4", "2001Q1", 
"2001Q2", "2001Q3", "2001Q4", "2002Q1", "2002Q2", "2002Q3", "2002Q4", 
"2003Q1", "2003Q2", "2003Q3", "2003Q4", "2004Q1", "2004Q2", "2004Q3", 
"2004Q4", "2005Q1", "2005Q2", "2005Q3", "2005Q4", "2006Q1", "2006Q2", 
"2006Q3", "2006Q4", "2007Q1", "2007Q2", "2007Q3", "2007Q4", "2008Q1", 
"2008Q2", "2008Q3", "2008Q4", "2009Q1", "2009Q2", "2009Q3", "2009Q4", 
"2010Q1", "2010Q2", "2010Q3", "2010Q4", "2011Q1", "2011Q2", "2011Q3", 
"2011Q4", "2012Q1", "2012Q2", "2012Q3", "2012Q4", "2013Q1", "2013Q2", 
"2013Q3", "2013Q4", "2014Q1", "2014Q2", "2014Q3", "2014Q4", "2015Q1", 
"2015Q2", "2015Q3", "2015Q4", "2016Q1", "2016Q2", "2016Q3", "2016Q4", 
"2017Q1", "2017Q2", "2017Q3", "2017Q4", "2018Q1", "2018Q2", "2018Q3", 
"2018Q4", "2019Q1", "2019Q2", "2019Q3", "2019Q4", "2020Q1", "2020Q2", 
"2020Q3", "2020Q4", "2021Q1", "2021Q2", "2021Q3", "2021Q4", "2022Q1", 
"2022Q2", "2022Q3", "2022Q4", "2023Q1", "2023Q2", "2023Q3", "2023Q4", 
"2024Q1", "2024Q2", "2024Q3", "2024Q4", "2025Q1"), value = c(0x1.2c238112ba16ep+10, 
0x1.3ae8731d2e0e3p+10, 0x1.3402e8c0485a1p+10, 0x1.4ec6cf13cee9ep+10, 
0x1.558427631b585p+10, 0x1.690823e186983p+10, 0x1.6c5f1b584b1abp+10, 
0x1.730bd10f51acap+10, 0x1.823d5b4edb2f6p+10, 0x1.a3cff75968512p+10, 
0x1.b4b1c6c97d8cfp+10, 0x1.b86ff45176146p+10, 0x1.dec2a8f7db6e5p+10, 
0x1.ca6986f8ad256p+10, 0x1.d3d99bed30f06p+10, 0x1.e2d6c72e275abp+10, 
0x1.d7c216a055758p+10, 0x1.15ac76af89c5ep+11, 0x1.f84026fa3fccap+10, 
0x1.137f7214f0521p+11, 0x1.2885b09c7ffdep+11, 0x1.30b53e81450fp+11, 
0x1.4bdfafc2656acp+11, 0x1.4e41f7143393bp+11, 0x1.550472a172abfp+11, 
0x1.5f3ce9d51b4fep+11, 0x1.6258baf533f42p+11, 0x1.5c631f9f01b86p+11, 
0x1.6e6b9e0e73605p+11, 0x1.71311dcf893fbp+11, 0x1.7e8f9d7342edcp+11, 
0x1.87cddc24c404ap+11, 0x1.8e6b4f722e1acp+11, 0x1.91d9340b34e77p+11, 
0x1.a2415d52c16dfp+11, 0x1.a780c36da87ap+11, 0x1.b9c2d94d0dcfdp+11, 
0x1.ea64d538ac19p+11, 0x1.f559d3c9abb02p+11, 0x1.012a8fc829cfep+12, 
0x1.00663a55d1c3bp+12, 0x1.09081b1960fa1p+12, 0x1.16e01b30728e9p+12, 
0x1.2a414be510907p+12, 0x1.313c9d26b723fp+12, 0x1.309647fdc5932p+12, 
0x1.3f82e163fdd66p+12, 0x1.5a89f6f2a5a47p+12, 0x1.6a62f1e18efbbp+12, 
0x1.7468111f0c34cp+12, 0x1.84b62bbcb1cc9p+12, 0x1.893ac5260f5e4p+12, 
0x1.949c4049667b6p+12, 0x1.a5a4eade657b8p+12, 0x1.a755b315d701ep+12, 
0x1.7544fd199bb28p+12, 0x1.36235129888f8p+12, 0x1.2e9c61a1db878p+12, 
0x1.4646841461b6dp+12, 0x1.462c446e8f29dp+12, 0x1.4a747aa369fcfp+12, 
0x1.60f99a6506141p+12, 0x1.6fbf51569f49p+12, 0x1.7aed4129cbab6p+12, 
0x1.8704d4cb9ecf6p+12, 0x1.8d7e465300581p+12, 0x1.97e2f76f6d762p+12, 
0x1.8fdceece13f4bp+12, 0x1.90a9dc864884p+12, 0x1.8a113fdc5931dp+12, 
0x1.8b6277e4de3b9p+12, 0x1.88d4a770bd018p+12, 0x1.8c5939591cd1cp+12, 
0x1.899fde9f27781p+12, 0x1.897925abc0e39p+12, 0x1.93462f81626b3p+12, 
0x1.92ed540aaeafbp+12, 0x1.9036f53c579f2p+12, 0x1.999b47496aad2p+12, 
0x1.9d126582dbe7fp+12, 0x1.9c3d5a2e7f6f5p+12, 0x1.a16eaafdda8bdp+12, 
0x1.a2368574b407p+12, 0x1.9fe535dedf1e1p+12, 0x1.a7ca46c54bcf1p+12, 
0x1.ac96b821af7d3p+12, 0x1.b69c47e8ccdd9p+12, 0x1.c7af0def416bep+12, 
0x1.e33bc5d206c87p+12, 0x1.e9a90902de00dp+12, 0x1.f5a6301a79fedp+12, 
0x1.0702099d883bap+13, 0x1.0b29a8448cf7dp+13, 0x1.11bb0d9d7774bp+13, 
0x1.123d7357e670ep+13, 0x1.1d36e867ad8e4p+13, 0x1.1e4b8685553efp+13, 
0x1.1f93af96e1587p+13, 0x1.20a0927fe4bcbp+13, 0x1.18d85a2403148p+13, 
0x1.14f437d30ad47p+13, 0x1.ae5a4f0307f24p+12, 0x1.f0588f8f8a4c2p+12, 
0x1.0a47835dedf1ep+13, 0x1.1b71062fdfc1ap+13, 0x1.2f4e1308bb906p+13, 
0x1.3fb9279463cfbp+13, 0x1.60614258d5843p+13, 0x1.81534da33bd9dp+13, 
0x1.9d7351e7d9989p+13, 0x1.a5bdf91e646f1p+13, 0x1.a095998f1d3edp+13, 
0x1.9019578f68be3p+13, 0x1.7d13bf62b6ae8p+13, 0x1.7627dd93c46d8p+13, 
0x1.83b0440a6b93dp+13, 0x1.85df105186db5p+13, 0x1.8ca1524851a87p+13, 
0x1.8b1ef2c6ac216p+13, 0x1.87faaff2a172bp+13, 0x1.9397075147f13p+13
)), class = "data.frame", row.names = c(NA, -121L))
