structure(list(period_id = c("2001M01", "2001M02", "2001M03", 
"2001M04", "2001M05", "2001M06", "2001M07", "2001M08", "2001M09", 
"2001M10", "2001M11", "2001M12", "2002M01", "2002M02", "2002M03", 
"2002M04", "2002M05", "2002M06", "2002M07", "2002M08", "2002M09", 
"2002M10", "2002M11", "2002M12", "2003M01", "2003M02", "2003M03", 
"2003M04", "2003M05", "2003M06", "2003M07", "2003M08", "2003M09", 
"2003M10", "2003M11", "2003M12", "2004M01", "2004M02", "2004M03", 
"2004M04", "2004M05", "2004M06", "2004M07", "2004M08", "2004M09", 
"2004M10", "2004M11", "2004M12", "2005M01", "2005M02", "2005M03", 
"2005M04", "2005M05", "2005M06", "2005M07", "2005M08", "2005M09", 
"2005M10", "2005M11", "2005M12", "2006M01", "2006M02", "2006M03", 
"2006M04", "2006M05", "2006M06", "2006M07", "2006M08", "2006M09", 
"2006M10", "2006M11", "2006M12", "2007M01", "2007M02", "2007M03", 
"2007M04", "2007M05", "2007M06", "2007M07", "2007M08", "2007M09", 
"2007M10", "2007M11", "2007M12", "2008M01", "2008M02", "2008M03", 
"2008M04", "2008M05", "2008M06", "2008M07", "2008M08", "2008M09", 
"2008M10", "2008M11", "2008M12", "2009M01", "2009M02", "2009M03", 
"2009M04", "2009M05", "2009M06", "2009M07", "2009M08", "2009M09", 
"2009M10", "2009M11", "2009M12", "2010M01", "2010M02", "2010M03", 
"2010M04", "2010M05", "2010M06", "2010M07", "2010M08", "2010M09", 
"2010M10", "2010M11", "2010M12", "2011M01", "2011M02", "2011M03", 
"2011M04", "2011M05", "2011M06", "2011M07", "2011M08", "2011M09", 
"2011M10", "2011M11", "2011M12", "2012M01", "2012M02", "2012M03", 
"2012M04", "2012M05", "2012M06", "2012M07", "2012M08", "2012M09", 
"2012M10", "2012M11", "2012M12", "2013M01", "2013M02", "2013M03", 
"2013M04", "2013M05", "2013M06", "2013M07", "2013M08", "2013M09", 
"2013M10", "2013M11", "2013M12", "2014M01", "2014M02", "2014M03", 
"2014M04", "2014M05", "2014M06", "2014M07", "2014M08", "2014M09", 
"2014M10", "2014M11", "2014M12", "2015M01", "2015M02", "2015M03", 
"2015M04", "2015M05", "2015M06", "2015M07", "2015M08", "2015M09", 
"2015M10", "2015M11", "2015M12", "2016M01", "2016M02", "2016M03", 
"2016M04", "2016M05", "2016M06", "2016M07", "2016M08", "2016M09", 
"2016M10", "2016M11", "2016M12", "2017M01", "2017M02", "2017M03", 
"2017M04", "2017M05", "2017M06", "2017M07", "2017M08", "2017M09", 
"2017M10", "2017M11", "2017M12", "2018M01", "2018M02", "2018M03", 
"2018M04", "2018M05", "2018M06", "2018M07", "2018M08", "2018M09", 
"2018M10", "2018M11", "2018M12", "2019M01", "2019M02", "2019M03", 
"2019M04", "2019M05", "2019M06", "2019M07", "2019M08", "2019M09", 
"2019M10", "2019M11", "2019M12", "2020M01", "2020M02", "2020M03", 
"2020M04", "2020M05", "2020M06", "2020M07", "2020M08", "2020M09", 
"2020M10", "2020M11", "2020M12", "2021M01", "2021M02", "2021M03", 
"2021M04", "2021M05", "2021M06", "2021M07", "2021M08", "2021M09", 
"2021M10", "2021M11", "2021M12", "2022M01", "2022M02", "2022M03", 
"2022M04", "2022M05", "2022M06", "2022M07", "2022M08", "2022M09", 
"2022M10", "2022M11", "2022M12", "2023M01", "2023M02", "2023M03", 
"2023M04", "2023M05", "2023M06", "2023M07", "2023M08", "2023M09", 
"2023M10", "2023M11", "2023M12", "2024M01", "2024M02", "2024M03", 
"2024M04", "2024M05", "2024M06", "2024M07", "2024M08", "2024M09", 
"2024M10", "2024M11", "2024M12", "2025M01", "2025M02", "2025M03", 
"2025M04"), value = c(0x1.859999999999ap+5, 0x1.848f5c28f5c29p+5, 
0x1.915c28f5c28f6p+5, 0x1.8a147ae147ae1p+5, 0x1.919999999999ap+5, 
0x1.967ae147ae148p+5, 0x1.9866666666666p+5, 0x1.9170a3d70a3d7p+5, 
0x1.92147ae147ae1p+5, 0x1.9333333333333p+5, 0x1.96147ae147ae1p+5, 
0x1.8bd70a3d70a3dp+5, 0x1.8d1eb851eb852p+5, 0x1.907ae147ae148p+5, 
0x1.8fd70a3d70a3dp+5, 0x1.99eb851eb851fp+5, 0x1.970a3d70a3d71p+5, 
0x1.947ae147ae148p+5, 0x1.930a3d70a3d71p+5, 0x1.9666666666666p+5, 
0x1.9d47ae147ae14p+5, 0x1.9feb851eb851fp+5, 0x1.9d1eb851eb852p+5, 
0x1.9ee147ae147aep+5, 0x1.a666666666666p+5, 0x1.a7c28f5c28f5cp+5, 
0x1.aep+5, 0x1.af70a3d70a3d7p+5, 0x1.a4147ae147ae1p+5, 0x1.a10a3d70a3d71p+5, 
0x1.a0e147ae147aep+5, 0x1.a2e147ae147aep+5, 0x1.a7d70a3d70a3dp+5, 
0x1.a8147ae147ae1p+5, 0x1.aa51eb851eb85p+5, 0x1.ab70a3d70a3d7p+5, 
0x1.aa28f5c28f5c3p+5, 0x1.ae7ae147ae148p+5, 0x1.af47ae147ae14p+5, 
0x1.b23d70a3d70a4p+5, 0x1.b828f5c28f5c3p+5, 0x1.bab851eb851ecp+5, 
0x1.be7ae147ae148p+5, 0x1.c59999999999ap+5, 0x1.caf5c28f5c28fp+5, 
0x1.d851eb851eb85p+5, 0x1.e39999999999ap+5, 0x1.dcccccccccccdp+5, 
0x1.d6f5c28f5c28fp+5, 0x1.dc7ae147ae148p+5, 0x1.e3ae147ae147bp+5, 
0x1.eee147ae147aep+5, 0x1.ea51eb851eb85p+5, 0x1.f27ae147ae148p+5, 
0x1.00a3d70a3d70ap+6, 0x1.00ccccccccccdp+6, 0x1.0a7ae147ae148p+6, 
0x1.0cc28f5c28f5cp+6, 0x1.069999999999ap+6, 0x1.06f5c28f5c28fp+6, 
0x1.0933333333333p+6, 0x1.0e66666666666p+6, 0x1.0d47ae147ae14p+6, 
0x1.119999999999ap+6, 0x1.15a3d70a3d70ap+6, 0x1.1233333333333p+6, 
0x1.13c28f5c28f5cp+6, 0x1.1533333333333p+6, 0x1.190a3d70a3d71p+6, 
0x1.10ccccccccccdp+6, 0x1.0e33333333333p+6, 0x1.0ef5c28f5c28fp+6, 
0x1.09e147ae147aep+6, 0x1.0a28f5c28f5c3p+6, 0x1.1066666666666p+6, 
0x1.1828f5c28f5c3p+6, 0x1.198f5c28f5c29p+6, 0x1.1af5c28f5c28fp+6, 
0x1.1dd70a3d70a3dp+6, 0x1.1e9999999999ap+6, 0x1.20851eb851eb8p+6, 
0x1.2528f5c28f5c3p+6, 0x1.2e66666666666p+6, 0x1.2ef5c28f5c28fp+6, 
0x1.3a47ae147ae14p+6, 0x1.303d70a3d70a4p+6, 0x1.3a147ae147ae1p+6, 
0x1.3bd70a3d70a3dp+6, 0x1.47b851eb851ecp+6, 0x1.54b851eb851ecp+6, 
0x1.5a28f5c28f5c3p+6, 0x1.4ff5c28f5c28fp+6, 0x1.498f5c28f5c29p+6, 
0x1.460a3d70a3d71p+6, 0x1.38eb851eb851fp+6, 0x1.2dp+6, 0x1.2feb851eb851fp+6, 
0x1.3247ae147ae14p+6, 0x1.30a3d70a3d70ap+6, 0x1.2f47ae147ae14p+6, 
0x1.2f0a3d70a3d71p+6, 0x1.3270a3d70a3d7p+6, 0x1.32a3d70a3d70ap+6, 
0x1.33a3d70a3d70ap+6, 0x1.365c28f5c28f6p+6, 0x1.371eb851eb852p+6, 
0x1.40ccccccccccdp+6, 0x1.41e147ae147aep+6, 0x1.4c1eb851eb852p+6, 
0x1.4f8f5c28f5c29p+6, 0x1.55b851eb851ecp+6, 0x1.5b147ae147ae1p+6, 
0x1.5f33333333333p+6, 0x1.628f5c28f5c29p+6, 0x1.6647ae147ae14p+6, 
0x1.6533333333333p+6, 0x1.635c28f5c28f6p+6, 0x1.65a3d70a3d70ap+6, 
0x1.6566666666666p+6, 0x1.6b1eb851eb852p+6, 0x1.758f5c28f5c29p+6, 
0x1.7970a3d70a3d7p+6, 0x1.7ea3d70a3d70ap+6, 0x1.83d70a3d70a3dp+6, 
0x1.840a3d70a3d71p+6, 0x1.7bccccccccccdp+6, 0x1.81e147ae147aep+6, 
0x1.861eb851eb852p+6, 0x1.83p+6, 0x1.8766666666666p+6, 0x1.87ae147ae147bp+6, 
0x1.8847ae147ae14p+6, 0x1.9066666666666p+6, 0x1.980a3d70a3d71p+6, 
0x1.988f5c28f5c29p+6, 0x1.9966666666666p+6, 0x1.97851eb851eb8p+6, 
0x1.959999999999ap+6, 0x1.968f5c28f5c29p+6, 0x1.9d47ae147ae14p+6, 
0x1.a33d70a3d70a4p+6, 0x1.98a3d70a3d70ap+6, 0x1.9251eb851eb85p+6, 
0x1.913d70a3d70a4p+6, 0x1.933d70a3d70a4p+6, 0x1.a61eb851eb852p+6, 
0x1.a570a3d70a3d7p+6, 0x1.a3ae147ae147bp+6, 0x1.9e5c28f5c28f6p+6, 
0x1.9cc28f5c28f5cp+6, 0x1.a2f5c28f5c28fp+6, 0x1.a470a3d70a3d7p+6, 
0x1.a43d70a3d70a4p+6, 0x1.a31eb851eb852p+6, 0x1.a29999999999ap+6, 
0x1.a4d70a3d70a3dp+6, 0x1.a03d70a3d70a4p+6, 0x1.a09999999999ap+6, 
0x1.9fp+6, 0x1.9f147ae147ae1p+6, 0x1.9fae147ae147bp+6, 0x1.a328f5c28f5c3p+6, 
0x1.a3ccccccccccdp+6, 0x1.9f28f5c28f5c3p+6, 0x1.9e1eb851eb852p+6, 
0x1.9ep+6, 0x1.9e70a3d70a3d7p+6, 0x1.9928f5c28f5c3p+6, 0x1.9028f5c28f5c3p+6, 
0x1.8e66666666666p+6, 0x1.90ccccccccccdp+6, 0x1.8fae147ae147bp+6, 
0x1.9170a3d70a3d7p+6, 0x1.9233333333333p+6, 0x1.8f66666666666p+6, 
0x1.91e147ae147aep+6, 0x1.9066666666666p+6, 0x1.9066666666666p+6, 
0x1.8e9999999999ap+6, 0x1.8ca3d70a3d70ap+6, 0x1.8551eb851eb85p+6, 
0x1.813d70a3d70a4p+6, 0x1.82p+6, 0x1.815c28f5c28f6p+6, 0x1.8433333333333p+6, 
0x1.8651eb851eb85p+6, 0x1.8766666666666p+6, 0x1.84b851eb851ecp+6, 
0x1.85ae147ae147bp+6, 0x1.840a3d70a3d71p+6, 0x1.87f5c28f5c28fp+6, 
0x1.86eb851eb851fp+6, 0x1.8a51eb851eb85p+6, 0x1.8b70a3d70a3d7p+6, 
0x1.8bb851eb851ecp+6, 0x1.8947ae147ae14p+6, 0x1.8bp+6, 0x1.8af5c28f5c28fp+6, 
0x1.883d70a3d70a4p+6, 0x1.890a3d70a3d71p+6, 0x1.8a0a3d70a3d71p+6, 
0x1.8cccccccccccdp+6, 0x1.90f5c28f5c28fp+6, 0x1.957ae147ae148p+6, 
0x1.9b147ae147ae1p+6, 0x1.9cccccccccccdp+6, 0x1.9b70a3d70a3d7p+6, 
0x1.9c5c28f5c28f6p+6, 0x1.9d33333333333p+6, 0x1.a070a3d70a3d7p+6, 
0x1.9fc28f5c28f5cp+6, 0x1.a05c28f5c28f6p+6, 0x1.aa70a3d70a3d7p+6, 
