structure(list(period_id = c("2018", "2019", "2020", "2021", 
"2022"), value = c(0x1.c1fe3676ea423p+12, 0x1.de6941a9b8cb9p+12, 
0x1.b2e1c323358f3p+12, 0x1.fa80f43d89ce5p+12, 0x1.23c63f023e9eap+13
)), class = "data.frame", row.names = c(NA, -5L))
