structure(list(period_id = c("2002M04", "2002M05", "2002M06", 
"2002M07", "2002M08", "2002M09", "2002M10", "2002M11", "2002M12", 
"2003M01", "2003M02", "2003M03", "2003M04", "2003M05", "2003M06", 
"2003M07", "2003M08", "2003M09", "2003M10", "2003M11", "2003M12", 
"2004M01", "2004M02", "2004M03", "2004M04", "2004M05", "2004M06", 
"2004M07", "2004M08", "2004M09", "2004M10", "2004M11", "2004M12", 
"2005M01", "2005M02", "2005M03", "2005M04", "2005M05", "2005M06", 
"2005M07", "2005M08", "2005M09", "2005M10", "2005M11", "2005M12", 
"2006M01", "2006M02", "2006M03", "2006M04", "2006M05", "2006M06", 
"2006M07", "2006M08", "2006M09", "2006M10", "2006M11", "2006M12", 
"2007M01", "2007M02", "2007M03", "2007M04", "2007M05", "2007M06", 
"2007M07", "2007M08", "2007M09", "2007M10", "2007M11", "2007M12", 
"2008M01", "2008M02", "2008M03", "2008M04", "2008M05", "2008M06", 
"2008M07", "2008M08", "2008M09", "2008M10", "2008M11", "2008M12", 
"2009M01", "2009M02", "2009M03", "2009M04", "2009M05", "2009M06", 
"2009M07", "2009M08", "2009M09", "2009M10", "2009M11", "2009M12", 
"2010M01", "2010M02", "2010M03", "2010M04", "2010M05", "2010M06", 
"2010M07", "2010M08", "2010M09", "2010M10", "2010M11", "2010M12", 
"2011M01", "2011M02", "2011M03", "2011M04", "2011M05", "2011M06", 
"2011M07", "2011M08", "2011M09", "2011M10", "2011M11", "2011M12", 
"2012M01", "2012M02", "2012M03", "2012M04", "2012M05", "2012M06", 
"2012M07", "2012M08", "2012M09", "2012M10", "2012M11", "2012M12", 
"2013M01", "2013M02", "2013M03", "2013M04", "2013M05", "2013M06", 
"2013M07", "2013M08", "2013M09", "2013M10", "2013M11", "2013M12", 
"2014M01", "2014M02", "2014M03", "2014M04", "2014M05", "2014M06", 
"2014M07", "2014M08", "2014M09", "2014M10", "2014M11", "2014M12", 
"2015M01", "2015M02", "2015M03", "2015M04", "2015M05", "2015M06", 
"2015M07", "2015M08", "2015M09", "2015M10", "2015M11", "2015M12", 
"2016M01", "2016M02", "2016M03", "2016M04", "2016M05", "2016M06", 
"2016M07", "2016M08", "2016M09", "2016M10", "2016M11", "2016M12", 
"2017M01", "2017M02", "2017M03", "2017M04", "2017M05", "2017M06", 
"2017M07", "2017M08", "2017M09", "2017M10", "2017M11", "2017M12", 
"2018M01", "2018M02", "2018M03", "2018M04", "2018M05", "2018M06", 
"2018M07", "2018M08", "2018M09", "2018M10", "2018M11", "2018M12", 
"2019M01", "2019M02", "2019M03", "2019M04", "2019M05", "2019M06", 
"2019M07", "2019M08", "2019M09", "2019M10", "2019M11", "2019M12", 
"2020M01", "2020M02", "2020M03", "2020M04", "2020M05", "2020M06", 
"2020M07", "2020M08", "2020M09", "2020M10", "2020M11", "2020M12", 
"2021M01", "2021M02", "2021M03", "2021M04", "2021M05", "2021M06", 
"2021M07", "2021M08", "2021M09", "2021M10", "2021M11", "2021M12", 
"2022M01", "2022M02", "2022M03", "2022M04", "2022M05", "2022M06", 
"2022M07", "2022M08", "2022M09", "2022M10", "2022M11", "2022M12", 
"2023M01", "2023M02", "2023M03", "2023M04", "2023M05", "2023M06", 
"2023M07", "2023M08", "2023M09", "2023M10", "2023M11", "2023M12", 
"2024M01", "2024M02", "2024M03", "2024M04", "2024M05", "2024M06", 
"2024M07", "2024M08", "2024M09", "2024M10", "2024M11", "2024M12"
), value = c(NA, NA, NA, NA, NA, NA, NA, NA, NA, NA, NA, NA, 
NA, NA, NA, NA, NA, NA, NA, NA, NA, NA, NA, NA, NA, NA, NA, NA, 
NA, NA, NA, NA, NA, NA, NA, NA, NA, NA, NA, NA, NA, NA, NA, NA, 
NA, NA, NA, NA, NA, NA, NA, NA, NA, NA, NA, NA, NA, NA, NA, NA, 
NA, NA, NA, NA, NA, NA, NA, NA, NA, NA, NA, NA, NA, NA, NA, NA, 
NA, NA, NA, NA, NA, NA, NA, NA, NA, NA, NA, NA, NA, NA, NA, NA, 
NA, 0x1.a6d1aca7e0a69p+2, 0x1.59010f94c8798p+1, -0x1.ce14d8a24153ap+3, 
-0x1.a58efca0b7e18p+3, -0x1.8e7ffc6c6b9bdp+2, -0x1.6740f89a2e5fap+1, 
-0x1.7a9fe2fe375fp+0, -0x1.2525c86730928p+1, -0x1.f9f4a0e274651p-3, 
-0x1.3369b2f09c799p+1, 0x1.8ac208b4c0a2bp-3, 0x1.e258a2dbf20aap-1, 
0x1.4140f2bf05d7p+0, -0x1.7de260823fc39p+0, 0x1.03c672d56677ap+1, 
0x1.df3ac87b49f16p-1, 0x1.21a3b3c0a2a22p+0, 0x1.8f44ac639f018p+1, 
0x1.56a4a0ed15afap+1, 0x1.179461d1ac2fap+2, 0x1.b2968992b10a3p+1, 
0x1.8aa19d7865305p+0, -0x1.06cc87beb6f0bp+0, -0x1.c6825b33dbb95p+2, 
-0x1.3f46de998839cp+3, -0x1.0d67abeace166p+3, -0x1.907dd847ada84p+2, 
-0x1.58bf7723f720dp+3, -0x1.016f592c4b756p+3, -0x1.46a99986cf3c9p+3, 
-0x1.802ed6b10badp+3, -0x1.bdbfb29e000e5p+3, -0x1.dfa0637cc7bedp+3, 
-0x1.26b8339ca95d5p+4, -0x1.197a4db8a327cp+4, -0x1.9a197d48ee14fp+3, 
-0x1.70ec0daed752fp+3, -0x1.98b02c5cf79f3p+3, -0x1.9130f5fb93608p+3, 
-0x1.875a9cf805d12p+3, -0x1.e393537df034ap+3, -0x1.ba7652f09d1e8p+3, 
-0x1.6ed97a095124ap+3, -0x1.203a805e5699ep+3, -0x1.7ef13e85305cfp+3, 
-0x1.7b198c5d08285p+3, -0x1.0c1e9f4ed25a8p+3, -0x1.3bf5dd977709ep+3, 
-0x1.df3dd9f62435dp+1, -0x1.7cd9ffcd778fp+2, -0x1.f72e7bb229bdap+1, 
0x1.2a67e5fa3cbefp+0, 0x1.276a407d16d8cp+3, 0x1.bf0b48da1facdp+2, 
0x1.c0cf65615ddcep+2, 0x1.b6212dbdbd0a4p+2, 0x1.ea40c7960133bp+2, 
0x1.5a08e9720dd34p+3, 0x1.59d7d91b4ca82p+3, 0x1.631c6ac1630dfp+3, 
0x1.8f4ac3c0899d8p+3, 0x1.08352b2a1cab8p+4, 0x1.021cf12c7a1cdp+4, 
0x1.04af650b108d1p+4, 0x1.0924d3435b09fp+4, 0x1.ddba983b6473ep+3, 
0x1.0185a0ba5edbep+4, 0x1.009b7957bbc5fp+4, 0x1.0f67bcb1aa3a3p+4, 
0x1.2578d075f63cbp+4, 0x1.1611b2d2a0826p+4, 0x1.35415d1ef7b97p+4, 
0x1.f7c69922015afp+3, 0x1.10a8277f58a24p+4, 0x1.334823de5f24p+4, 
0x1.51a040d58d59bp+4, 0x1.1b6f959edfbffp+4, 0x1.20f3e019b5d2ap+4, 
0x1.3f0b54f9c643ep+4, 0x1.172582637584ep+4, 0x1.28226c9458053p+4, 
0x1.5a806efe9e27bp+4, 0x1.5301e90cdfbc8p+4, 0x1.51d49b5d7daf6p+4, 
0x1.5db64a94fec93p+4, 0x1.66995b44fdbe9p+4, 0x1.a2c875281b083p+4, 
0x1.af79ea9bc4e1p+4, 0x1.89d0b1cd4212ap+4, 0x1.772682d51ba0ap+4, 
0x1.7e7d90fce2cb3p+4, 0x1.839e2c162adc2p+4, 0x1.66aa9d635ebc5p+4, 
0x1.b71cc79a15bcfp+4, 0x1.c7b7bcaa7f6adp+4, 0x1.d187a94085cb1p+4, 
0x1.8ab90072cd9a3p+4, 0x1.7c78e426e94a7p+4, 0x1.6cc1faaf6be57p+4, 
0x1.9c7fd114efa12p+4, 0x1.9c297a7a5aea2p+4, 0x1.78f22b290133cp+4, 
0x1.81549e244edc1p+4, 0x1.7eb56abb79821p+4, 0x1.80bb5b56e8c5p+4, 
0x1.824236d43c27bp+4, 0x1.6907c5114f5a4p+4, 0x1.bb59f25d8c148p+4, 
0x1.986c967f25279p+4, 0x1.82ab9a329f234p+4, 0x1.681e070fe63d6p+4, 
0x1.71db186f772c1p+4, 0x1.40fd5b972fa5fp+4, 0x1.3842fd2e4a886p+4, 
0x1.5bb5f5a6271f1p+4, 0x1.27c88cd7b6ad2p+4, 0x1.2eb69bc56a6e4p+4, 
0x1.3f7b11e4892p+4, 0x1.392ba5c59cb8dp+4, 0x1.3a4656d4f0543p+4, 
0x1.3e963e539a285p+4, 0x1.26b989cb1f978p+4, 0x1.d5538af5da0fcp+2, 
-0x1.2f7a2e400b313p+5, -0x1.2a1c38877d59cp+5, -0x1.c2e16da3cadf8p+4, 
-0x1.6fbbe48dd60e6p+4, -0x1.78fa0bed551fcp+2, -0x1.eb4cfaa53a463p-3, 
-0x1.29945c90eb187p+1, -0x1.1f24405710bb9p+4, -0x1.581a44082fb3dp+3, 
-0x1.64d2df14fc501p+2, -0x1.09bf25ef84b0fp+1, -0x1.81dead49fa9ffp-1, 
-0x1.1220ac8714d94p+0, 0x1.1c20753fc137dp+3, 0x1.f36156643abd1p+3, 
0x1.8bd082a62527bp+3, 0x1.9e0f1e2775745p+3, 0x1.dd4fd14aa6658p+3, 
0x1.1a14a083e285fp+4, 0x1.f52dd752464fcp+3, 0x1.98fd4ce25a1d7p+3, 
0x1.f1a2af8f6fe22p+3, 0x1.008ef8421ef3p+4, 0x1.b4f16ec1384afp+3, 
0x1.3e818c14d97d7p+4, 0x1.290c8f902b5bdp+4, 0x1.132ece40c8d0ap+4, 
0x1.04ebb9b72c8dcp+4, 0x1.3febd5b8e5ac7p+4, 0x1.cc01c81489d86p+3, 
0x1.ce269e0497a74p+3, 0x1.358877657bd5ap+4, 0x1.4367b836a3e73p+4, 
0x1.200b6ecbeac39p+4, 0x1.3a95b0234c4ap+4, 0x1.49abb1b483daep+4, 
0x1.1fb91f9408cfdp+4, 0x1.2d364aa867344p+4, 0x1.c8bd303368511p+3, 
0x1.944055d45ad13p+3, 0x1.647e80e382556p+3, 0x1.b2ae0b1801c18p+3, 
0x1.b901044d7dc87p+3, 0x1.904b7f39f3a11p+3, 0x1.d3123b2c2cd7fp+3, 
0x1.c1fe1586c7516p+3, 0x1.2687252f9d232p+4, 0x1.0e242c968bf31p+4, 
0x1.1376b14ac8f8ap+4, 0x1.08e96e45a8b7bp+4, 0x1.e057efd8c076p+3, 
0x1.dd4dfacff4b26p+3, 0x1.e2dac46dc92a5p+3, 0x1.168255ce766cbp+4, 
0x1.da293ff371379p+3, 0x1.e48afc8964288p+3, 0x1.e789d8a08ead1p+3
)), class = "data.frame", row.names = c(NA, -273L))
