structure(list(period_id = c("1995Q1", "1995Q2", "1995Q3", "1995Q4", 
"1996Q1", "1996Q2", "1996Q3", "1996Q4", "1997Q1", "1997Q2", "1997Q3", 
"1997Q4", "1998Q1", "1998Q2", "1998Q3", "1998Q4", "1999Q1", "1999Q2", 
"1999Q3", "1999Q4", "2000Q1", "2000Q2", "2000Q3", "2000Q4", "2001Q1", 
"2001Q2", "2001Q3", "2001Q4", "2002Q1", "2002Q2", "2002Q3", "2002Q4", 
"2003Q1", "2003Q2", "2003Q3", "2003Q4", "2004Q1", "2004Q2", "2004Q3", 
"2004Q4", "2005Q1", "2005Q2", "2005Q3", "2005Q4", "2006Q1", "2006Q2", 
"2006Q3", "2006Q4", "2007Q1", "2007Q2", "2007Q3", "2007Q4", "2008Q1", 
"2008Q2", "2008Q3", "2008Q4", "2009Q1", "2009Q2", "2009Q3", "2009Q4", 
"2010Q1", "2010Q2", "2010Q3", "2010Q4", "2011Q1", "2011Q2", "2011Q3", 
"2011Q4", "2012Q1", "2012Q2", "2012Q3", "2012Q4", "2013Q1", "2013Q2", 
"2013Q3", "2013Q4", "2014Q1", "2014Q2", "2014Q3", "2014Q4", "2015Q1", 
"2015Q2", "2015Q3", "2015Q4", "2016Q1", "2016Q2", "2016Q3", "2016Q4", 
"2017Q1", "2017Q2", "2017Q3", "2017Q4", "2018Q1", "2018Q2", "2018Q3", 
"2018Q4", "2019Q1", "2019Q2", "2019Q3", "2019Q4", "2020Q1", "2020Q2", 
"2020Q3", "2020Q4", "2021Q1", "2021Q2", "2021Q3", "2021Q4", "2022Q1", 
"2022Q2", "2022Q3", "2022Q4", "2023Q1", "2023Q2", "2023Q3", "2023Q4", 
"2024Q1", "2024Q2", "2024Q3"), value = c(NA, NA, NA, NA, NA, 
NA, NA, NA, 0x1.674d50ebaade6p+1, 0x1.99ad85dfa871ap-4, -0x1.9eebb341e14bep-2, 
-0x1.54e38a7e73a36p+1, 0x1.fc1cc532a498p-1, -0x1.b4306e5cd4ed3p-3, 
-0x1.452f7f498c3b1p-1, 0x1.1207d4e09784fp-2, -0x1.1229f16b11c6dp+1, 
0x1.6f4a3c64345dp+1, -0x1.656abde3fbbd8p-3, 0x1.2441461b6d43dp+0, 
0x1.cc98f605ab3abp+0, -0x1.5aa3ad18d25eep+0, 0x1.254c985f06f69p+1, 
-0x1.fd68405b39e28p+0, -0x1.40cef672b8844p+0, -0x1.288ede54b48d4p+1, 
-0x1.d835158b827fap+0, 0x1.4c1acde19fc2bp-1, 0x1.f4af2d7f950b9p-1, 
-0x1.735d67ba237cep-2, 0x1.0f55de58e64b2p-1, 0x1.24306e5cd4ed3p+0, 
0x1.6003ab862b27dp+0, 0x1.b8e0c9d9d3459p-2, 0x1.589c90c4dec1cp+0, 
0x1.527a41e57d9dcp-1, 0x1.4c85e3da2f8bep-1, 0x1.abf505d0fa58fp+1, 
0x1.5284dfce3150ep-1, 0x1.0faca36199781p+0, -0x1.97d4e09784ec6p-2, 
-0x1.ec938583621fbp+1, -0x1.cc508b32ce896p-3, 0x1.bd5b89939218ap-1, 
0x1.a0663c74fb54ap-5, 0x1.27c286f8ad256p-1, 0x1.ac767d34df04ep+0, 
0x1.0141743e963dcp+0, 0x1.300b5ed8d36b5p+1, 0x1.3329ed3953deap+1, 
0x1.02ab4fa48301ap+1, 0x1.91a87a072d1afp+0, -0x1.f1f0c34c1a8acp-1, 
-0x1.d899bf5946c33p-3, 0x1.bc3504c48adefp-3, -0x1.3a50c5eb313bep+1, 
-0x1.fae91c8eabffdp+1, -0x1.191f687b139c9p+2, -0x1.07ce358298cc1p+2, 
-0x1.0bde8b3b32053p+2, 0x1.1f49be8ff327bp+0, 0x1.9af6b5d462c34p+1, 
0x1.4d288ce703afbp+0, 0x1.1eac5c13fd0dp+1, 0x1.c60e5a35d67bap+1, 
0x1.495cc857f3062p+0, -0x1.064a16a487336p-3, -0x1.73c45cbbc2b95p+1, 
-0x1.d483dbc23315dp+0, -0x1.43bdcf0307f24p+1, -0x1.15994e1a3f466p+1, 
-0x1.b861a60d4562ep+0, -0x1.8b85d744f5d35p+1, 0x1.a87b99d451fc5p-1, 
0x1.0f87ce95faa8bp+0, 0x1.13c17a89331a1p+1, 0x1.2ae9ab29e4d5ep+0, 
0x1.101cd5f99c38bp-1, 0x1.9d718eb895076p-1, -0x1.ad256798958dap-1, 
-0x1.64898f605ab3bp-2, 0x1.5b7281fd9ba1bp-5, 0x1.1ac98e53eb39ap-1, 
0x1.9c857f3061c7ap-1, 0x1.31876188b1141p-2, 0x1.25461b6d43d04p+0, 
0x1.3252ce032db1fp-2, 0x1.1979e16d6dc1ap-1, 0x1.fe72b884406cp-1, 
0x1.a743a647fdc59p-1, 0x1.da0ad8a11665ap-2, 0x1.66410b630a915p-1, 
0x1.cdaf294dd7236p-1, -0x1.3a4b9884c6a3cp-2, 0x1.149b951c5c572p+0, 
-0x1.44d65e4606749p-3, -0x1.7441dd1a21ea3p+0, -0x1.3ce746cb966bep+1, 
0x1.28f1d3ed527e5p-2, 0x1.4d5f99c38b04bp-5, 0x1.bcc0379314446p-2, 
0x1.d1780baa582dcp-1, -0x1.e7e57d9dba909p+1, 0x1.61a7e30878748p+1, 
-0x1.9e2e6ea854478p-2, 0x1.a10ccbc05d52cp+1, 0x1.24ed2cbea4ebep+1, 
-0x1.7f6f4be835deep+1, 0x1.fdb762d83c6c9p+1, -0x1.53ea2d2fe3f36p-2, 
-0x1.1538ac18f81e9p-1, 0x1.2b7c3504c48aep-2, -0x1.3bc6cdaf4adbcp+2, 
-0x1.6e7cf1c3265aep+1, 0x1.26bf444e0daa1p-2, 0x1.171d2e0e30447p+0, 
0x1.0351deefe4ffdp-1, 0x1.aca6117720c8dp+0, -0x1.4e1ad6451b93p+0
)), class = "data.frame", row.names = c(NA, -119L))
