structure(list(period_id = c("1995Q1", "1995Q2", "1995Q3", "1995Q4", 
"1996Q1", "1996Q2", "1996Q3", "1996Q4", "1997Q1", "1997Q2", "1997Q3", 
"1997Q4", "1998Q1", "1998Q2", "1998Q3", "1998Q4", "1999Q1", "1999Q2", 
"1999Q3", "1999Q4", "2000Q1", "2000Q2", "2000Q3", "2000Q4", "2001Q1", 
"2001Q2", "2001Q3", "2001Q4", "2002Q1", "2002Q2", "2002Q3", "2002Q4", 
"2003Q1", "2003Q2", "2003Q3", "2003Q4", "2004Q1", "2004Q2", "2004Q3", 
"2004Q4", "2005Q1", "2005Q2", "2005Q3", "2005Q4", "2006Q1", "2006Q2", 
"2006Q3", "2006Q4", "2007Q1", "2007Q2", "2007Q3", "2007Q4", "2008Q1", 
"2008Q2", "2008Q3", "2008Q4", "2009Q1", "2009Q2", "2009Q3", "2009Q4", 
"2010Q1", "2010Q2", "2010Q3", "2010Q4", "2011Q1", "2011Q2", "2011Q3", 
"2011Q4", "2012Q1", "2012Q2", "2012Q3", "2012Q4", "2013Q1", "2013Q2", 
"2013Q3", "2013Q4", "2014Q1", "2014Q2", "2014Q3", "2014Q4", "2015Q1", 
"2015Q2", "2015Q3", "2015Q4", "2016Q1", "2016Q2", "2016Q3", "2016Q4", 
"2017Q1", "2017Q2", "2017Q3", "2017Q4", "2018Q1", "2018Q2", "2018Q3", 
"2018Q4", "2019Q1", "2019Q2", "2019Q3", "2019Q4", "2020Q1", "2020Q2", 
"2020Q3", "2020Q4", "2021Q1", "2021Q2", "2021Q3", "2021Q4", "2022Q1", 
"2022Q2", "2022Q3", "2022Q4", "2023Q1", "2023Q2", "2023Q3", "2023Q4", 
"2024Q1", "2024Q2", "2024Q3"), value = c(NA, NA, NA, NA, 0x1.14c4051c9f72fp+11, 
0x1.19e038e6d15adp+11, 0x1.1d895efe93187p+11, 0x1.236be60a20147p+11, 
0x1.26dff75104d55p+11, 0x1.3bdd145f9df55p+11, 0x1.3fb2e3a5c1c61p+11, 
0x1.49fc652deca25p+11, 0x1.4d751bda5119dp+11, 0x1.50cfc47a17f41p+11, 
0x1.53b66ef3d3a1dp+11, 0x1.52c574d594f27p+11, 0x1.4f8e0c0053e2dp+11, 
0x1.50a939cd8127bp+11, 0x1.56d7ba1d323ffp+11, 0x1.64b29b1b79d91p+11, 
0x1.759f06e7e62dcp+11, 0x1.83c8a65f0f5a1p+11, 0x1.8c3fc1c8216c6p+11, 
0x1.9d491db0142f6p+11, 0x1.a63d163baba7cp+11, 0x1.9fc34ba732df5p+11, 
0x1.a85a74ddf86e4p+11, 0x1.ab9cdafd11383p+11, 0x1.bf2489d6adf72p+11, 
0x1.bf4370307f23dp+11, 0x1.c88c580c308ffp+11, 0x1.d078da038194cp+11, 
0x1.c864681cb46bbp+11, 0x1.c93a9f83be66p+11, 0x1.d65c8b8ae31d7p+11, 
0x1.de76b72e6a769p+11, 0x1.e6ea91b3f20a7p+11, 0x1.03c3553ef6b5dp+12, 
0x1.0ae93ded6ba8cp+12, 0x1.0cd651f601798p+12, 0x1.105de2d2fe3f3p+12, 
0x1.1c1fcec204f2bp+12, 0x1.2f2802bf9830ep+12, 0x1.35560214ad363p+12, 
0x1.3e7f1e4a38327p+12, 0x1.4bb00c4bd33d3p+12, 0x1.5270a3886594bp+12, 
0x1.66110cc89b0eep+12, 0x1.7477a92d55a3ap+12, 0x1.7dac1d6cf850ep+12, 
0x1.877dbb267c6b9p+12, 0x1.877c502bc72e2p+12, 0x1.9ba324f8726dp+12, 
0x1.98fb89b30728fp+12, 0x1.917a0d477bbf9p+12, 0x1.70621bf26f1dcp+12, 
0x1.432e2e008e9b4p+12, 0x1.41470cda6e76p+12, 0x1.48d9640852b4ep+12, 
0x1.53b985a708edep+12, 0x1.5b466afcce1c6p+12, 0x1.66936a9b499dp+12, 
0x1.717c06dc5d639p+12, 0x1.74b3124e160d9p+12, 0x1.81054e4217d28p+12, 
0x1.851c95cfaacdap+12, 0x1.85a6c7b24638dp+12, 0x1.88d82873bc904p+12, 
0x1.8790924074645p+12, 0x1.8a6c6a3bddfcap+12, 0x1.8a748e95faa8bp+12, 
0x1.8c4eff023e9eap+12, 0x1.8f850333fc86dp+12, 0x1.9183aec6bce85p+12, 
0x1.9656bed0f6274p+12, 0x1.9af9cd6d3b6ccp+12, 0x1.9c119c90c4decp+12, 
0x1.a338ce6299525p+12, 0x1.b2e4c3968d75ap+12, 0x1.b988d36a400fcp+12, 
0x1.ba16b57d5a9ebp+12, 0x1.bc4fe66cb1034p+12, 0x1.c373e2413db7fp+12, 
0x1.c7261c74751cep+12, 0x1.d941e2af5771p+12, 0x1.daf4ac5e2cdcp+12, 
0x1.e286c7d6f9768p+12, 0x1.e7824f13cee9ep+12, 0x1.0147126f1dc51p+13, 
0x1.04eafda5119cep+13, 0x1.10eae4e7253dap+13, 0x1.14a1471de69adp+13, 
0x1.152a13dd97f63p+13, 0x1.1a92508dd1e54p+13, 0x1.1c3d925aab474p+13, 
0x1.2312baeddce7dp+13, 0x1.260d7d438d1d9p+13, 0x1.2ab9f6cbd987cp+13, 
0x1.294fbe9f27781p+13, 0x1.260f06d3f9e7cp+13, 0x1.21d166559f6ecp+13, 
0x1.c9dc622b3892fp+12, 0x1.0ed2cf48c2e77p+13, 0x1.1e8418c8eef1cp+13, 
0x1.296b6dbc664d4p+13, 0x1.2c23b2f33ca32p+13, 0x1.30c56724b76f7p+13, 
0x1.46b0863f1412p+13, 0x1.3dbb9b9d7fd82p+13, 0x1.4896847fdc593p+13, 
0x1.57f95d18090b4p+13, 0x1.48202b5e529bbp+13, 0x1.4a6f1af31b153p+13, 
0x1.4a1c47fbacb43p+13, 0x1.3b929a1c25d07p+13, 0x1.42676471b4784p+13, 
0x1.4b71d99cbee8p+13, 0x1.490c7db445ed5p+13, 0x1.536ed5bff0457p+13
)), class = "data.frame", row.names = c(NA, -119L))
