structure(list(period_id = c("2000M01", "2000M02", "2000M03", 
"2000M04", "2000M05", "2000M06", "2000M07", "2000M08", "2000M09", 
"2000M10", "2000M11", "2000M12", "2001M01", "2001M02", "2001M03", 
"2001M04", "2001M05", "2001M06", "2001M07", "2001M08", "2001M09", 
"2001M10", "2001M11", "2001M12", "2002M01", "2002M02", "2002M03", 
"2002M04", "2002M05", "2002M06", "2002M07", "2002M08", "2002M09", 
"2002M10", "2002M11", "2002M12", "2003M01", "2003M02", "2003M03", 
"2003M04", "2003M05", "2003M06", "2003M07", "2003M08", "2003M09", 
"2003M10", "2003M11", "2003M12", "2004M01", "2004M02", "2004M03", 
"2004M04", "2004M05", "2004M06", "2004M07", "2004M08", "2004M09", 
"2004M10", "2004M11", "2004M12", "2005M01", "2005M02", "2005M03", 
"2005M04", "2005M05", "2005M06", "2005M07", "2005M08", "2005M09", 
"2005M10", "2005M11", "2005M12", "2006M01", "2006M02", "2006M03", 
"2006M04", "2006M05", "2006M06", "2006M07", "2006M08", "2006M09", 
"2006M10", "2006M11", "2006M12", "2007M01", "2007M02", "2007M03", 
"2007M04", "2007M05", "2007M06", "2007M07", "2007M08", "2007M09", 
"2007M10", "2007M11", "2007M12", "2008M01", "2008M02", "2008M03", 
"2008M04", "2008M05", "2008M06", "2008M07", "2008M08", "2008M09", 
"2008M10", "2008M11", "2008M12", "2009M01", "2009M02", "2009M03", 
"2009M04", "2009M05", "2009M06", "2009M07", "2009M08", "2009M09", 
"2009M10", "2009M11", "2009M12", "2010M01", "2010M02", "2010M03", 
"2010M04", "2010M05", "2010M06", "2010M07", "2010M08", "2010M09", 
"2010M10", "2010M11", "2010M12", "2011M01", "2011M02", "2011M03", 
"2011M04", "2011M05", "2011M06", "2011M07", "2011M08", "2011M09", 
"2011M10", "2011M11", "2011M12", "2012M01", "2012M02", "2012M03", 
"2012M04", "2012M05", "2012M06", "2012M07", "2012M08", "2012M09", 
"2012M10", "2012M11", "2012M12", "2013M01", "2013M02", "2013M03", 
"2013M04", "2013M05", "2013M06", "2013M07", "2013M08", "2013M09", 
"2013M10", "2013M11", "2013M12", "2014M01", "2014M02", "2014M03", 
"2014M04", "2014M05", "2014M06", "2014M07", "2014M08", "2014M09", 
"2014M10", "2014M11", "2014M12", "2015M01", "2015M02", "2015M03", 
"2015M04", "2015M05", "2015M06", "2015M07", "2015M08", "2015M09", 
"2015M10", "2015M11", "2015M12", "2016M01", "2016M02", "2016M03", 
"2016M04", "2016M05", "2016M06", "2016M07", "2016M08", "2016M09", 
"2016M10", "2016M11", "2016M12", "2017M01", "2017M02", "2017M03", 
"2017M04", "2017M05", "2017M06", "2017M07", "2017M08", "2017M09", 
"2017M10", "2017M11", "2017M12", "2018M01", "2018M02", "2018M03", 
"2018M04", "2018M05", "2018M06", "2018M07", "2018M08", "2018M09", 
"2018M10", "2018M11", "2018M12", "2019M01", "2019M02", "2019M03", 
"2019M04", "2019M05", "2019M06", "2019M07", "2019M08", "2019M09", 
"2019M10", "2019M11", "2019M12", "2020M01", "2020M02", "2020M03", 
"2020M04", "2020M05", "2020M06", "2020M07", "2020M08", "2020M09", 
"2020M10", "2020M11", "2020M12", "2021M01", "2021M02", "2021M03", 
"2021M04", "2021M05", "2021M06", "2021M07", "2021M08", "2021M09", 
"2021M10", "2021M11", "2021M12", "2022M01", "2022M02", "2022M03", 
"2022M04", "2022M05", "2022M06", "2022M07", "2022M08", "2022M09", 
"2022M10", "2022M11", "2022M12", "2023M01", "2023M02", "2023M03", 
"2023M04", "2023M05", "2023M06", "2023M07", "2023M08", "2023M09", 
"2023M10", "2023M11", "2023M12", "2024M01", "2024M02", "2024M03", 
"2024M04", "2024M05", "2024M06", "2024M07", "2024M08", "2024M09", 
"2024M10", "2024M11", "2024M12"), value = c(0x1.0133333333333p+6, 
0x1.04p+6, 0x1.06p+6, 0x1.0733333333333p+6, 0x1.0933333333333p+6, 
0x1.099999999999ap+6, 0x1.0cp+6, 0x1.0f33333333333p+6, 0x1.119999999999ap+6, 
0x1.14p+6, 0x1.14ccccccccccdp+6, 0x1.1533333333333p+6, 0x1.185c28f5c28f6p+6, 
0x1.1ae147ae147aep+6, 0x1.1b0a3d70a3d71p+6, 0x1.1dp+6, 0x1.1d9999999999ap+6, 
0x1.1f33333333333p+6, 0x1.207ae147ae148p+6, 0x1.20ccccccccccdp+6, 
0x1.21b851eb851ecp+6, 0x1.227ae147ae148p+6, 0x1.23147ae147ae1p+6, 
0x1.24b851eb851ecp+6, 0x1.251eb851eb852p+6, 0x1.2728f5c28f5c3p+6, 
0x1.280a3d70a3d71p+6, 0x1.289999999999ap+6, 0x1.289999999999ap+6, 
0x1.2928f5c28f5c3p+6, 0x1.2933333333333p+6, 0x1.29f5c28f5c28fp+6, 
0x1.2aae147ae147bp+6, 0x1.2b5c28f5c28f6p+6, 0x1.2c47ae147ae14p+6, 
0x1.2d1eb851eb852p+6, 0x1.2d33333333333p+6, 0x1.2b28f5c28f5c3p+6, 
0x1.2bae147ae147bp+6, 0x1.2c3d70a3d70a4p+6, 0x1.2d147ae147ae1p+6, 
0x1.2c70a3d70a3d7p+6, 0x1.2ce147ae147aep+6, 0x1.2d5c28f5c28f6p+6, 
0x1.2e47ae147ae14p+6, 0x1.2deb851eb851fp+6, 0x1.2ep+6, 0x1.2ed70a3d70a3dp+6, 
0x1.2fae147ae147bp+6, 0x1.3128f5c28f5c3p+6, 0x1.3233333333333p+6, 
0x1.328f5c28f5c29p+6, 0x1.34ae147ae147bp+6, 0x1.34e147ae147aep+6, 
0x1.355c28f5c28f6p+6, 0x1.361eb851eb852p+6, 0x1.37f5c28f5c28fp+6, 
0x1.38147ae147ae1p+6, 0x1.37c28f5c28f5cp+6, 0x1.380a3d70a3d71p+6, 
0x1.398f5c28f5c29p+6, 0x1.3ap+6, 0x1.395c28f5c28f6p+6, 0x1.3a51eb851eb85p+6, 
0x1.39e147ae147aep+6, 0x1.3a1eb851eb852p+6, 0x1.3a147ae147ae1p+6, 
0x1.3a9999999999ap+6, 0x1.3b851eb851eb8p+6, 0x1.3bf5c28f5c28fp+6, 
0x1.3c33333333333p+6, 0x1.3cc28f5c28f5cp+6, 0x1.3dp+6, 0x1.3e33333333333p+6, 
0x1.3fp+6, 0x1.3f7ae147ae148p+6, 0x1.4p+6, 0x1.4133333333333p+6, 
0x1.41b851eb851ecp+6, 0x1.41f5c28f5c28fp+6, 0x1.4433333333333p+6, 
0x1.451eb851eb852p+6, 0x1.4647ae147ae14p+6, 0x1.475c28f5c28f6p+6, 
0x1.493d70a3d70a4p+6, 0x1.4cd70a3d70a3dp+6, 0x1.4d851eb851eb8p+6, 
0x1.4e7ae147ae148p+6, 0x1.4f3d70a3d70a4p+6, 0x1.50147ae147ae1p+6, 
0x1.4fb851eb851ecp+6, 0x1.4f5c28f5c28f6p+6, 0x1.50d70a3d70a3dp+6, 
0x1.5151eb851eb85p+6, 0x1.51ccccccccccdp+6, 0x1.528f5c28f5c29p+6, 
0x1.54ae147ae147bp+6, 0x1.5828f5c28f5c3p+6, 0x1.5866666666666p+6, 
0x1.595c28f5c28f6p+6, 0x1.5b147ae147ae1p+6, 0x1.5eb851eb851ecp+6, 
0x1.603d70a3d70a4p+6, 0x1.61b851eb851ecp+6, 0x1.61147ae147ae1p+6, 
0x1.5f5c28f5c28f6p+6, 0x1.5d0a3d70a3d71p+6, 0x1.5ap+6, 0x1.5b3d70a3d70a4p+6, 
0x1.5be147ae147aep+6, 0x1.59851eb851eb8p+6, 0x1.57a3d70a3d70ap+6, 
0x1.557ae147ae148p+6, 0x1.565c28f5c28f6p+6, 0x1.55851eb851eb8p+6, 
0x1.55eb851eb851fp+6, 0x1.57147ae147ae1p+6, 0x1.57147ae147ae1p+6, 
0x1.568f5c28f5c29p+6, 0x1.55eb851eb851fp+6, 0x1.563d70a3d70a4p+6, 
0x1.57851eb851eb8p+6, 0x1.58b851eb851ecp+6, 0x1.5bp+6, 0x1.5f70a3d70a3d7p+6, 
0x1.60851eb851eb8p+6, 0x1.613d70a3d70a4p+6, 0x1.61f5c28f5c28fp+6, 
0x1.62147ae147ae1p+6, 0x1.63p+6, 0x1.63b851eb851ecp+6, 0x1.643d70a3d70a4p+6, 
0x1.68p+6, 0x1.6beb851eb851fp+6, 0x1.6d70a3d70a3d7p+6, 0x1.6eccccccccccdp+6, 
0x1.6e47ae147ae14p+6, 0x1.70147ae147ae1p+6, 0x1.6fc28f5c28f5cp+6, 
0x1.70ae147ae147bp+6, 0x1.707ae147ae148p+6, 0x1.70147ae147ae1p+6, 
0x1.70851eb851eb8p+6, 0x1.70e147ae147aep+6, 0x1.70d70a3d70a3dp+6, 
0x1.6ed70a3d70a3dp+6, 0x1.7028f5c28f5c3p+6, 0x1.71851eb851eb8p+6, 
0x1.721eb851eb852p+6, 0x1.727ae147ae148p+6, 0x1.729999999999ap+6, 
0x1.7247ae147ae14p+6, 0x1.733d70a3d70a4p+6, 0x1.73147ae147ae1p+6, 
0x1.7333333333333p+6, 0x1.7266666666666p+6, 0x1.723d70a3d70a4p+6, 
0x1.72ccccccccccdp+6, 0x1.7328f5c28f5c3p+6, 0x1.73851eb851eb8p+6, 
0x1.72f5c28f5c28fp+6, 0x1.7251eb851eb85p+6, 0x1.719999999999ap+6, 
0x1.723d70a3d70a4p+6, 0x1.71ccccccccccdp+6, 0x1.710a3d70a3d71p+6, 
0x1.70851eb851eb8p+6, 0x1.70851eb851eb8p+6, 0x1.709999999999ap+6, 
0x1.6f0a3d70a3d71p+6, 0x1.6fb851eb851ecp+6, 0x1.6e851eb851eb8p+6, 
0x1.6fp+6, 0x1.6f147ae147ae1p+6, 0x1.6f5c28f5c28f6p+6, 0x1.700a3d70a3d71p+6, 
0x1.70d70a3d70a3dp+6, 0x1.7133333333333p+6, 0x1.705c28f5c28f6p+6, 
0x1.6fe147ae147aep+6, 0x1.70147ae147ae1p+6, 0x1.6f66666666666p+6, 
0x1.71p+6, 0x1.71ccccccccccdp+6, 0x1.7147ae147ae14p+6, 0x1.70a3d70a3d70ap+6, 
0x1.6ff5c28f5c28fp+6, 0x1.6eb851eb851ecp+6, 0x1.6d28f5c28f5c3p+6, 
0x1.6d3d70a3d70a4p+6, 0x1.6bd70a3d70a3dp+6, 0x1.6ae147ae147aep+6, 
0x1.6a147ae147ae1p+6, 0x1.6951eb851eb85p+6, 0x1.69p+6, 0x1.68a3d70a3d70ap+6, 
0x1.69147ae147ae1p+6, 0x1.6966666666666p+6, 0x1.697ae147ae148p+6, 
0x1.69851eb851eb8p+6, 0x1.6a0a3d70a3d71p+6, 0x1.6af5c28f5c28fp+6, 
0x1.6b28f5c28f5c3p+6, 0x1.6c8f5c28f5c29p+6, 0x1.6eae147ae147bp+6, 
0x1.70147ae147ae1p+6, 0x1.6feb851eb851fp+6, 0x1.70c28f5c28f5cp+6, 
0x1.719999999999ap+6, 0x1.713d70a3d70a4p+6, 0x1.71c28f5c28f5cp+6, 
0x1.71f5c28f5c28fp+6, 0x1.7266666666666p+6, 0x1.7351eb851eb85p+6, 
