structure(list(period_id = c("1995Q1", "1995Q2", "1995Q3", "1995Q4", 
"1996Q1", "1996Q2", "1996Q3", "1996Q4", "1997Q1", "1997Q2", "1997Q3", 
"1997Q4", "1998Q1", "1998Q2", "1998Q3", "1998Q4", "1999Q1", "1999Q2", 
"1999Q3", "1999Q4", "2000Q1", "2000Q2", "2000Q3", "2000Q4", "2001Q1", 
"2001Q2", "2001Q3", "2001Q4", "2002Q1", "2002Q2", "2002Q3", "2002Q4", 
"2003Q1", "2003Q2", "2003Q3", "2003Q4", "2004Q1", "2004Q2", "2004Q3", 
"2004Q4", "2005Q1", "2005Q2", "2005Q3", "2005Q4", "2006Q1", "2006Q2", 
"2006Q3", "2006Q4", "2007Q1", "2007Q2", "2007Q3", "2007Q4", "2008Q1", 
"2008Q2", "2008Q3", "2008Q4", "2009Q1", "2009Q2", "2009Q3", "2009Q4", 
"2010Q1", "2010Q2", "2010Q3", "2010Q4", "2011Q1", "2011Q2", "2011Q3", 
"2011Q4", "2012Q1", "2012Q2", "2012Q3", "2012Q4", "2013Q1", "2013Q2", 
"2013Q3", "2013Q4", "2014Q1", "2014Q2", "2014Q3", "2014Q4", "2015Q1", 
"2015Q2", "2015Q3", "2015Q4", "2016Q1", "2016Q2", "2016Q3", "2016Q4", 
"2017Q1", "2017Q2", "2017Q3", "2017Q4", "2018Q1", "2018Q2", "2018Q3", 
"2018Q4", "2019Q1", "2019Q2", "2019Q3", "2019Q4", "2020Q1", "2020Q2", 
"2020Q3", "2020Q4", "2021Q1", "2021Q2", "2021Q3", "2021Q4", "2022Q1", 
"2022Q2", "2022Q3", "2022Q4", "2023Q1", "2023Q2", "2023Q3", "2023Q4", 
"2024Q1", "2024Q2", "2024Q3"), value = c(NA, NA, NA, NA, 0x1.68aa77b6bb129p+12, 
0x1.6b494a02b8412p+12, 0x1.70038123810e9p+12, 0x1.755fe99b6f5cbp+12, 
0x1.78d5334f82f51p+12, 0x1.80276694898f6p+12, 0x1.8341a4a05dd9p+12, 
0x1.8547b4aa9717ep+12, 0x1.87ad031ad2136p+12, 0x1.89c2023315d7p+12, 
0x1.8cf8c297bfa4cp+12, 0x1.9095666fd651bp+12, 0x1.958ef09e98dcep+12, 
0x1.a772a6ddf00acp+12, 0x1.9e466caab8a5dp+12, 0x1.a4220d0353719p+12, 
0x1.aa0b0a5accd53p+12, 0x1.ae79p+12, 0x1.b311ee6d9be4dp+12, 0x1.b5e3d95aaf79p+12, 
0x1.b88f0c985f06fp+12, 0x1.bc2d61437c569p+12, 0x1.be95de8f6ceffp+12, 
0x1.c10493fe1975fp+12, 0x1.c6766b0531983p+12, 0x1.c7e4800eae18bp+12, 
0x1.cc1005e0b4e12p+12, 0x1.d27e387485e3ep+12, 0x1.d2d1224031487p+12, 
0x1.d7625e108c3f4p+12, 0x1.dc4a54866a11fp+12, 0x1.dfca9cae21102p+12, 
0x1.e6bd44284dfcep+12, 0x1.ea3d663736cdfp+12, 0x1.ef2efd933e35cp+12, 
0x1.f2a0b86b15f89p+12, 0x1.f70cdfbc5de9cp+12, 0x1.fe5b1c11e42e1p+12, 
0x1.01bf83d9231c6p+13, 0x1.060668b86b16p+13, 0x1.091767c4199fep+13, 
0x1.0e5efbc126a66p+13, 0x1.13120e30caa32p+13, 0x1.191b54b6a619ep+13, 
0x1.1e23c93af74cdp+13, 0x1.225a23704790cp+13, 0x1.2832505319829p+13, 
0x1.2a451990afe61p+13, 0x1.2e590c1e364bfp+13, 0x1.313b22cc2d6aap+13, 
0x1.30c2576790321p+13, 0x1.263703e8dda49p+13, 0x1.1724421fafc8bp+13, 
0x1.14db3389b52p+13, 0x1.156ff24af0bf2p+13, 0x1.1547c4dca8e2ep+13, 
0x1.156a935c182edp+13, 0x1.18e3549cf56ebp+13, 0x1.197448f10a99bp+13, 
0x1.1aa9d37c1376dp+13, 0x1.1cf834face67dp+13, 0x1.1b0a368dfbd6ap+13, 
0x1.1adc922d948dcp+13, 0x1.1b367a5ebb774p+13, 0x1.17fe3740c4157p+13, 
0x1.1365b89acbc8cp+13, 0x1.13da3c254a3c6p+13, 0x1.0eea7ba450accp+13, 
0x1.0feb69e98dcdbp+13, 0x1.104f8d56b01p+13, 0x1.1074bad42c3cap+13, 
0x1.15ef131a08bfcp+13, 0x1.15d99d0fa58f7p+13, 0x1.187433ebbfd72p+13, 
0x1.1a1d06c22680ap+13, 0x1.1a5668a2ec28bp+13, 0x1.1c52f27fe4bcbp+13, 
0x1.1e355f90539fcp+13, 0x1.1fc4942784a94p+13, 0x1.201f9525460aap+13, 
0x1.227e213cab82p+13, 0x1.2664f4202d9cfp+13, 0x1.2951187ad080bp+13, 
0x1.2bb4491e21533p+13, 0x1.3231661e0c5a8p+13, 0x1.35e81fc115df6p+13, 
0x1.389de1abd1aa8p+13, 0x1.3ef0681344806p+13, 0x1.3ff3ea6a875d5p+13, 
0x1.4498c8c1db014p+13, 0x1.485a3331a08cp+13, 0x1.4a99b9a95421cp+13, 
0x1.4f928aa19439ep+13, 0x1.4ed7e44bf4cb2p+13, 0x1.5230fa05143bfp+13, 
0x1.53591df97aaacp+13, 0x1.47ea518c9fb61p+13, 0x1.2a636ca361998p+13, 
0x1.4c5f9d5992429p+13, 0x1.44ac508bb9064p+13, 0x1.53c0546b26bf8p+13, 
0x1.57f22548a9bdp+13, 0x1.605b2c60cbf2bp+13, 0x1.64e24b9778573p+13, 
0x1.651fd716d2aa6p+13, 0x1.675215cf2495ep+13, 0x1.66fa87136a401p+13, 
0x1.68963ec679cc7p+13, 0x1.6b82e4827b6fep+13, 0x1.6fde4a600b029p+13, 
0x1.6fed81eabbcb2p+13, 0x1.72db55c853c15p+13, 0x1.72427ea1c68ecp+13, 
0x1.727bcc8cd63ccp+13, 0x1.73b5ec1c1d6dp+13)), class = "data.frame", row.names = c(NA, 
-119L))
