structure(list(period_id = c("1995Q1", "1995Q2", "1995Q3", "1995Q4", 
"1996Q1", "1996Q2", "1996Q3", "1996Q4", "1997Q1", "1997Q2", "1997Q3", 
"1997Q4", "1998Q1", "1998Q2", "1998Q3", "1998Q4", "1999Q1", "1999Q2", 
"1999Q3", "1999Q4", "2000Q1", "2000Q2", "2000Q3", "2000Q4", "2001Q1", 
"2001Q2", "2001Q3", "2001Q4", "2002Q1", "2002Q2", "2002Q3", "2002Q4", 
"2003Q1", "2003Q2", "2003Q3", "2003Q4", "2004Q1", "2004Q2", "2004Q3", 
"2004Q4", "2005Q1", "2005Q2", "2005Q3", "2005Q4", "2006Q1", "2006Q2", 
"2006Q3", "2006Q4", "2007Q1", "2007Q2", "2007Q3", "2007Q4", "2008Q1", 
"2008Q2", "2008Q3", "2008Q4", "2009Q1", "2009Q2", "2009Q3", "2009Q4", 
"2010Q1", "2010Q2", "2010Q3", "2010Q4", "2011Q1", "2011Q2", "2011Q3", 
"2011Q4", "2012Q1", "2012Q2", "2012Q3", "2012Q4", "2013Q1", "2013Q2", 
"2013Q3", "2013Q4", "2014Q1", "2014Q2", "2014Q3", "2014Q4", "2015Q1", 
"2015Q2", "2015Q3", "2015Q4", "2016Q1", "2016Q2", "2016Q3", "2016Q4", 
"2017Q1", "2017Q2", "2017Q3", "2017Q4", "2018Q1", "2018Q2", "2018Q3", 
"2018Q4", "2019Q1", "2019Q2", "2019Q3", "2019Q4", "2020Q1", "2020Q2", 
"2020Q3", "2020Q4", "2021Q1", "2021Q2", "2021Q3", "2021Q4", "2022Q1", 
"2022Q2", "2022Q3", "2022Q4", "2023Q1", "2023Q2", "2023Q3", "2023Q4", 
"2024Q1", "2024Q2", "2024Q3"), value = c(NA, NA, NA, NA, 0x1.3fc1105186db5p+10, 
0x1.43f5aa60913a5p+10, 0x1.49c22e48e8a72p+10, 0x1.485961b6d43dp+10, 
0x1.52a8eb2d0a244p+10, 0x1.7331ceee0f3cbp+10, 0x1.778bc4ef88b97p+10, 
0x1.7a15402d16b98p+10, 0x1.83c71eb4202dap+10, 0x1.8539e25c810a5p+10, 
0x1.89d0c7c5260f6p+10, 0x1.9e608e5c4eb57p+10, 0x1.ab591da37ef5bp+10, 
0x1.f21c59f2ba9d2p+10, 0x1.a95613e81450fp+10, 0x1.bae40589acbc9p+10, 
0x1.ca62b94d94079p+10, 0x1.c36897a24894cp+10, 0x1.ce6cc254a3c64p+10, 
0x1.d16af5946c333p+10, 0x1.cdd9d91ab8e8fp+10, 0x1.d060a21a719b5p+10, 
0x1.dfbb003686a4dp+10, 0x1.d3f8897635e74p+10, 0x1.ce9c486f049aap+10, 
0x1.cb35b3dd11be7p+10, 0x1.d173584f4c6e7p+10, 0x1.e2a3d31fcd24ep+10, 
0x1.e0bda17b0f6adp+10, 0x1.ef8cd4f9c1f86p+10, 0x1.f1b0e770bd018p+10, 
0x1.f748acbc8c0cfp+10, 0x1.0502c4a4095f2p+11, 0x1.011ee516db0dep+11, 
0x1.092a8ce2d1f1dp+11, 0x1.04408bed740c4p+11, 0x1.03da92ea52ef9p+11, 
0x1.0eaf5faa8a82ap+11, 0x1.0d7ac8ecd8dbdp+11, 0x1.180fa6c5d206dp+11, 
0x1.197ae5d3996fbp+11, 0x1.20a0d460aa64cp+11, 0x1.2e237b7c7820ap+11, 
0x1.3f4d3b85e80bfp+11, 0x1.415847368ad69p+11, 0x1.4c9dbe20ccff2p+11, 
0x1.55d69d798d8a9p+11, 0x1.53637ab96f21fp+11, 0x1.7491b0b178b37p+11, 
0x1.7704566277c46p+11, 0x1.6c27200e27e0fp+11, 0x1.3de0328522ea1p+11, 
0x1.2a45995cc857fp+11, 0x1.1adb711d798d9p+11, 0x1.14e28a19c9d5ap+11, 
0x1.017dc2e33eff2p+11, 0x1.edbd969e3c969p+10, 0x1.e3bd3edd8b60fp+10, 
0x1.d5c5dd334c5dap+10, 0x1.d17f0389f83bep+10, 0x1.c9bbf2fdb8fdep+10, 
0x1.c6e836cdf266cp+10, 0x1.c2637be9856a3p+10, 0x1.bea6cb10342abp+10, 
0x1.a93c15fcc1872p+10, 0x1.a63ce1b4bb5e1p+10, 0x1.a8a502ea960b7p+10, 
0x1.8b3241fea8113p+10, 0x1.b11da2595bbbfp+10, 0x1.ad4bea8112ba1p+10, 
0x1.aaf7e4649906dp+10, 0x1.b5d16317268d3p+10, 0x1.b54fa99b6f5cbp+10, 
0x1.b73368900c522p+10, 0x1.b9a9156191149p+10, 0x1.a6cb65e460675p+10, 
0x1.ad239a8049668p+10, 0x1.ae0d367a0f909p+10, 0x1.b02c6084a515dp+10, 
0x1.b5496683c297cp+10, 0x1.8e9d9d7342edcp+10, 0x1.9f92f00abf76ap+10, 
0x1.aa5e6e9bbf0dcp+10, 0x1.b22ec4588a04dp+10, 0x1.bb627cc7d1bb5p+10, 
0x1.c4c75bc01a36ep+10, 0x1.c95b7f23cc8dep+10, 0x1.e20f852f7f499p+10, 
0x1.e477b124d099ep+10, 0x1.f379126634118p+10, 0x1.0321a2fad6cb5p+11, 
0x1.09b362f37fbfp+11, 0x1.0caffb3d8e001p+11, 0x1.0e95abd1aa822p+11, 
0x1.0b91cf69ca9efp+11, 0x1.05fcb9d5e4a38p+11, 0x1.f48978811b1d9p+10, 
0x1.c3b3be7afa722p+10, 0x1.ff3eedb7281fep+10, 0x1.037bdf1172ef1p+11, 
0x1.0c5d7e5215769p+11, 0x1.11533cdbbe015p+11, 0x1.18b8bb4916ca4p+11, 
0x1.20db495e17e35p+11, 0x1.1f1d9cdc44391p+11, 0x1.1f4dec4827b7p+11, 
0x1.2636a441fea81p+11, 0x1.2367b3a68b19ap+11, 0x1.2a1f48bc9cd3ep+11, 
0x1.2c6fc0b135979p+11, 0x1.2ffc112556d1ap+11, 0x1.2e06882cf52b9p+11, 
0x1.2adc9a91105e2p+11, 0x1.257d3dab5c39cp+11, 0x1.19ecc8c7192eap+11
)), class = "data.frame", row.names = c(NA, -119L))
